column  row  current_HV_Setting  new_HV_Setting  Voltage_change
00      00     1050.000         1050.000         +  0.000
00      01     1011.455          984.633         - 26.822
00      02      996.243          970.955         - 25.288
00      03     1013.099          998.556         - 14.543
00      04      944.777          947.272         +  2.495
00      05     1026.715         1026.235         -  0.480
00      06     1043.745         1040.973         -  2.772
00      07     1049.130         1050.000         +  0.870
00      08      980.640          965.054         - 15.586
00      09     1027.157         1037.006         +  9.849
00      10     1021.861         1017.599         -  4.262
00      11     1013.582          996.666         - 16.916
00      12     1017.256         1004.710         - 12.546
00      13     1031.912         1023.192         -  8.720
00      14     1004.815         1003.148         -  1.667
00      15     1038.168         1030.497         -  7.671
00      16     1017.734         1012.468         -  5.266
00      17     1009.048          992.588         - 16.460
00      18     1015.421          990.150         - 25.271
00      19     1012.455          991.934         - 20.521
00      20     1027.956         1011.049         - 16.907
00      21     1021.479         1000.708         - 20.771
00      22     1015.232         1016.364         +  1.132
00      23     1017.239         1002.080         - 15.159
00      24     1026.687         1022.745         -  3.942
00      25     1050.000         1045.211         -  4.789
00      26     1040.624         1046.323         +  5.699
00      27     1003.780         1002.999         -  0.781
00      28      967.907          955.081         - 12.826
00      29      990.522          981.124         -  9.398
00      30     1013.377         1036.770         + 23.393
00      31     1050.000         1034.453         - 15.547
00      32     1026.080         1008.173         - 17.907
00      33      986.485          974.071         - 12.414
00      34     1012.575          988.363         - 24.212
00      35     1016.812         1016.812         +  0.000
00      36     1048.030         1050.000         +  1.970
00      37     1030.973         1037.468         +  6.495
00      38     1020.964         1017.446         -  3.518
00      39      991.882          983.185         -  8.697
01      00      993.845          998.605         +  4.760
01      01      971.913          957.416         - 14.497
01      02     1050.000         1046.445         -  3.555
01      03      995.877          979.498         - 16.379
01      04     1012.331          994.907         - 17.424
01      05     1013.516         1023.597         + 10.081
01      06     1028.687          993.941         - 34.746
01      07     1006.091          982.250         - 23.841
01      08     1024.563         1017.804         -  6.759
01      09      998.441          981.083         - 17.358
01      10     1010.538          993.456         - 17.082
01      11     1026.130         1031.800         +  5.670
01      12     1010.148         1001.363         -  8.785
01      13     1025.709         1001.222         - 24.487
01      14     1037.996         1019.964         - 18.032
01      15      981.985          958.271         - 23.714
01      16     1021.097         1008.290         - 12.807
01      17     1023.577         1026.558         +  2.981
01      18      999.683          980.059         - 19.624
01      19     1042.626         1035.748         -  6.878
01      20     1027.197         1023.114         -  4.083
01      21     1050.000         1050.000         +  0.000
01      22     1011.541          991.936         - 19.605
01      23     1035.469         1038.801         +  3.332
01      24     1050.000         1050.000         +  0.000
01      25      996.878          972.094         - 24.784
01      26     1028.309         1032.698         +  4.389
01      27     1032.421         1038.041         +  5.620
01      28     1027.480         1022.041         -  5.439
01      29     1027.087         1017.283         -  9.804
01      30     1005.309          978.342         - 26.967
01      31     1024.225         1001.761         - 22.464
01      32     1037.879         1050.000         + 12.121
01      33     1004.800         1030.312         + 25.512
01      34     1033.957         1031.955         -  2.002
01      35      987.687          957.968         - 29.719
01      36     1007.135          988.996         - 18.139
01      37     1050.000         1043.802         -  6.198
01      38     1029.284         1010.215         - 19.069
01      39     1046.808         1027.248         - 19.560
02      00     1013.745          999.249         - 14.496
02      01     1011.239         1024.894         + 13.655
02      02     1011.725         1006.959         -  4.766
02      03      981.202          986.302         +  5.100
02      04     1047.127         1050.000         +  2.873
02      05     1045.309         1050.000         +  4.691
02      06     1020.820         1023.695         +  2.875
02      07     1026.268         1007.227         - 19.041
02      08     1020.023         1007.571         - 12.452
02      09     1008.093          989.963         - 18.130
02      10     1050.000         1050.000         +  0.000
02      11      997.453          968.236         - 29.217
02      12      997.138          973.722         - 23.416
02      13      988.867          968.978         - 19.889
02      14     1018.120          992.960         - 25.160
02      15     1050.000         1050.000         +  0.000
02      16     1019.084         1023.931         +  4.847
02      17      992.376          968.735         - 23.641
02      18     1024.371         1011.038         - 13.333
02      19      962.242          947.326         - 14.916
02      20      987.538          968.488         - 19.050
02      21     1034.320         1039.240         +  4.920
02      22      988.161          981.817         -  6.344
02      23     1013.104         1013.247         +  0.143
02      24     1019.751         1019.671         -  0.080
02      25     1028.889         1040.129         + 11.240
02      26     1018.663         1020.541         +  1.878
02      27     1006.669         1001.415         -  5.254
02      28     1011.611          984.810         - 26.801
02      29     1015.459         1002.312         - 13.147
02      30     1016.629         1012.466         -  4.163
02      31     1020.617         1011.918         -  8.699
02      32     1025.549         1012.958         - 12.591
02      33     1011.095         1005.007         -  6.088
02      34     1037.771         1038.324         +  0.553
02      35     1029.046         1007.415         - 21.631
02      36     1000.633          980.377         - 20.256
02      37     1003.879          992.626         - 11.253
02      38     1050.000         1050.000         +  0.000
02      39      980.086          968.603         - 11.483
03      00     1007.951          981.111         - 26.840
03      01     1017.788         1025.265         +  7.477
03      02     1037.938         1014.987         - 22.951
03      03     1025.178         1025.837         +  0.659
03      04     1025.761          997.246         - 28.515
03      05     1033.302         1007.741         - 25.561
03      06     1030.233         1007.558         - 22.675
03      07     1012.079          997.690         - 14.389
03      08     1023.357         1027.244         +  3.887
03      09     1004.779          993.035         - 11.744
03      10     1022.999         1011.589         - 11.410
03      11     1019.639         1001.722         - 17.917
03      12     1020.230          999.816         - 20.414
03      13     1041.704         1031.165         - 10.539
03      14     1024.117         1009.318         - 14.799
03      15     1034.699         1003.676         - 31.023
03      16     1015.352         1010.919         -  4.433
03      17     1007.459          999.018         -  8.441
03      18      998.390         1000.373         +  1.983
03      19     1032.713         1050.000         + 17.287
03      20     1017.337          984.006         - 33.331
03      21     1019.281          996.197         - 23.084
03      22     1050.000         1050.000         +  0.000
03      23     1004.947          991.685         - 13.262
03      24     1050.000         1050.000         +  0.000
03      25      999.967          996.870         -  3.097
03      26     1026.089         1014.168         - 11.921
03      27     1023.998         1030.754         +  6.756
03      28     1025.746         1022.041         -  3.705
03      29      987.791          972.721         - 15.070
03      30     1026.422         1031.606         +  5.184
03      31     1028.055         1005.797         - 22.258
03      32     1024.826         1011.886         - 12.940
03      33     1023.446         1028.816         +  5.370
03      34     1050.000         1038.616         - 11.384
03      35      990.402          962.546         - 27.856
03      36     1028.872         1033.113         +  4.241
03      37      999.302          982.705         - 16.597
03      38     1019.516         1006.885         - 12.631
03      39     1041.926         1043.450         +  1.524
04      00      962.641          961.519         -  1.122
04      01      968.037          967.629         -  0.408
04      02     1026.439         1027.002         +  0.563
04      03      981.197          967.869         - 13.328
04      04     1019.156          999.979         - 19.177
04      05     1026.748         1011.056         - 15.692
04      06     1013.685         1014.161         +  0.476
04      07     1029.083         1020.327         -  8.756
04      08     1025.760         1029.524         +  3.764
04      09      996.456          975.420         - 21.036
04      10     1039.305         1023.902         - 15.403
04      11      992.367          975.433         - 16.934
04      12     1031.643         1019.020         - 12.623
04      13     1029.892         1039.925         + 10.033
04      14     1002.287          979.118         - 23.169
04      15     1003.674          987.708         - 15.966
04      16     1050.000         1042.257         -  7.743
04      17     1042.217         1043.560         +  1.343
04      18     1023.781         1008.987         - 14.794
04      19     1006.369          990.974         - 15.395
04      20     1034.355         1006.672         - 27.683
04      21     1020.643          999.558         - 21.085
04      22      999.619          982.722         - 16.897
04      23      998.024          994.464         -  3.560
04      24     1033.327         1024.849         -  8.478
04      25      988.490         1001.490         + 13.000
04      26     1050.000         1050.000         +  0.000
04      27      987.192          972.521         - 14.671
04      28     1022.903         1022.632         -  0.271
04      29     1050.000         1034.669         - 15.331
04      30     1050.000         1050.000         +  0.000
04      31     1023.660         1025.661         +  2.001
04      32     1050.000         1050.000         +  0.000
04      33     1037.212         1042.773         +  5.561
04      34     1028.452         1039.687         + 11.235
04      35     1032.192         1037.304         +  5.112
04      36     1002.512          992.828         -  9.684
04      37     1043.756         1015.962         - 27.794
04      38     1040.939         1048.170         +  7.231
04      39      993.406          980.393         - 13.013
05      00     1025.311         1000.152         - 25.159
05      01     1017.719         1001.626         - 16.093
05      02     1007.102          999.808         -  7.294
05      03     1009.358         1001.635         -  7.723
05      04     1013.691         1005.935         -  7.756
05      05      965.972          949.385         - 16.587
05      06      973.288          955.063         - 18.225
05      07     1027.982         1036.568         +  8.586
05      08      951.508          941.868         -  9.640
05      09      992.439          978.534         - 13.905
05      10     1050.000         1050.000         +  0.000
05      11     1032.678         1026.552         -  6.126
05      12     1006.441          990.676         - 15.765
05      13     1023.588         1029.059         +  5.471
05      14      958.864          936.869         - 21.995
05      15      991.944          964.574         - 27.370
05      16      993.490          994.865         +  1.375
05      17     1050.000         1050.000         +  0.000
05      18      996.953         1002.086         +  5.133
05      19     1026.138          914.997         -111.141
05      20      990.511          995.513         +  5.002
05      21      989.214          971.753         - 17.461
05      22     1009.799          988.326         - 21.473
05      23     1029.712         1006.091         - 23.621
05      24      985.195         1016.518         + 31.323
05      25     1023.261          999.775         - 23.486
05      26     1034.432         1037.744         +  3.312
05      27     1042.033         1046.430         +  4.397
05      28     1032.566         1040.186         +  7.620
05      29     1033.072         1049.452         + 16.380
05      30     1050.000         1050.000         +  0.000
05      31     1011.259          981.384         - 29.875
05      32     1019.890         1019.890         +  0.000
05      33     1042.662         1037.485         -  5.177
05      34     1021.303         1006.614         - 14.689
05      35     1027.922         1023.064         -  4.858
05      36     1015.826         1001.174         - 14.652
05      37     1050.000         1050.000         +  0.000
05      38     1044.638         1036.782         -  7.856
05      39     1050.000         1050.000         +  0.000
06      00      994.511          994.635         +  0.124
06      01     1036.287         1023.492         - 12.795
06      02     1039.675         1040.506         +  0.831
06      03     1005.142          983.212         - 21.930
06      04     1022.042         1027.037         +  4.995
06      05      979.171          968.361         - 10.810
06      06      998.717          981.996         - 16.721
06      07     1012.268         1026.797         + 14.529
06      08      945.883          945.514         -  0.369
06      09      989.684          996.017         +  6.333
06      10      998.840          974.231         - 24.609
06      11     1015.631         1001.387         - 14.244
06      12     1019.438          993.928         - 25.510
06      13     1032.548         1041.992         +  9.444
06      14      947.530          949.548         +  2.018
06      15     1035.911         1050.000         + 14.089
06      16     1001.974          972.840         - 29.134
06      17     1012.115         1012.972         +  0.857
06      18     1031.556         1035.158         +  3.602
06      19     1027.099         1050.000         + 22.901
06      20      996.996         1002.652         +  5.656
06      21     1027.950         1019.546         -  8.404
06      22     1016.687         1009.681         -  7.006
06      23     1047.406         1049.737         +  2.331
06      24     1000.118          998.151         -  1.967
06      25     1011.689         1005.060         -  6.629
06      26     1050.000         1045.763         -  4.237
06      27     1042.638         1050.000         +  7.362
06      28     1050.000         1050.000         +  0.000
06      29      976.907          968.440         -  8.467
06      30     1015.567         1018.737         +  3.170
06      31      966.342          970.860         +  4.518
06      32     1016.861          999.495         - 17.366
06      33     1014.262         1010.338         -  3.924
06      34     1007.625         1000.741         -  6.884
06      35     1001.657          969.527         - 32.130
06      36     1050.000         1050.000         +  0.000
06      37     1020.068         1012.934         -  7.134
06      38     1026.776         1033.772         +  6.996
06      39     1050.000         1050.000         +  0.000
07      00     1030.711         1031.681         +  0.970
07      01     1032.532         1036.906         +  4.374
07      02     1022.731         1020.265         -  2.466
07      03     1024.899         1020.040         -  4.859
07      04     1025.992         1022.892         -  3.100
07      05     1041.506         1043.062         +  1.556
07      06     1031.762         1036.334         +  4.572
07      07     1021.022         1010.489         - 10.533
07      08     1017.960         1021.597         +  3.637
07      09     1032.549         1050.000         + 17.451
07      10      977.352          955.032         - 22.320
07      11     1037.943         1050.000         + 12.057
07      12     1026.976         1041.207         + 14.231
07      13      973.021          961.607         - 11.414
07      14      957.290          941.932         - 15.358
07      15      956.320          954.058         -  2.262
07      16      992.047          961.002         - 31.045
07      17     1005.924         1023.993         + 18.069
07      18     1020.971         1002.922         - 18.049
07      19     1050.000         1050.000         +  0.000
07      20     1050.000         1025.184         - 24.816
07      21     1035.703         1050.000         + 14.297
07      22     1012.964         1021.544         +  8.580
07      23     1006.271          991.070         - 15.201
07      24     1024.321         1026.796         +  2.475
07      25     1026.776         1014.328         - 12.448
07      26     1036.250         1026.597         -  9.653
07      27     1050.000         1050.000         +  0.000
07      28     1042.714         1050.000         +  7.286
07      29     1050.000         1050.000         +  0.000
07      30     1009.481          996.104         - 13.377
07      31     1014.696          993.603         - 21.093
07      32     1046.496         1050.000         +  3.504
07      33     1050.000         1050.000         +  0.000
07      34     1008.486          993.885         - 14.601
07      35     1017.018         1000.291         - 16.727
07      36     1026.000         1009.084         - 16.916
07      37     1020.286         1006.497         - 13.789
07      38     1050.000         1050.000         +  0.000
07      39     1033.837         1030.714         -  3.123
08      00     1021.189         1013.823         -  7.366
08      01     1023.548         1015.881         -  7.667
08      02     1050.000         1029.828         - 20.172
08      03     1026.793         1011.086         - 15.707
08      04      987.231          982.743         -  4.488
08      05      981.084          960.386         - 20.698
08      06     1027.281         1031.766         +  4.485
08      07      994.063          968.350         - 25.713
08      08     1047.295         1024.017         - 23.278
08      09     1003.984          974.324         - 29.660
08      10     1050.000         1050.000         +  0.000
08      11     1005.513          993.591         - 11.922
08      12     1035.289         1016.560         - 18.729
08      13     1018.416         1005.458         - 12.958
08      14      973.743          948.640         - 25.103
08      15     1034.243         1008.260         - 25.983
08      16     1050.000         1050.000         +  0.000
08      17     1001.335          989.041         - 12.294
08      18     1050.000         1050.000         +  0.000
08      19     1002.249         1006.527         +  4.278
08      20     1016.790         1013.935         -  2.855
08      21     1008.911         1008.157         -  0.754
08      22     1050.000         1050.000         +  0.000
08      23     1050.000         1046.350         -  3.650
08      24     1024.959         1026.799         +  1.840
08      25     1020.653         1021.952         +  1.299
08      26     1025.100         1034.129         +  9.029
08      27     1050.000         1050.000         +  0.000
08      28     1030.120         1050.000         + 19.880
08      29     1042.407         1049.371         +  6.964
08      30     1047.675         1050.000         +  2.325
08      31     1036.348         1040.050         +  3.702
08      32      981.841          961.190         - 20.651
08      33     1024.544         1013.567         - 10.977
08      34     1000.773          980.958         - 19.815
08      35     1029.490         1012.170         - 17.320
08      36     1050.000         1050.000         +  0.000
08      37     1031.558         1019.457         - 12.101
08      38     1044.644         1050.000         +  5.356
08      39     1024.917         1024.183         -  0.734
09      00     1008.661         1019.697         + 11.036
09      01     1009.235          990.364         - 18.871
09      02      996.537          995.529         -  1.008
09      03     1035.231         1014.909         - 20.322
09      04     1026.222          998.656         - 27.566
09      05      954.303          940.513         - 13.790
09      06     1018.879         1000.353         - 18.526
09      07     1005.895          980.674         - 25.221
09      08     1010.478          997.172         - 13.306
09      09     1050.000         1049.231         -  0.769
09      10     1050.000         1050.000         +  0.000
09      11     1023.454         1034.195         + 10.741
09      12     1016.497          992.268         - 24.229
09      13      971.946          956.406         - 15.540
09      14     1019.506         1011.899         -  7.607
09      15     1050.000         1047.484         -  2.516
09      16     1008.993          992.344         - 16.649
09      17     1031.560         1023.682         -  7.878
09      18     1019.193         1007.237         - 11.956
09      19     1021.620         1018.254         -  3.366
09      20     1031.786         1025.010         -  6.776
09      21     1026.097         1016.789         -  9.308
09      22     1001.705          982.896         - 18.809
09      23     1009.728          994.516         - 15.212
09      24     1050.000         1050.000         +  0.000
09      25     1050.000         1050.000         +  0.000
09      26     1042.714         1026.085         - 16.629
09      27     1030.402         1000.294         - 30.108
09      28     1050.000         1037.300         - 12.700
09      29     1050.000         1050.000         +  0.000
09      30     1050.000         1042.426         -  7.574
09      31     1031.992         1014.092         - 17.900
09      32     1005.569         1008.450         +  2.881
09      33     1035.918         1049.578         + 13.660
09      34     1023.169         1014.256         -  8.913
09      35     1024.135         1014.565         -  9.570
09      36     1041.983         1017.396         - 24.587
09      37      982.477          967.381         - 15.096
09      38     1050.000         1050.000         +  0.000
09      39     1040.131         1038.613         -  1.518
10      00     1050.000         1050.000         +  0.000
10      01     1002.926          989.886         - 13.040
10      02     1026.221         1012.210         - 14.011
10      03      970.119          966.732         -  3.387
10      04      992.107          978.850         - 13.257
10      05     1033.089         1050.000         + 16.911
10      06     1012.706         1019.893         +  7.187
10      07     1050.000         1030.824         - 19.176
10      08     1000.640          999.845         -  0.795
10      09      971.853          951.362         - 20.491
10      10      899.422          878.996         - 20.426
10      11      862.037          849.840         - 12.197
10      12      867.224          848.928         - 18.296
10      13      854.560          835.512         - 19.048
10      14      849.396          820.940         - 28.456
10      15      874.056          861.821         - 12.235
10      16      867.776          854.655         - 13.121
10      17      904.295          876.294         - 28.001
10      18      909.975          898.257         - 11.718
10      19      895.673          889.633         -  6.040
10      20      884.280          866.506         - 17.774
10      21      866.550          861.641         -  4.909
10      22      910.437          892.363         - 18.074
10      23      876.855          883.077         +  6.222
10      24      921.605          904.203         - 17.402
10      25      921.393          901.350         - 20.043
10      26      861.376          846.263         - 15.113
10      27      892.764          866.304         - 26.460
10      28      868.105          866.264         -  1.841
10      29      948.190          924.959         - 23.231
10      30     1041.412         1048.007         +  6.595
10      31     1004.324          984.268         - 20.056
10      32     1046.567         1050.000         +  3.433
10      33     1018.320         1019.102         +  0.782
10      34     1017.137          991.331         - 25.806
10      35     1000.870          986.819         - 14.051
10      36     1021.145         1016.426         -  4.719
10      37     1001.626          984.937         - 16.689
10      38     1040.508         1027.196         - 13.312
10      39     1028.191         1013.108         - 15.083
11      00     1050.000         1045.368         -  4.632
11      01     1023.538         1030.529         +  6.991
11      02     1006.487          987.138         - 19.349
11      03     1030.554         1002.407         - 28.147
11      04     1026.992         1022.879         -  4.113
11      05     1039.669         1040.927         +  1.258
11      06      984.092          961.518         - 22.574
11      07     1039.096         1049.414         + 10.318
11      08     1021.617         1002.960         - 18.657
11      09     1017.525          995.822         - 21.703
11      10      957.826          928.994         - 28.832
11      11      882.942          865.667         - 17.275
11      12      848.618          824.076         - 24.542
11      13      867.100          847.507         - 19.593
11      14      832.674          805.326         - 27.348
11      15      843.296          815.834         - 27.462
11      16      905.065          890.753         - 14.312
11      17      875.584          853.815         - 21.769
11      18      865.434          851.212         - 14.222
11      19      874.632          854.027         - 20.605
11      20      872.220          859.401         - 12.819
11      21      887.665          880.576         -  7.089
11      22      895.870          896.122         +  0.252
11      23      845.195          821.833         - 23.362
11      24      854.898          860.638         +  5.740
11      25      878.015          854.344         - 23.671
11      26      931.099          926.198         -  4.901
11      27      891.919          874.050         - 17.869
11      28      878.232          872.633         -  5.599
11      29      884.976          868.033         - 16.943
11      30     1021.462         1008.993         - 12.469
11      31     1050.000         1050.000         +  0.000
11      32     1039.805         1048.035         +  8.230
11      33     1001.645          978.605         - 23.040
11      34     1046.536         1050.000         +  3.464
11      35     1011.789          993.445         - 18.344
11      36      994.572          986.962         -  7.610
11      37     1031.466         1007.062         - 24.404
11      38     1050.000         1049.085         -  0.915
11      39     1029.956         1018.542         - 11.414
12      00     1040.913         1045.440         +  4.527
12      01     1020.220          999.634         - 20.586
12      02     1050.000         1035.984         - 14.016
12      03     1016.370          992.234         - 24.136
12      04     1012.512         1009.422         -  3.090
12      05     1009.229          981.738         - 27.491
12      06     1015.612         1005.004         - 10.608
12      07      991.732          971.902         - 19.830
12      08     1036.648         1037.086         +  0.438
12      09      993.053          974.079         - 18.974
12      10      882.136          872.061         - 10.075
12      11      896.097          874.255         - 21.842
12      12      830.562          806.313         - 24.249
12      13      829.883          801.634         - 28.249
12      14      840.941          834.042         -  6.899
12      15      887.256          870.432         - 16.824
12      16      913.894          892.872         - 21.022
12      17      886.881          872.390         - 14.491
12      18      886.566          879.035         -  7.531
12      19      870.287          855.669         - 14.618
12      20      922.103          898.708         - 23.395
12      21      874.892          867.765         -  7.127
12      22      872.305          857.105         - 15.200
12      23      883.729          895.460         + 11.731
12      24      866.758          850.940         - 15.818
12      25      919.165          900.522         - 18.643
12      26      842.753          825.180         - 17.573
12      27      909.165          900.800         -  8.365
12      28      901.978          881.827         - 20.151
12      29      940.184          919.816         - 20.368
12      30     1050.000         1050.000         +  0.000
12      31     1015.610          992.881         - 22.729
12      32     1028.931         1019.449         -  9.482
12      33     1020.409         1006.168         - 14.241
12      34     1045.806         1046.166         +  0.360
12      35     1050.000         1048.128         -  1.872
12      36     1030.976         1019.900         - 11.076
12      37     1043.986         1034.726         -  9.260
12      38     1017.076         1008.334         -  8.742
12      39     1028.425         1015.139         - 13.286
13      00     1014.786         1006.269         -  8.517
13      01      999.573          990.664         -  8.909
13      02     1004.767         1003.022         -  1.745
13      03     1013.521          994.476         - 19.045
13      04     1028.552         1040.464         + 11.912
13      05      995.245          977.743         - 17.502
13      06     1012.215          984.212         - 28.003
13      07     1019.513         1005.538         - 13.975
13      08     1037.213         1026.764         - 10.449
13      09      951.585          936.589         - 14.996
13      10      877.189          867.455         -  9.734
13      11      867.008          846.594         - 20.414
13      12      865.329          850.308         - 15.021
13      13      863.129          842.871         - 20.258
13      14      855.041          825.916         - 29.125
13      15      876.533          856.872         - 19.661
13      16      887.866          867.646         - 20.220
13      17      879.522          868.810         - 10.712
13      18      897.206          877.013         - 20.193
13      19      861.676          837.973         - 23.703
13      20      853.397          838.788         - 14.609
13      21      907.093          889.821         - 17.272
13      22      855.332          835.354         - 19.978
13      23      921.154          918.119         -  3.035
13      24      944.616          928.446         - 16.170
13      25      886.197          879.636         -  6.561
13      26      862.946          848.301         - 14.645
13      27      916.823          905.349         - 11.474
13      28      859.420          864.084         +  4.664
13      29      895.811          865.359         - 30.452
13      30     1037.665         1001.656         - 36.009
13      31     1050.000         1049.803         -  0.197
13      32     1050.000         1050.000         +  0.000
13      33     1048.146         1042.099         -  6.047
13      34     1042.123         1030.736         - 11.387
13      35     1012.073         1001.229         - 10.844
13      36     1017.282         1009.632         -  7.650
13      37     1035.664         1010.783         - 24.881
13      38     1013.550         1002.117         - 11.433
13      39     1004.848         1025.867         + 21.019
14      00     1006.875          995.987         - 10.888
14      01     1022.115         1029.368         +  7.253
14      02     1015.705         1009.740         -  5.965
14      03     1018.223          998.782         - 19.441
14      04     1034.430         1041.118         +  6.688
14      05     1022.745          999.336         - 23.409
14      06     1043.003         1041.916         -  1.087
14      07     1021.165         1033.257         + 12.092
14      08     1039.782         1025.357         - 14.425
14      09     1008.857          997.520         - 11.337
14      10      840.258          814.101         - 26.157
14      11      881.920          858.901         - 23.019
14      12      866.086          845.617         - 20.469
14      13      858.638          841.268         - 17.370
14      14      921.889          898.419         - 23.470
14      15      883.287          868.831         - 14.456
14      16      860.506          836.877         - 23.629
14      17      884.399          878.188         -  6.211
14      18      883.456          858.544         - 24.912
14      19      906.579          886.974         - 19.605
14      20      893.160          877.799         - 15.361
14      21      901.999          883.576         - 18.423
14      22      886.234          865.210         - 21.024
14      23      868.897          853.965         - 14.932
14      24      969.512          981.397         + 11.885
14      25      857.803          835.647         - 22.156
14      26      879.752          861.225         - 18.527
14      27      926.653          931.348         +  4.695
14      28      894.420          924.594         + 30.174
14      29      942.053          918.679         - 23.374
14      30     1008.392          992.761         - 15.631
14      31     1016.716          997.130         - 19.586
14      32     1050.000         1050.000         +  0.000
14      33     1049.795         1044.473         -  5.322
14      34     1018.330         1025.083         +  6.753
14      35     1016.017         1002.539         - 13.478
14      36     1021.584         1005.915         - 15.669
14      37     1009.165         1003.928         -  5.237
14      38     1007.125          990.818         - 16.307
14      39     1050.000         1050.000         +  0.000
15      00      981.262          962.051         - 19.211
15      01     1014.053          989.844         - 24.209
15      02     1000.758         1007.627         +  6.869
15      03      972.156          971.565         -  0.591
15      04     1014.501         1009.782         -  4.719
15      05     1019.377         1022.953         +  3.576
15      06     1018.423         1002.996         - 15.427
15      07     1031.539         1021.619         -  9.920
15      08     1050.000         1050.000         +  0.000
15      09     1001.950          984.437         - 17.513
15      10      902.232          880.297         - 21.935
15      11      884.702          866.426         - 18.276
15      12      862.484          841.883         - 20.601
15      13      890.778          874.487         - 16.291
15      14      883.140          843.215         - 39.925
15      15      847.618          839.285         -  8.333
15      16      899.909          897.259         -  2.650
15      17      907.135          884.888         - 22.247
15      18      893.554          873.363         - 20.191
15      19      912.951          898.453         - 14.498
15      20      867.457          845.491         - 21.966
15      21      893.205          881.307         - 11.898
15      22      905.899          892.833         - 13.066
15      23      871.256          849.183         - 22.073
15      24      858.405          844.391         - 14.014
15      25      903.965          887.648         - 16.317
15      26      852.214          825.285         - 26.929
15      27      879.646          875.291         -  4.355
15      28      919.770          906.479         - 13.291
15      29      881.212          868.092         - 13.120
15      30     1013.184         1013.342         +  0.158
15      31      950.404          935.375         - 15.029
15      32     1031.014         1035.431         +  4.417
15      33     1011.324         1005.986         -  5.338
15      34     1024.888         1014.344         - 10.544
15      35     1009.821          992.914         - 16.907
15      36     1014.678          994.733         - 19.945
15      37     1016.205         1007.470         -  8.735
15      38     1016.423         1050.000         + 33.577
15      39     1045.517         1036.485         -  9.032
16      00     1025.482         1000.884         - 24.598
16      01     1034.015         1033.322         -  0.693
16      02     1023.959         1011.904         - 12.055
16      03      988.899          968.534         - 20.365
16      04     1011.535         1007.606         -  3.929
16      05      997.573          984.713         - 12.860
16      06     1019.274         1012.655         -  6.619
16      07     1030.976         1029.503         -  1.473
16      08     1023.189         1020.082         -  3.107
16      09      971.592          956.677         - 14.915
16      10      885.809          877.850         -  7.959
16      11      920.289          898.215         - 22.074
16      12      877.058          856.307         - 20.751
16      13      888.929          873.665         - 15.264
16      14      872.471          851.303         - 21.168
16      15      875.261          858.458         - 16.803
16      16      884.192          871.427         - 12.765
16      17      924.751          896.465         - 28.286
16      18      889.739          879.040         - 10.699
16      19      853.949          837.544         - 16.405
16      20      839.381          813.390         - 25.991
16      21      920.863          881.867         - 38.996
16      22      855.803          835.706         - 20.097
16      23      923.411          926.635         +  3.224
16      24      914.025          897.879         - 16.146
16      25      941.085          924.611         - 16.474
16      26      936.688          932.331         -  4.357
16      27      923.677          898.157         - 25.520
16      28      888.968          900.316         + 11.348
16      29      948.531          931.259         - 17.272
16      30     1050.000         1050.000         +  0.000
16      31     1050.000         1038.765         - 11.235
16      32     1041.403         1035.596         -  5.807
16      33     1038.720         1029.612         -  9.108
16      34     1018.327          997.515         - 20.812
16      35     1020.543         1024.453         +  3.910
16      36     1017.678         1029.199         + 11.521
16      37     1050.000         1050.000         +  0.000
16      38     1028.849         1028.672         -  0.177
16      39     1014.997          997.135         - 17.862
17      00      974.440          951.373         - 23.067
17      01     1017.755         1021.325         +  3.570
17      02     1041.347         1014.617         - 26.730
17      03      986.750          967.444         - 19.306
17      04     1025.903         1017.546         -  8.357
17      05     1015.626         1013.286         -  2.340
17      06     1045.208         1021.630         - 23.578
17      07     1025.962         1032.544         +  6.582
17      08     1018.945         1003.983         - 14.962
17      09      978.447          958.297         - 20.150
17      10      837.363          810.630         - 26.733
17      11      929.926          910.283         - 19.643
17      12      938.862          914.774         - 24.088
17      13      868.136          846.563         - 21.573
17      14      941.409          920.979         - 20.430
17      15      868.165          860.327         -  7.838
17      16      886.868          869.400         - 17.468
17      17      902.538          887.439         - 15.099
17      18      835.325          812.846         - 22.479
17      19      871.615          842.978         - 28.637
17      20      903.618          890.387         - 13.231
17      21      916.668          909.334         -  7.334
17      22      899.134          874.237         - 24.897
17      23      876.747          864.511         - 12.236
17      24      839.752          811.832         - 27.920
17      25      884.176          866.117         - 18.059
17      26      882.111          892.572         + 10.461
17      27      844.912          824.890         - 20.022
17      28      906.179          904.202         -  1.977
17      29      854.940          840.042         - 14.898
17      30     1050.000         1050.000         +  0.000
17      31     1043.367         1027.180         - 16.187
17      32     1044.339         1039.029         -  5.310
17      33     1050.000         1050.000         +  0.000
17      34      998.395          979.162         - 19.233
17      35     1030.823         1028.275         -  2.548
17      36     1020.807         1016.396         -  4.411
17      37     1008.232          979.704         - 28.528
17      38     1021.371         1019.912         -  1.459
17      39     1029.729         1017.288         - 12.441
18      00     1003.472          989.440         - 14.032
18      01     1027.592         1015.972         - 11.620
18      02     1002.859          986.149         - 16.710
18      03     1012.409         1016.533         +  4.124
18      04      954.437          933.834         - 20.603
18      05     1002.947          985.150         - 17.797
18      06     1021.824         1024.473         +  2.649
18      07     1005.986          986.752         - 19.234
18      08     1020.857         1013.269         -  7.588
18      09      992.179          974.494         - 17.685
18      10      890.609          864.639         - 25.970
18      11      892.437          881.405         - 11.032
18      12      848.535          826.681         - 21.854
18      13      904.570          909.316         +  4.746
18      14      924.702          893.278         - 31.424
18      15      835.999          809.338         - 26.661
18      16      939.277          918.772         - 20.505
18      17      877.403          883.644         +  6.241
18      18      880.202          850.947         - 29.255
18      19      852.607          826.790         - 25.817
18      20      943.987          918.239         - 25.748
18      21      908.657          888.716         - 19.941
18      22      839.714          813.624         - 26.090
18      23      863.202          850.150         - 13.052
18      24      914.928          898.292         - 16.636
18      25      915.390          895.830         - 19.560
18      26      897.923          890.660         -  7.263
18      27      897.672          875.433         - 22.239
18      28      907.699          893.592         - 14.107
18      29      891.016          882.741         -  8.275
18      30     1019.902         1009.177         - 10.725
18      31     1035.356         1045.072         +  9.716
18      32     1029.142         1050.000         + 20.858
18      33     1033.052         1021.050         - 12.002
18      34     1050.000         1050.000         +  0.000
18      35     1005.401          997.445         -  7.956
18      36     1024.918          996.178         - 28.740
18      37     1000.392          982.534         - 17.858
18      38     1050.000         1050.000         +  0.000
18      39     1050.000         1050.000         +  0.000
19      00      974.032          968.167         -  5.865
19      01      995.237          977.154         - 18.083
19      02     1018.411         1012.294         -  6.117
19      03      992.343          980.758         - 11.585
19      04     1045.828         1038.039         -  7.789
19      05     1021.882          994.271         - 27.611
19      06     1024.424         1007.561         - 16.863
19      07      992.330          973.045         - 19.285
19      08     1042.011         1033.417         -  8.594
19      09     1002.395          983.256         - 19.139
19      10      898.943          885.940         - 13.003
19      11      864.430          865.380         +  0.950
19      12      888.499          868.932         - 19.567
19      13      876.072          863.725         - 12.347
19      14      891.538          862.246         - 29.292
19      15      874.821          857.066         - 17.755
19      16      863.925          839.637         - 24.288
19      17      887.913          878.249         -  9.664
19      18      844.521          825.460         - 19.061
19      21      879.132          862.786         - 16.346
19      22      874.917          849.624         - 25.293
19      23      863.117          839.890         - 23.227
19      24      910.596          898.630         - 11.966
19      25      894.673          885.711         -  8.962
19      26      867.700          852.118         - 15.582
19      27      875.187          874.982         -  0.205
19      28      849.692          828.060         - 21.632
19      29      876.879          866.691         - 10.188
19      30     1042.300         1044.188         +  1.888
19      31     1002.839          988.444         - 14.395
19      32     1050.000         1050.000         +  0.000
19      33     1037.861         1025.046         - 12.815
19      34     1050.000         1030.950         - 19.050
19      35     1027.243         1020.361         -  6.882
19      36     1016.097         1000.789         - 15.308
19      37     1042.811         1029.354         - 13.457
19      38     1027.468         1021.922         -  5.546
19      39     1050.000         1050.000         +  0.000
20      00     1021.517         1008.847         - 12.670
20      01     1029.724         1026.598         -  3.126
20      02     1027.077         1016.102         - 10.975
20      03     1034.622         1025.058         -  9.564
20      04     1037.979         1050.000         + 12.021
20      05     1029.392         1019.862         -  9.530
20      06     1003.469         1008.373         +  4.904
20      07     1019.735         1009.229         - 10.506
20      08     1047.696         1050.000         +  2.304
20      09     1014.000          996.385         - 17.615
20      10      875.645          853.799         - 21.846
20      11      865.594          865.513         -  0.081
20      12      860.756          829.420         - 31.336
20      13      889.463          878.047         - 11.416
20      14      926.519          920.694         -  5.825
20      15      852.138          822.519         - 29.619
20      16      901.490          881.949         - 19.541
20      17      884.658          876.480         -  8.178
20      18      867.470          843.156         - 24.314
20      21      908.742          892.762         - 15.980
20      22      895.658          882.961         - 12.697
20      23      837.661          806.783         - 30.878
20      24      917.641          899.591         - 18.050
20      25      891.619          870.199         - 21.420
20      26      925.271          899.988         - 25.283
20      27      884.303          878.184         -  6.119
20      28      870.514          846.336         - 24.178
20      29      852.214          834.598         - 17.616
20      30     1001.653         1002.533         +  0.880
20      31     1001.859          979.553         - 22.306
20      32     1028.468         1034.913         +  6.445
20      33     1004.364         1050.000         + 45.636
20      34     1034.608         1027.585         -  7.023
20      35     1022.089          998.579         - 23.510
20      36     1016.763         1015.735         -  1.028
20      37      984.323          970.518         - 13.805
20      38     1032.183         1033.122         +  0.939
20      39     1045.656         1050.000         +  4.344
21      00      989.236          967.920         - 21.316
21      01     1013.091         1011.628         -  1.463
21      02     1002.646          986.615         - 16.031
21      03     1023.129         1033.079         +  9.950
21      04     1050.000         1044.881         -  5.119
21      05      968.019          945.949         - 22.070
21      06      976.870          953.328         - 23.542
21      07     1025.417         1011.757         - 13.660
21      08     1016.708         1001.169         - 15.539
21      09     1001.561          965.684         - 35.877
21      10      972.175          937.723         - 34.452
21      11      898.704          877.102         - 21.602
21      12      896.693          882.830         - 13.863
21      13      921.260          897.374         - 23.886
21      14      908.841          901.292         -  7.549
21      15      858.417          835.495         - 22.922
21      16      900.285          888.168         - 12.117
21      17      921.102          893.649         - 27.453
21      18      910.167          891.766         - 18.401
21      19      830.330          803.483         - 26.847
21      20      864.901          833.385         - 31.516
21      21      877.893          863.797         - 14.096
21      22      903.665          884.681         - 18.984
21      23      893.900          874.983         - 18.917
21      24      855.885          840.334         - 15.551
21      25      946.942          933.038         - 13.904
21      26      875.788          864.279         - 11.509
21      27      841.009          815.066         - 25.943
21      28      882.940          872.868         - 10.072
21      29      883.652          869.679         - 13.973
21      30     1023.285         1007.673         - 15.612
21      31     1032.014         1050.000         + 17.986
21      32     1038.717         1042.444         +  3.727
21      33     1029.862         1043.443         + 13.581
21      34     1017.332         1010.951         -  6.381
21      35     1007.550         1014.733         +  7.183
21      36      995.997          997.170         +  1.173
21      37     1050.000         1033.127         - 16.873
21      38     1014.498         1024.260         +  9.762
21      39     1018.896         1015.648         -  3.248
22      00     1015.862         1005.787         - 10.075
22      01     1023.565         1023.134         -  0.431
22      02     1019.031         1012.399         -  6.632
22      03     1013.519          994.328         - 19.191
22      04     1035.869         1010.387         - 25.482
22      05     1009.208         1004.605         -  4.603
22      06     1020.525         1016.838         -  3.687
22      07      947.190          922.573         - 24.617
22      08     1019.999         1013.361         -  6.638
22      09      972.247          949.612         - 22.635
22      10      872.994          852.472         - 20.522
22      11      900.012          882.062         - 17.950
22      12      912.724          896.104         - 16.620
22      13      851.370          829.264         - 22.106
22      14      901.936          898.623         -  3.313
22      15      864.171          841.797         - 22.374
22      16      845.498          821.554         - 23.944
22      17      881.868          861.829         - 20.039
22      18      859.962          836.915         - 23.047
22      19      917.551          909.903         -  7.648
22      20      870.311          857.484         - 12.827
22      21      851.015          836.334         - 14.681
22      22      859.022          849.672         -  9.350
22      23      936.157          922.578         - 13.579
22      24      928.909          954.107         + 25.198
22      25      901.122          904.691         +  3.569
22      26      928.878          909.305         - 19.573
22      27      846.660          820.813         - 25.847
22      28      887.269          872.688         - 14.581
22      29      910.766          909.845         -  0.921
22      30     1024.385         1012.642         - 11.743
22      31     1035.274         1035.728         +  0.454
22      32     1035.349         1030.409         -  4.940
22      33     1020.117         1013.163         -  6.954
22      34     1026.008         1019.618         -  6.390
22      35      995.705         1029.632         + 33.927
22      36     1015.638         1000.281         - 15.357
22      37      991.916          991.390         -  0.526
22      38     1016.812         1000.665         - 16.147
22      39     1022.988         1030.760         +  7.772
23      00     1050.000         1040.053         -  9.947
23      01     1024.441         1032.361         +  7.920
23      02     1050.000         1050.000         +  0.000
23      03     1015.088          976.365         - 38.723
23      04      998.077          974.841         - 23.236
23      05     1012.222         1016.001         +  3.779
23      06     1019.318         1023.752         +  4.434
23      07      988.371          974.536         - 13.835
23      08     1033.398         1005.047         - 28.351
23      09      949.608          932.947         - 16.661
23      10      883.590          855.288         - 28.302
23      11      883.793          871.947         - 11.846
23      12      932.918          910.283         - 22.635
23      13      942.240          923.768         - 18.472
23      14      883.408          873.231         - 10.177
23      15      937.588          910.969         - 26.619
23      16      867.827          856.195         - 11.632
23      17      888.262          870.802         - 17.460
23      18      883.191          878.700         -  4.491
23      19      840.354          824.342         - 16.012
23      20      861.604          840.570         - 21.034
23      21      872.904          854.005         - 18.899
23      22      866.778          854.693         - 12.085
23      23      897.841          883.219         - 14.622
23      24      876.071          858.610         - 17.461
23      25      860.696          844.512         - 16.184
23      26      857.919          846.788         - 11.131
23      27      880.234          878.206         -  2.028
23      28      869.682          849.270         - 20.412
23      29      918.809          904.766         - 14.043
23      30     1009.627          997.670         - 11.957
23      31     1050.000         1050.000         +  0.000
23      32     1029.289         1033.833         +  4.544
23      33     1021.825         1049.260         + 27.435
23      34     1010.682          990.525         - 20.157
23      35     1008.049         1011.455         +  3.406
23      36     1034.322         1031.923         -  2.399
23      37     1019.071         1028.150         +  9.079
23      38     1015.418         1011.259         -  4.159
23      39     1050.000         1050.000         +  0.000
24      00     1050.000         1050.000         +  0.000
24      01     1000.741          989.382         - 11.359
24      02      977.411          958.852         - 18.559
24      03     1040.743         1028.564         - 12.179
24      04     1016.637         1008.282         -  8.355
24      05     1017.839         1008.021         -  9.818
24      06     1019.798         1011.224         -  8.574
24      07     1032.590         1026.556         -  6.034
24      08     1011.075         1004.212         -  6.863
24      09     1018.784          999.292         - 19.492
24      10      877.476          857.850         - 19.626
24      11      859.538          835.498         - 24.040
24      12      884.299          864.757         - 19.542
24      13      916.686          896.816         - 19.870
24      14      887.689          866.063         - 21.626
24      15      890.716          861.585         - 29.131
24      16      849.375          817.894         - 31.481
24      17      910.362          902.222         -  8.140
24      18      873.720          855.005         - 18.715
24      19      876.560          862.758         - 13.802
24      20      881.389          864.364         - 17.025
24      21      892.105          886.575         -  5.530
24      22      873.202          853.404         - 19.798
24      23      886.573          873.774         - 12.799
24      24      898.629          877.289         - 21.340
24      25      847.951          822.356         - 25.595
24      26      946.740          940.914         -  5.826
24      27      863.128          850.572         - 12.556
24      28      941.691          919.281         - 22.410
24      29      891.113          876.074         - 15.039
24      30     1050.000         1050.000         +  0.000
24      31     1010.237         1001.802         -  8.435
24      32     1030.100         1034.514         +  4.414
24      33      982.203          964.735         - 17.468
24      34     1020.309         1003.665         - 16.644
24      35     1039.328         1050.000         + 10.672
24      36     1030.553         1050.000         + 19.447
24      37     1018.223         1012.183         -  6.040
24      38     1050.000         1044.301         -  5.699
24      39     1030.129         1033.975         +  3.846
25      00      978.895          970.015         -  8.880
25      01     1050.000         1050.000         +  0.000
25      02      981.983          968.576         - 13.407
25      03      995.155         1002.366         +  7.211
25      04     1007.692          990.591         - 17.101
25      05     1036.180         1037.107         +  0.927
25      06      991.748          982.937         -  8.811
25      07     1006.895          970.623         - 36.272
25      08     1050.000         1044.551         -  5.449
25      09     1032.615         1036.939         +  4.324
25      10      834.331          800.000         - 34.331
25      11      884.050          893.130         +  9.080
25      12      887.155          871.720         - 15.435
25      13      882.103          867.003         - 15.100
25      14      899.499          876.867         - 22.632
25      15      878.814          861.471         - 17.343
25      16      868.097          851.465         - 16.632
25      17      857.423          841.221         - 16.202
25      18      892.255          874.100         - 18.155
25      19      857.746          834.152         - 23.594
25      20      874.339          852.798         - 21.541
25      21      862.443          842.933         - 19.510
25      22      910.159          913.015         +  2.856
25      23      841.405          815.005         - 26.400
25      24      828.895          803.141         - 25.754
25      25      942.692          926.290         - 16.402
25      26      865.230          866.468         +  1.238
25      27      844.751          825.491         - 19.260
25      28      877.136          877.989         +  0.853
25      29      905.995          887.162         - 18.833
25      30      990.170          973.128         - 17.042
25      31      984.624          974.592         - 10.032
25      32      990.157          987.649         -  2.508
25      33     1019.056         1014.806         -  4.250
25      34      983.450          965.087         - 18.363
25      35     1042.930         1050.000         +  7.070
25      36      988.744          977.577         - 11.167
25      37     1034.730         1042.591         +  7.861
25      38     1040.457         1035.883         -  4.574
25      39     1025.701         1044.748         + 19.047
26      00     1001.952          974.147         - 27.805
26      01     1022.778         1011.183         - 11.595
26      02      969.752          960.052         -  9.700
26      03     1009.367          977.792         - 31.575
26      04     1011.602         1008.147         -  3.455
26      05     1035.967         1023.306         - 12.661
26      06      980.737          962.891         - 17.846
26      07     1014.699         1014.699         +  0.000
26      08     1026.792         1011.449         - 15.343
26      09      971.737          946.398         - 25.339
26      10      855.670          824.443         - 31.227
26      11      935.196          913.082         - 22.114
26      12      900.558          874.061         - 26.497
26      13      882.384          862.896         - 19.488
26      14      832.612          800.000         - 32.612
26      15      924.609          883.210         - 41.399
26      16      878.331          854.695         - 23.636
26      17      878.339          848.159         - 30.180
26      18      907.635          880.821         - 26.814
26      19      947.527          927.990         - 19.537
26      20      868.879          849.678         - 19.201
26      21      841.250          812.316         - 28.934
26      22      927.635          902.797         - 24.838
26      23      888.545          875.462         - 13.083
26      24      882.601          851.993         - 30.608
26      25      908.153          899.380         -  8.773
26      26      880.751          855.290         - 25.461
26      27      921.611          905.257         - 16.354
26      28      925.273          911.940         - 13.333
26      29      932.680          915.081         - 17.599
26      30     1030.156         1022.770         -  7.386
26      31      964.699          951.262         - 13.437
26      32     1038.149         1040.973         +  2.824
26      33     1007.577         1002.213         -  5.364
26      34     1011.014         1018.323         +  7.309
26      35     1022.803         1014.249         -  8.554
26      36     1042.078         1044.830         +  2.752
26      37     1014.904         1014.035         -  0.869
26      38     1045.378         1050.000         +  4.622
26      39     1031.422         1016.786         - 14.636
27      00     1046.519         1050.000         +  3.481
27      01     1007.513          991.772         - 15.741
27      02     1028.432         1002.085         - 26.347
27      03      999.721         1002.585         +  2.864
27      04     1023.825         1012.899         - 10.926
27      05     1002.140          991.275         - 10.865
27      06     1024.473         1050.000         + 25.527
27      07     1014.308         1011.568         -  2.740
27      08     1021.735         1003.116         - 18.619
27      09     1020.548         1031.838         + 11.290
27      10      839.771          818.945         - 20.826
27      11      842.008          831.013         - 10.995
27      12      944.777          926.095         - 18.682
27      13      857.171          839.032         - 18.139
27      14      838.203          803.617         - 34.586
27      15      956.310          928.825         - 27.485
27      16      862.182          844.092         - 18.090
27      17      853.661          823.284         - 30.377
27      18      912.811          881.593         - 31.218
27      19      849.629          824.508         - 25.121
27      20      845.853          822.503         - 23.350
27      21      917.088          875.770         - 41.318
27      22      831.944          805.851         - 26.093
27      23      926.911          912.379         - 14.532
27      24      864.196          838.244         - 25.952
27      25      932.968          931.693         -  1.275
27      26      844.953          826.627         - 18.326
27      27      897.590          873.129         - 24.461
27      28      883.348          878.082         -  5.266
27      29      933.837          907.212         - 26.625
27      30      961.993          947.644         - 14.349
27      31     1012.687         1008.235         -  4.452
27      32     1010.549          984.872         - 25.677
27      33     1041.278         1043.197         +  1.919
27      34     1018.242         1007.882         - 10.360
27      35      977.389          988.742         + 11.353
27      36     1006.924         1008.158         +  1.234
27      37     1026.670         1014.396         - 12.274
27      38     1005.903          999.060         -  6.843
27      39     1024.067         1019.181         -  4.886
28      00     1045.412         1050.000         +  4.588
28      01     1020.433         1009.355         - 11.078
28      02      993.376          985.862         -  7.514
28      03     1002.568          982.312         - 20.256
28      04      975.324          948.034         - 27.290
28      05     1050.000         1035.101         - 14.899
28      06      993.887          973.548         - 20.339
28      07     1016.388          987.384         - 29.004
28      08     1033.642         1040.410         +  6.768
28      09     1026.076         1030.223         +  4.147
28      10      858.417          828.531         - 29.886
28      11      853.860          828.706         - 25.154
28      12      922.711          907.126         - 15.585
28      13      861.616          843.471         - 18.145
28      14      906.466          882.829         - 23.637
28      15      884.800          864.942         - 19.858
28      16      926.952          913.913         - 13.039
28      17      905.387          888.996         - 16.391
28      18      926.161          904.400         - 21.761
28      19      897.221          884.206         - 13.015
28      20      860.412          843.219         - 17.193
28      21      887.953          877.138         - 10.815
28      22      894.941          876.002         - 18.939
28      23      941.352          919.496         - 21.856
28      24      886.741          872.863         - 13.878
28      25      965.362          942.340         - 23.022
28      26      927.011          905.864         - 21.147
28      27      828.337          806.056         - 22.281
28      28      925.106          904.639         - 20.467
28      29      905.459          892.337         - 13.122
28      30     1021.307         1050.000         + 28.693
28      31     1016.221          998.934         - 17.287
28      32      987.084          967.398         - 19.686
28      33      994.762          975.730         - 19.032
28      34     1033.274         1039.681         +  6.407
28      35     1036.530         1021.395         - 15.135
28      36     1022.579         1006.354         - 16.225
28      37     1027.825         1008.552         - 19.273
28      38     1022.555         1022.523         -  0.032
28      39     1038.532         1026.422         - 12.110
29      00     1039.472         1050.000         + 10.528
29      01     1009.575         1010.287         +  0.712
29      02     1050.000         1036.028         - 13.972
29      03     1037.761         1014.140         - 23.621
29      04     1033.681         1030.417         -  3.264
29      05     1020.291         1001.793         - 18.498
29      06      993.997          979.470         - 14.527
29      07     1005.399          983.929         - 21.470
29      08     1022.847         1019.106         -  3.741
29      09     1024.987         1025.147         +  0.160
29      10      839.258          809.365         - 29.893
29      11      874.921          852.312         - 22.609
29      12      927.501          897.587         - 29.914
29      13      922.404          897.853         - 24.551
29      14      900.995          881.257         - 19.738
29      15      831.038          800.543         - 30.495
29      16      872.376          852.630         - 19.746
29      17      866.299          850.639         - 15.660
29      18      873.806          861.431         - 12.375
29      19      894.880          874.750         - 20.130
29      20      923.578          920.605         -  2.973
29      21      931.645          926.769         -  4.876
29      22      972.581          947.472         - 25.109
29      23      923.391          905.639         - 17.752
29      24      931.717          918.100         - 13.617
29      25      900.401          886.163         - 14.238
29      26      909.755          899.608         - 10.147
29      27      856.988          829.518         - 27.470
29      28      910.478          894.068         - 16.410
29      29      845.741          831.558         - 14.183
29      30     1050.000         1050.000         +  0.000
29      31     1030.665         1035.668         +  5.003
29      32     1015.522         1022.915         +  7.393
29      33      999.872          997.278         -  2.594
29      34     1023.466         1035.425         + 11.959
29      35     1050.000         1049.885         -  0.115
29      36      997.141         1006.532         +  9.391
29      37     1021.076         1015.960         -  5.116
29      38     1007.955         1012.519         +  4.564
29      39     1050.000         1033.624         - 16.376
30      00     1008.170         1020.143         + 11.973
30      01      986.194          965.007         - 21.187
30      02     1026.780         1028.379         +  1.599
30      03     1025.258         1033.425         +  8.167
30      04     1017.121         1008.939         -  8.182
30      05     1010.791         1023.978         + 13.187
30      06     1031.561         1030.534         -  1.027
30      07     1014.941         1006.438         -  8.503
30      08     1014.145         1008.385         -  5.760
30      09     1024.189         1025.914         +  1.725
30      10      997.912          966.812         - 31.100
30      11     1050.000         1050.000         +  0.000
30      12     1032.238         1039.856         +  7.618
30      13     1025.167         1030.294         +  5.127
30      14      974.730          964.938         -  9.792
30      15     1022.574         1013.519         -  9.055
30      16      966.003          947.407         - 18.596
30      17     1003.917         1005.975         +  2.058
30      18     1043.308         1046.431         +  3.123
30      19      967.240          968.854         +  1.614
30      20     1021.458         1018.901         -  2.557
30      21      998.990          973.719         - 25.271
30      22     1027.328         1039.922         + 12.594
30      23     1029.444         1048.713         + 19.269
30      24      955.930          942.773         - 13.157
30      25     1047.375         1030.304         - 17.071
30      26     1049.661         1041.890         -  7.771
30      27     1041.847         1021.709         - 20.138
30      28      993.098          992.804         -  0.294
30      29     1028.449         1016.341         - 12.108
30      30     1027.046         1016.115         - 10.931
30      31     1033.873         1034.391         +  0.518
30      32     1026.039         1028.061         +  2.022
30      33      999.564          979.135         - 20.429
30      34     1031.589         1037.832         +  6.243
30      35      979.293          977.067         -  2.226
30      36     1011.068         1006.350         -  4.718
30      37     1027.487         1018.730         -  8.757
30      38     1012.203         1015.737         +  3.534
30      39     1023.269         1021.760         -  1.509
31      00     1026.980         1018.287         -  8.693
31      01      976.469          955.390         - 21.079
31      02      990.839          999.198         +  8.359
31      03     1004.127          987.167         - 16.960
31      04     1016.523         1009.250         -  7.273
31      05     1032.970         1021.070         - 11.900
31      06     1027.302         1018.309         -  8.993
31      07      945.053          949.010         +  3.957
31      08     1016.805         1022.090         +  5.285
31      09     1014.430         1006.240         -  8.190
31      10     1023.753         1032.286         +  8.533
31      11     1020.242         1007.147         - 13.095
31      12     1050.000         1049.918         -  0.082
31      13     1006.254         1007.965         +  1.711
31      14     1039.730         1050.000         + 10.270
31      15     1022.682         1003.411         - 19.271
31      16     1045.330         1025.619         - 19.711
31      17     1036.645         1039.964         +  3.319
31      18     1005.950          991.579         - 14.371
31      19     1050.000         1030.228         - 19.772
31      20     1041.894         1014.048         - 27.846
31      21     1030.838         1037.366         +  6.528
31      22     1024.878         1031.369         +  6.491
31      23     1035.680         1045.329         +  9.649
31      24     1028.191         1010.811         - 17.380
31      25     1004.147          978.683         - 25.464
31      26     1017.667         1000.861         - 16.806
31      27     1032.587         1035.860         +  3.273
31      28     1013.920         1026.721         + 12.801
31      29     1013.487         1050.000         + 36.513
31      30     1050.000         1050.000         +  0.000
31      31     1038.007         1038.446         +  0.439
31      32     1040.674         1050.000         +  9.326
31      33     1012.704         1022.431         +  9.727
31      34     1025.010         1027.766         +  2.756
31      35     1019.775         1005.838         - 13.937
31      36     1019.308         1026.949         +  7.641
31      37     1024.428         1030.105         +  5.677
31      38     1000.370          999.778         -  0.592
31      39     1016.572         1006.577         -  9.995
32      00     1023.428         1022.235         -  1.193
32      01     1009.355         1003.487         -  5.868
32      02     1030.928         1050.000         + 19.072
32      03     1016.343         1010.585         -  5.758
32      04     1013.734         1012.364         -  1.370
32      05     1003.665         1002.262         -  1.403
32      06      984.826          963.554         - 21.272
32      07     1050.000         1050.000         +  0.000
32      08     1050.000         1050.000         +  0.000
32      09     1018.470         1017.440         -  1.030
32      10     1016.079         1018.356         +  2.277
32      11     1024.831         1020.850         -  3.981
32      12      970.726          946.447         - 24.279
32      13     1043.207         1050.000         +  6.793
32      14     1023.153         1030.107         +  6.954
32      15     1042.371         1029.166         - 13.205
32      16     1015.266          999.929         - 15.337
32      17     1037.801         1050.000         + 12.199
32      18      980.443         1005.953         + 25.510
32      19     1015.532          999.887         - 15.645
32      20     1015.583         1019.031         +  3.448
32      21     1018.689         1010.702         -  7.987
32      22     1029.048         1037.990         +  8.942
32      23     1021.855         1019.829         -  2.026
32      24      980.794          970.452         - 10.342
32      25     1015.331         1008.858         -  6.473
32      26     1017.305         1017.799         +  0.494
32      27     1033.110         1034.197         +  1.087
32      28     1037.543         1050.000         + 12.457
32      29     1027.339         1042.890         + 15.551
32      30     1010.130         1015.513         +  5.383
32      31     1008.553         1013.449         +  4.896
32      32     1050.000         1050.000         +  0.000
32      33      995.369          970.313         - 25.056
32      34     1009.563         1036.368         + 26.805
32      35     1030.285         1034.733         +  4.448
32      36     1040.330         1028.977         - 11.353
32      37     1023.824         1042.987         + 19.163
32      38      966.891          958.371         -  8.520
32      39     1050.000         1050.000         +  0.000
33      00     1011.187          997.843         - 13.344
33      01     1015.642         1012.976         -  2.666
33      02     1013.930         1012.842         -  1.088
33      03      980.135          982.144         +  2.009
33      04      951.383          941.068         - 10.315
33      05     1028.730         1016.908         - 11.822
33      06     1029.707         1025.258         -  4.449
33      07     1012.762          990.058         - 22.704
33      08     1024.409         1011.775         - 12.634
33      09     1021.938         1016.255         -  5.683
33      10     1034.070         1039.343         +  5.273
33      11     1008.503          992.297         - 16.206
33      12     1024.225         1019.553         -  4.672
33      13     1030.861         1030.106         -  0.755
33      14     1004.909         1015.645         + 10.736
33      15      998.233          983.562         - 14.671
33      16     1035.471         1028.169         -  7.302
33      17     1048.076         1040.608         -  7.468
33      18     1025.672         1013.842         - 11.830
33      19     1002.966         1002.966         +  0.000
33      20     1050.000         1050.000         +  0.000
33      21     1037.180         1038.977         +  1.797
33      22     1002.244          999.231         -  3.013
33      23      996.820          995.519         -  1.301
33      24     1044.910         1050.000         +  5.090
33      25     1039.376         1050.000         + 10.624
33      26     1050.000         1050.000         +  0.000
33      27     1033.015         1042.463         +  9.448
33      28     1032.996         1050.000         + 17.004
33      29     1030.343         1032.981         +  2.638
33      30      996.602          987.619         -  8.983
33      31      992.188          972.039         - 20.149
33      32     1050.000         1050.000         +  0.000
33      33     1002.155          989.697         - 12.458
33      34      999.247          996.884         -  2.363
33      35      999.034          992.223         -  6.811
33      36     1017.108         1020.169         +  3.061
33      37     1006.474         1000.922         -  5.552
33      38     1009.269          991.938         - 17.331
33      39     1010.231         1010.199         -  0.032
34      00     1002.504          985.249         - 17.255
34      01     1020.872         1010.456         - 10.416
34      02     1050.000         1050.000         +  0.000
34      03      970.777          966.655         -  4.122
34      04     1036.319         1014.656         - 21.663
34      05     1045.502         1039.641         -  5.861
34      06     1050.000         1050.000         +  0.000
34      07     1002.877          991.550         - 11.327
34      08     1018.258         1025.705         +  7.447
34      09     1019.154         1021.406         +  2.252
34      10      996.945          999.227         +  2.282
34      11     1035.639         1018.578         - 17.061
34      12     1017.845          999.621         - 18.224
34      13     1021.104         1020.690         -  0.414
34      14     1035.789         1032.770         -  3.019
34      15     1031.415         1029.561         -  1.854
34      16     1009.308          998.895         - 10.413
34      17      982.125          995.821         + 13.696
34      18     1028.669         1028.476         -  0.193
34      19     1006.465         1011.515         +  5.050
34      20      996.744          985.206         - 11.538
34      21     1044.096         1050.000         +  5.904
34      22     1037.584         1024.512         - 13.072
34      23     1028.340         1030.710         +  2.370
34      24      968.165          947.602         - 20.563
34      25     1025.250         1050.000         + 24.750
34      26     1011.683          991.942         - 19.741
34      27     1048.601         1037.798         - 10.803
34      28     1050.000         1050.000         +  0.000
34      29     1030.592         1044.782         + 14.190
34      30     1001.570          999.508         -  2.062
34      31     1004.046         1006.745         +  2.699
34      32     1007.589         1009.655         +  2.066
34      33     1035.301         1018.106         - 17.195
34      34     1041.836         1050.000         +  8.164
34      35      996.356          985.681         - 10.675
34      36     1047.225         1050.000         +  2.775
34      37     1029.080         1039.562         + 10.482
34      38     1042.325         1041.481         -  0.844
34      39     1045.430         1045.430         +  0.000
35      00      986.377          966.589         - 19.788
35      01      990.789          989.512         -  1.277
35      02      991.379          987.349         -  4.030
35      03      995.458          985.103         - 10.355
35      04     1018.168         1005.128         - 13.040
35      05      987.895          987.957         +  0.062
35      06     1007.610          993.215         - 14.395
35      07     1017.800         1016.551         -  1.249
35      08     1030.557         1048.522         + 17.965
35      09     1034.138         1047.648         + 13.510
35      10     1035.236         1018.768         - 16.468
35      11      961.846          949.207         - 12.639
35      12     1050.000         1043.958         -  6.042
35      13      977.437          960.535         - 16.902
35      14     1027.247         1026.575         -  0.672
35      15     1013.691         1012.996         -  0.695
35      16     1009.905         1017.966         +  8.061
35      17      994.766          980.405         - 14.361
35      18     1017.455         1016.995         -  0.460
35      19     1031.584         1050.000         + 18.416
35      20     1011.948          997.783         - 14.165
35      21     1035.033         1034.115         -  0.918
35      22     1005.281          999.035         -  6.246
35      23      993.676          982.734         - 10.942
35      24      996.331          982.921         - 13.410
35      25     1042.263         1032.808         -  9.455
35      26      994.076          984.502         -  9.574
35      27     1019.185         1009.998         -  9.187
35      28     1025.500         1007.603         - 17.897
35      29     1014.086         1013.186         -  0.900
35      30     1011.916         1012.407         +  0.491
35      31     1024.941         1012.143         - 12.798
35      32     1002.550          991.100         - 11.450
35      33     1014.545         1004.035         - 10.510
35      34     1015.651         1017.976         +  2.325
35      35     1030.859         1037.132         +  6.273
35      36     1043.875         1032.380         - 11.495
35      37     1050.000         1045.731         -  4.269
35      38     1032.431         1050.000         + 17.569
35      39     1050.000         1016.282         - 33.718
36      00      984.680          972.343         - 12.337
36      01     1003.897          987.022         - 16.875
36      02     1024.965         1017.572         -  7.393
36      03      982.067          986.482         +  4.415
36      04     1002.579          983.555         - 19.024
36      05      992.858          971.247         - 21.611
36      06     1026.437         1027.662         +  1.225
36      07     1017.447          985.428         - 32.019
36      08     1020.090         1001.569         - 18.521
36      09     1016.254         1011.041         -  5.213
36      10      989.471          972.414         - 17.057
36      11     1029.258         1033.068         +  3.810
36      12      954.580          946.735         -  7.845
36      13     1029.811         1047.669         + 17.858
36      14     1021.655         1020.290         -  1.365
36      15      979.653          982.995         +  3.342
36      16     1020.716         1025.421         +  4.705
36      17     1050.000         1043.306         -  6.694
36      18      987.771          973.700         - 14.071
36      19     1011.718         1013.519         +  1.801
36      20     1030.133         1033.117         +  2.984
36      21      997.905          971.884         - 26.021
36      22     1005.853          993.125         - 12.728
36      23     1029.766         1037.503         +  7.737
36      24      990.409          970.863         - 19.546
36      25     1018.072         1012.002         -  6.070
36      26      977.762          982.636         +  4.874
36      27     1028.921         1018.453         - 10.468
36      28      996.391          993.989         -  2.402
36      29     1033.504         1035.969         +  2.465
36      30     1003.750         1001.146         -  2.604
36      31     1018.445         1008.651         -  9.794
36      32     1033.210         1021.090         - 12.120
36      33     1014.294         1019.932         +  5.638
36      34     1003.227          984.999         - 18.228
36      35     1050.000         1050.000         +  0.000
36      36     1013.905          995.496         - 18.409
36      37     1018.810          991.805         - 27.005
36      38      963.104          949.650         - 13.454
36      39     1027.089         1009.686         - 17.403
37      00     1012.660         1009.094         -  3.566
37      01     1025.830         1032.157         +  6.327
37      02     1006.599          991.050         - 15.549
37      03     1018.372         1036.889         + 18.517
37      04     1025.850         1024.733         -  1.117
37      05     1012.517         1001.841         - 10.676
37      06     1035.463         1043.920         +  8.457
37      07     1028.437         1009.085         - 19.352
37      08      997.020          983.463         - 13.557
37      09     1028.923         1028.939         +  0.016
37      10      973.351          973.336         -  0.015
37      11     1050.000         1050.000         +  0.000
37      12     1014.182          999.582         - 14.600
37      13      997.622          984.277         - 13.345
37      14     1014.660         1018.367         +  3.707
37      15     1029.362         1019.595         -  9.767
37      16     1030.710         1039.024         +  8.314
37      17     1035.376         1041.745         +  6.369
37      18     1050.000         1050.000         +  0.000
37      19      998.892          975.070         - 23.822
37      20      984.468          964.207         - 20.261
37      21     1011.947         1004.396         -  7.551
37      22     1026.454         1028.951         +  2.497
37      23     1038.270         1013.993         - 24.277
37      24     1008.907          998.527         - 10.380
37      25     1050.000         1050.000         +  0.000
37      26      975.795          956.678         - 19.117
37      27      992.373          976.198         - 16.175
37      28     1007.695          983.322         - 24.373
37      29     1018.668         1021.374         +  2.706
37      30      983.696          976.284         -  7.412
37      31     1038.758         1050.000         + 11.242
37      32      985.978          991.491         +  5.513
37      33      998.805          981.721         - 17.084
37      34     1017.742          995.186         - 22.556
37      35      975.681          971.319         -  4.362
37      36      963.802          952.036         - 11.766
37      37     1011.378          989.832         - 21.546
37      38     1032.467         1031.040         -  1.427
37      39     1044.706         1042.155         -  2.551
38      00     1020.137         1023.141         +  3.004
38      01     1006.390         1005.015         -  1.375
38      02     1016.708         1001.585         - 15.123
38      03      999.858          989.586         - 10.272
38      04     1045.690         1029.325         - 16.365
38      05     1049.010         1033.220         - 15.790
38      06     1045.922         1022.076         - 23.846
38      07     1050.000         1050.000         +  0.000
38      08      979.877          967.355         - 12.522
38      09     1042.528         1042.105         -  0.423
38      10     1026.049         1028.643         +  2.594
38      11     1021.715         1015.836         -  5.879
38      12     1043.500         1024.969         - 18.531
38      13     1011.898         1001.964         -  9.934
38      14     1020.873         1033.495         + 12.622
38      15     1028.208         1033.468         +  5.260
38      16     1005.134          992.471         - 12.663
38      17     1027.094         1040.747         + 13.653
38      18     1050.000         1035.404         - 14.596
38      19     1025.024         1008.455         - 16.569
38      20     1040.887         1020.986         - 19.901
38      21     1009.670          988.969         - 20.701
38      22     1016.668         1022.019         +  5.351
38      23     1040.035         1050.000         +  9.965
38      24     1028.424         1021.368         -  7.056
38      25     1010.916          992.776         - 18.140
38      26     1042.951         1044.279         +  1.328
38      27     1014.939         1016.440         +  1.501
38      28     1034.420         1050.000         + 15.580
38      29     1012.107          993.865         - 18.242
38      30     1032.541         1012.583         - 19.958
38      31      996.710          971.163         - 25.547
38      32     1014.111          997.623         - 16.488
38      33      956.104          939.303         - 16.801
38      34      969.644          971.786         +  2.142
38      35     1026.831         1016.033         - 10.798
38      36     1011.936          990.209         - 21.727
38      37     1045.160         1047.236         +  2.076
38      38     1033.912         1002.618         - 31.294
38      39     1050.000         1031.424         - 18.576
39      00     1024.827         1012.992         - 11.835
39      01     1033.214         1040.856         +  7.642
39      02      980.258          996.313         + 16.055
39      03     1013.150          995.536         - 17.614
39      04     1034.106         1023.747         - 10.359
39      05      984.927          973.318         - 11.609
39      06     1003.196          989.168         - 14.028
39      07     1016.360         1021.793         +  5.433
39      08     1011.773         1004.312         -  7.461
39      09      992.465          975.835         - 16.630
39      10     1032.701         1045.253         + 12.552
39      11      958.049          949.400         -  8.649
39      12     1008.968          999.554         -  9.414
39      13      963.032          953.702         -  9.330
39      14     1038.047         1019.337         - 18.710
39      15     1050.000         1050.000         +  0.000
39      16     1024.987         1030.281         +  5.294
39      17     1039.945         1049.669         +  9.724
39      18      993.339          973.904         - 19.435
39      19      989.664          991.065         +  1.401
39      20     1025.954         1022.341         -  3.613
39      21     1042.113         1023.662         - 18.451
39      22     1022.157         1029.530         +  7.373
39      23      998.422          985.247         - 13.175
39      24      985.305          972.713         - 12.592
39      25     1016.667         1008.090         -  8.577
39      26      997.966          984.038         - 13.928
39      27     1027.566         1021.638         -  5.928
39      28     1017.236         1004.989         - 12.247
39      29      967.541          946.469         - 21.072
39      30     1050.000         1032.801         - 17.199
39      31     1004.109          989.365         - 14.744
39      32     1029.818         1039.833         + 10.015
39      33      964.112          966.288         +  2.176
39      34     1050.000         1034.726         - 15.274
39      35     1030.387         1048.896         + 18.509
39      36      998.421          997.396         -  1.025
39      37     1009.576         1010.558         +  0.982
39      38     1023.099         1016.305         -  6.794
39      39     1009.000         1013.176         +  4.176
