110737
110743
110746
110771
110772
110773
110774
110788
110795
110800
110801
110802
110808
110810
110812
110814
110815
110820
110822
110829
110830
110846
110852
110853
110854
110855
110856
110858
110865
110867
110868
110869
110874
110875
110877
110878
110905
110907
110919
110923
110931
110937
110942
110943
110944
110946
110951
110953
110954
110955
110958
110959
110961
110965
110966
110968
110971
110972
110993
110999
111003
111005
111006
111007
111009
111018
111019
111022
111024
111025
111030
111031
111048
111054
111055
111062
111063
111064
111068
111070
111078
111082
111083
111093
111099
111101
111112
111114
111120
111124
111128
111131
111132
111133
111134
111135
111136
111140
111145
111146
111148
111150
111151
111153
111156
111158
111163
111164
111165
111171
111172
111173
111178
111184
111187
111188
111210
111217
111222
111232
111234
111235
111237
111238
111239
111243
111257
111259
111260
111267
111268
111269
111272
111275
111282
111283
111285
111287
111291
111292
111294
111298
111300
111305
111330
111332
111335
111338
111342
111345
111350
111353
111356
111358
111359
111360
111361
111366
111367
111369
111370
111372
111375
111378
111381
111382
111391
111393
111396
111410
111419
111433
111437
111438
111443
111446
111460
111461
111475
111478
111480
111489
111492
111496
111497
111498
111501
111504
111508
111510
111512
111513
111514
111528
111529
111530
111535
111539
111541
111548
111553
111554
111558
111559
111562
111565
111569
111570
111573
111575
111576
111580
111581
111582
111584
111585
111586
111587
111588
111590
111592
111594
111595
111602
111603
111606
111607
111611
111617
111618
111624
111625
111628
111640
111643
111653
111656
111663
111665
111666
111687
111700
111712
111715
111723
111728
111731
111740
111746
111749
111752
111756
111759
111763
111772
111775
111777
111778
111781
111785
111789
111790
111792
111794
111795
111801
111803
111804
111805
111820
111821
111822
111824
111831
111838
111850
111856
111857
111859
111860
111863
111865
111866
111867
111869
111872
111873
111880
111883
111884
111885
111889
111896
111908
111910
111913
111915
111917
111924
111927
111928
111933
111936
111944
111950
111960
111962
111965
111971
111972
111974
111976
111977
111978
111984
111986
111987
111988
111989
111993
111997
111998
111999
