111723
111728
111731
111740
111746
111749
111752
111756
111759
111763
111772
111775
111777
111778
111781
111785
111789
111790
111792
111794
111795
111801
111803
111804
111805
111820
111821
111822
111824
111831
111838
111850
111856
111857
111859
111860
111863
111865
111866
111867
111869
111872
111873
111880
111883
111884
111885
111889
111896
111908
111910
111913
111915
111917
111924
111927
111928
111933
111936
111944
111950
111960
111962
111965
111971
111972
111974
111976
111977
111978
111984
111986
111987
111988
111989
111993
111997
111998
111999
