110745
110782
110789
110806
110817
110825
110829
110830
110842
110844
110845
110846
110850
110854
110855
110856
110858
110867
110879
110922
110925
110930
110935
110937
110954
110960
110966
110972
111002
111003
111004
111013
111017
111019
111025
111027
111032
111035
111053
111061
111063
111082
111094
111096
111106
111112
111119
111126
111128
111135
111150
111166
111171
111174
111182
111185
111186
111194
111216
111217
111223
111237
111257
111259
111260
111269
111272
111276
111288
111298
111299
111305
111330
111335
111340
111342
111349
111354
111356
111362
111375
111388
111392
111393
111411
111412
111432
111443
111445
111446
111449
111461
111475
111495
111498
111510
111512
111539
111540
111553
111559
111565
111567
111569
111576
111584
111587
111592
111598
111603
111604
111611
111625
111634
111652
111653
111718
111719
111722
111728
111738
111763
111764
111768
111778
111781
111795
111801
111804
111806
111807
111808
111824
111837
111839
111855
111875
111882
111908
111910
111913
111917
111926
111928
111933
111936
111938
111940
111944
111948
111965
111970
111971
111972
111973
111974
111975
111976
111977
111978
111984
111985
111986
111987
111988
111989
111997
111998
111999
112000
