110814
110829
110852
110853
110855
110856
110865
110868
110874
110905
110907
110943
110946
110971
110972
111007
111009
111048
111055
111064
111068
111112
111140
111145
111148
111150
111151
111171
111187
111237
111291
111292
111305
111345
111353
111356
111359
111360
111361
111369
111372
111553
111565
111618
111663
111665
111772
111781
111790
111792
111795
111803
111804
111805
111821
111822
111824
111838
111863
111865
111867
111869
111872
111873
111889
111910
111913
111917
111927
111928
111944
111965
111972
111976
111988
111993
