110745
110782
110789
110806
110806
110806
110817
110825
110825
110829
110829
110829
110830
110842
110842
110844
110844
110844
110845
110846
110846
110846
110850
110854
110855
110856
110856
110856
110858
110867
110879
110879
110879
110922
110925
110930
110935
110935
110935
110937
110954
110954
110954
110960
110966
110972
110972
110972
111001
111001
111003
111003
111004
111004
111004
111004
111004
111004
111004
111004
111004
111004
111004
111013
111013
111017
111019
111025
111032
111035
111053
111053
111053
111061
111061
111061
111061
111063
