110745
110782
110789
110806
110806
110806
110817
110825
110825
110829
110829
110829
110830
110842
110842
110844
110844
110844
110845
110846
110846
110846
110850
110854
110855
110856
110856
110856
110858
110867
110879
110879
110879
110922
110925
110930
110935
110935
110935
110937
110954
110954
110954
110960
110966
110972
110972
110972
111001
111001
111003
111003
111004
111004
111004
111004
111004
111004
111004
111004
111004
111004
111004
111013
111013
111017
111019
111025
111032
111035
111053
111053
111053
111061
111061
111061
111061
111063
111082
111082
111082
111094
111094
111096
111106
111106
111106
111106
111112
111112
111119
111126
111126
111126
111128
111135
111150
111150
111166
111166
111166
111171
111171
111171
111174
111174
111174
111182
111182
111185
111186
111216
111217
111223
111237
111237
111257
111259
111259
111259
111259
111259
111260
111260
111260
111269
111272
111272
111276
111276
111276
111288
111298
111299
111299
111305
111330
111335
111335
111335
111340
111342
111349
111354
111356
111362
111375
111375
111375
111388
111388
111392
111393
111393
111393
111393
111411
111412
111443
111443
111445
111446
111446
111446
111446
111449
111449
111461
111475
111475
111475
111495
111498
111498
111510
111512
111512
111512
111539
111539
111539
111539
111539
111540
