// index column row  mean  error sigma   chi2/ndf width  status
   0   39   39  10.015    0.395    1.418    3.206    10.015   FAILED
   2   39   37  10.108    0.568    1.198    3.465    10.108   FAILED
   3   39   36  10.577    0.088    1.074    3.663    10.577   FAILED
   9   39   30  10.835    1.037    1.802    2.366    10.835   FAILED
  10   39   29  11.266    0.286    1.073    3.992    11.266   FAILED
  17   39   22  11.500    0.000    0.000      inf    11.500   FAILED
  22   39   17   9.447   20.482    0.004    2.672     9.447   SUCCESS
  24   39   15   6.118    0.258    0.807    9.583     6.118   FAILED
  26   39   13   8.495   21.775    0.000    5.218     8.495   SUCCESS
  27   39   12   7.772   30.190    0.015    4.102     7.772   SUCCESS
  28   39   11  10.465    0.119    1.053    5.018    10.465   FAILED
  35   39    4   9.405   24.682    0.004   -0.731     9.405   SUCCESS
  37   39    2  10.008    0.509    1.332    3.991    10.008   FAILED
  39   39    0   9.342   20.059    0.000    3.643     9.342   SUCCESS
  45   38   34  10.488    0.530    1.488    3.785    10.488   FAILED
  46   38   33  10.320    0.468    1.344    3.762    10.320   FAILED
  54   38   25  10.122    0.269    0.753    4.807    10.122   FAILED
  70   38    9   6.994    0.224    0.745    6.279     6.994   FAILED
  71   38    8   8.500    0.002    0.001    5.096     8.500   SUCCESS
  72   38    7   6.267    0.265    0.700    6.058     6.267   FAILED
  78   38    1  10.685    0.215    0.234    8.696    10.685   FAILED
  79   38    0   6.476   21.273    0.002   -0.725     6.476   SUCCESS
  81   37   38   9.205   24.450    0.002      inf     9.205   SUCCESS
  83   37   36  10.206    0.467    1.345    3.855    10.206   FAILED
  84   37   35  10.744    0.561    1.639    3.886    10.744   FAILED
  86   37   33  10.253    0.438    1.272    4.514    10.253   FAILED
  88   37   31   5.374   21.600    0.004    6.829     5.374   SUCCESS
  91   37   28  10.712    0.045    1.343    4.342    10.712   FAILED
  92   37   27  10.662    0.333    1.077    4.968    10.662   FAILED
  93   37   26  10.988    0.444    1.496    4.213    10.988   FAILED
  96   37   23  10.535    0.325    1.047    3.331    10.535   FAILED
  99   37   20  10.111    0.303    0.839    4.158    10.111   FAILED
 100   37   19   7.556   22.663    0.014    3.407     7.556   SUCCESS
 101   37   18   5.874    0.257    0.788    6.056     5.874   FAILED
 108   37   11   6.401    0.246    0.765    6.053     6.401   FAILED
 109   37   10   8.280   31.714    0.000    4.274     8.280   SUCCESS
 119   37    0  11.500    0.000    0.000   -0.731    11.500   FAILED
 121   36   38  11.215    0.187    0.541    4.649    11.215   FAILED
 124   36   35   6.001    0.274    0.652    4.952     6.001   FAILED
 125   36   34  10.131    0.255    0.822    5.977    10.131   FAILED
 133   36   26  10.194    0.185    0.898    4.160    10.194   FAILED
 135   36   24  11.129    0.441    1.180    4.835    11.129   FAILED
 138   36   21  10.408    0.423    1.275    4.521    10.408   FAILED
 141   36   18   8.200   24.649    0.005    3.524     8.200   SUCCESS
 144   36   15  10.049    0.546    0.963    3.135    10.049   FAILED
 145   36   14  10.392    0.531    1.056    3.626    10.392   FAILED
 147   36   12  10.625    0.476    1.390    3.777    10.625   FAILED
 149   36   10  10.060    0.493    1.375    3.880    10.060   FAILED
 152   36    7  10.238    0.307    0.759    4.084    10.238   FAILED
 154   36    5  10.690    0.470    1.309    4.541    10.690   FAILED
 155   36    4  10.190    0.520    0.947    4.464    10.190   FAILED
 156   36    3   8.118   24.033    0.010    2.115     8.118   SUCCESS
 158   36    1  10.566    0.179    0.126      inf    10.566   FAILED
 159   36    0  10.110    1.275    1.254    3.653    10.110   FAILED
 169   35   30  10.371    0.459    1.389    5.182    10.371   FAILED
 173   35   26  10.305    0.407    1.122    3.799    10.305   FAILED
 174   35   25   6.794    0.333    1.006    6.278     6.794   FAILED
 176   35   23  10.551    0.500    1.387    4.037    10.551   FAILED
 177   35   22  15.000   16.295    3.000   -0.000    15.000   FAILED
 178   35   21   8.491   34.859    0.001    5.350     8.491   SUCCESS
 180   35   19   8.102    0.001    0.424   10.611     8.102   SUCCESS
 188   35   11  10.648    0.358    1.589    4.427    10.648   FAILED
 195   35    4   8.355   35.193    0.010    3.698     8.355   SUCCESS
 198   35    1  10.311    0.973    1.452    2.712    10.311   FAILED
 201   34   38   6.212    0.270    0.790    7.083     6.212   FAILED
 203   34   36   6.694    0.287    0.888    7.752     6.694   FAILED
 207   34   32  10.455    0.414    1.124    4.616    10.455   FAILED
 208   34   31  11.224    0.113    1.077    2.636    11.224   FAILED
 211   34   28   5.806    0.096    0.683    9.912     5.806   FAILED
 213   34   26  10.271    0.363    0.987    3.910    10.271   FAILED
 215   34   24  11.112    0.418    1.027    4.191    11.112   FAILED
 217   34   22   8.387    0.383    1.094    6.232     8.387   SUCCESS
 220   34   19  10.248    0.470    1.200    3.550    10.248   FAILED
 222   34   17   8.503    0.032    0.005    4.107     8.503   SUCCESS
 225   34   14   8.005   29.863    0.012    5.854     8.005   SUCCESS
 231   34    8  37.876    8.217    4.866    2.168    37.876   FAILED
 237   34    2  39.955    5.774    3.873    5.477    39.955   FAILED
 239   34    0  10.500    0.000    0.000      inf    10.500   SUCCESS
 241   33   38  10.158    0.460    1.331    4.060    10.158   FAILED
 245   33   34  10.758    0.532    2.114    3.959    10.758   FAILED
 247   33   32   6.480    0.239    0.553    6.944     6.480   FAILED
 251   33   28   6.232    0.353    0.481    3.842     6.232   FAILED
 263   33   16   6.978    0.254    0.675    4.705     6.978   FAILED
 264   33   15  11.139    0.273    1.446    4.320    11.139   FAILED
 268   33   11  10.279    0.414    1.183    4.642    10.279   FAILED
 275   33    4  10.483    0.496    1.101    3.441    10.483   FAILED
 277   33    2  10.958    0.288    1.266    3.095    10.958   FAILED
 279   33    0   8.499    0.026    0.005   -4.624     8.499   SUCCESS
 280   32   39   6.004    0.490    0.766    3.704     6.004   FAILED
 281   32   38  10.796    0.466    1.344    4.637    10.796   FAILED
 284   32   35   6.255    0.355    0.949    6.083     6.255   FAILED
 285   32   34  18.500    0.018    0.001   -0.731    18.500   SUCCESS
 286   32   33  10.072    0.391    1.450    4.297    10.072   FAILED
 287   32   32   6.648    0.272    0.644    7.175     6.648   FAILED
 295   32   24  11.241    0.459    1.480    3.627    11.241   FAILED
 297   32   22   6.472    0.282    0.632    6.687     6.472   FAILED
 300   32   19  10.545    0.333    0.981    4.308    10.545   FAILED
 302   32   17   8.174   23.988    0.011   -0.728     8.174   SUCCESS
 305   32   14  10.213   25.377    0.005    3.352    10.213   SUCCESS
 307   32   12  10.501    0.539    1.715    4.512    10.501   FAILED
 312   32    7   7.459    0.000    0.001      inf     7.459   SUCCESS
 314   32    5   9.489    0.463    0.084    2.434     9.489   SUCCESS
 316   32    3  10.314    0.280    0.968    3.282    10.314   FAILED
 318   32    1  10.502    0.702    1.630    4.589    10.502   FAILED
 322   31   37   1.147    8.667    0.013    2.434     1.147   FAILED
 323   31   36   6.823    0.377    1.060    4.923     6.823   FAILED
 327   31   32   6.503    0.382    0.706    4.059     6.503   FAILED
 329   31   30   5.475    0.020    0.475    6.558     5.475   FAILED
 330   31   29  10.551    0.839    1.122    6.781    10.551   FAILED
 348   31   11  10.191    0.441    1.198    3.621    10.191   FAILED
 362   30   37  10.023    0.602    0.877    3.469    10.023   FAILED
 364   30   35  10.475    0.361    1.178    5.305    10.475   FAILED
 366   30   33  10.237   21.763    0.001    4.976    10.237   SUCCESS
 367   30   32   5.529    0.310    1.010    8.675     5.529   FAILED
 368   30   31   6.097    0.345    1.188    5.777     6.097   FAILED
 375   30   24  11.161    0.602    1.595    4.204    11.161   FAILED
 378   30   21  10.914    0.379    1.048    4.437    10.914   FAILED
 380   30   19  10.335    0.621    1.708    3.792    10.335   FAILED
 383   30   16  11.079    0.262    1.137    4.550    11.079   FAILED
 384   30   15  10.514    1.361    2.131    2.908    10.514   FAILED
 385   30   14  11.435    0.549    1.400    3.342    11.435   FAILED
 388   30   11   7.497   31.564    0.000      inf     7.497   SUCCESS
 396   30    3   9.210   22.306    0.002   -6.623     9.210   SUCCESS
 398   30    1  10.765    1.053    1.373    2.338    10.765   FAILED
 399   30    0   9.405   24.682    0.004   -0.731     9.405   SUCCESS
 403   29   36   8.413   34.551    0.000    2.072     8.413   SUCCESS
 404   29   35   6.510    0.358    0.837    5.462     6.510   FAILED
 405   29   34   6.780    0.258    0.363    3.766     6.780   FAILED
 409   29   30   5.982    0.144    0.633    8.929     5.982   FAILED
 410   29   29  10.947    0.289    2.171    4.227    10.947   FAILED
 411   29   28  10.568    0.440    1.289    4.751    10.568   FAILED
 412   29   27  11.381    0.405    1.324    4.840    11.381   FAILED
 413   29   26  11.256    0.380    1.177    4.913    11.256   FAILED
 414   29   25  12.536    0.037    1.536    4.514    12.536   FAILED
 415   29   24  10.017    0.537    1.760    3.857    10.017   FAILED
 416   29   23  10.247    0.462    1.405    4.338    10.247   FAILED
 418   29   21  10.884    0.513    1.551    4.239    10.884   FAILED
 419   29   20  11.740    0.433    1.216    4.412    11.740   FAILED
 420   29   19  11.084    0.558    1.626    3.971    11.084   FAILED
 421   29   18  10.813    0.500    1.861    3.652    10.813   FAILED
 422   29   17  10.092    0.440    1.343    3.817    10.092   FAILED
 423   29   16  11.200    0.028    1.208    5.088    11.200   FAILED
 424   29   15  11.164    0.493    1.475    3.790    11.164   FAILED
 425   29   14  10.403    0.620    1.761    3.586    10.403   FAILED
 426   29   13  10.569    0.468    1.318    4.129    10.569   FAILED
 428   29   11  11.285    0.379    1.706    3.984    11.285   FAILED
 429   29   10  12.008    0.545    1.583    4.810    12.008   FAILED
 431   29    8   7.917   23.925    0.013    5.293     7.917   SUCCESS
 432   29    7   8.448   28.265    0.000    3.648     8.448   SUCCESS
 433   29    6  10.337    0.321    0.612    3.897    10.337   FAILED
 435   29    4  11.558    0.737    1.166    3.751    11.558   FAILED
 437   29    2   6.593    0.771    1.094    3.873     6.593   FAILED
 438   29    1   9.424   23.780    0.031   -3.851     9.424   SUCCESS
 439   29    0   7.459    1.218    0.038   -0.729     7.459   SUCCESS
 447   28   32  10.042    0.320    0.829    6.828    10.042   FAILED
 449   28   30   6.641    0.332    0.239      inf     6.641   FAILED
 450   28   29  10.462    0.627    1.500    3.799    10.462   FAILED
 451   28   28  10.496    0.158    1.137    3.975    10.496   FAILED
 452   28   27  12.675    0.536    1.196    2.800    12.675   FAILED
 453   28   26  11.178    0.046    0.838    6.219    11.178   FAILED
 454   28   25   8.419   35.726    0.004    3.750     8.419   SUCCESS
 455   28   24  11.048    0.631    1.519    4.170    11.048   FAILED
 456   28   23  11.428    0.587    1.526    4.184    11.428   FAILED
 457   28   22  11.606    0.707    1.827    2.832    11.606   FAILED
 458   28   21  11.459    0.416    1.064    4.865    11.459   FAILED
 459   28   20  12.081    0.519    1.371    3.736    12.081   FAILED
 461   28   18  10.979    0.560    1.415    4.075    10.979   FAILED
 462   28   17  10.697    0.422    1.030    4.064    10.697   FAILED
 463   28   16  10.099    0.458    1.161    4.723    10.099   FAILED
 464   28   15  10.810    0.417    1.020    5.091    10.810   FAILED
 465   28   14  11.114    0.582    1.436    3.828    11.114   FAILED
 466   28   13  11.178    0.118    1.420    4.185    11.178   FAILED
 467   28   12  11.256    0.063    1.022    4.448    11.256   FAILED
 468   28   11  11.866    0.691    1.271    2.840    11.866   FAILED
 469   28   10  12.236    0.419    0.848    4.442    12.236   FAILED
 471   28    8   8.500    0.000    0.000    5.623     8.500   SUCCESS
 479   28    0   9.232   12.196    2.131    6.781     9.232   SUCCESS
 481   27   38  11.500    0.000    0.000      inf    11.500   FAILED
 483   27   36  10.577    0.809    1.098    3.546    10.577   FAILED
 484   27   35  11.430    0.416    0.991    3.042    11.430   FAILED
 487   27   32  10.510    0.340    1.272    4.294    10.510   FAILED
 489   27   30  10.235    0.593    1.327    3.124    10.235   FAILED
 490   27   29  11.586    0.171    1.059    4.294    11.586   FAILED
 491   27   28  10.387    0.516    1.487    3.918    10.387   FAILED
 492   27   27  11.328    0.601    1.394    3.574    11.328   FAILED
 493   27   26  10.821    0.024    1.098    3.202    10.821   FAILED
 494   27   25  10.676    0.559    1.176    4.641    10.676   FAILED
 495   27   24  11.760    0.753    1.753    3.121    11.760   FAILED
 496   27   23  10.288    0.710    1.661    4.015    10.288   FAILED
 497   27   22  15.000   16.295    3.000   -0.000    15.000   FAILED
 498   27   21  10.983    0.643    1.508    4.013    10.983   FAILED
 499   27   20  10.844    0.688    1.714    3.351    10.844   FAILED
 500   27   19  11.961    0.434    0.972    4.015    11.961   FAILED
 501   27   18  11.748    0.796    1.755    2.844    11.748   FAILED
 502   27   17  11.184    0.875    2.117    3.152    11.184   FAILED
 503   27   16  11.487    0.387    0.915    4.533    11.487   FAILED
 504   27   15  10.845    0.398    0.822    5.685    10.845   FAILED
 505   27   14  11.551    0.555    1.392    3.434    11.551   FAILED
 506   27   13  11.948    0.504    1.439    3.454    11.948   FAILED
 508   27   11  10.702    0.600    1.488    4.571    10.702   FAILED
 509   27   10  10.699    0.527    1.306    4.429    10.699   FAILED
 519   27    0   8.422   24.188    0.006      inf     8.422   SUCCESS
 523   26   36   6.354    0.292    0.611    6.195     6.354   FAILED
 525   26   34   9.650    0.923    0.843      inf     9.650   FAILED
 526   26   33   8.910   25.252    0.007    3.358     8.910   SUCCESS
 530   26   29  11.955    1.046    2.193    2.548    11.955   FAILED
 531   26   28  10.303    0.483    1.019    2.912    10.303   FAILED
 532   26   27  10.224    0.421    0.947    4.007    10.224   FAILED
 533   26   26  11.419    0.690    1.617    4.147    11.419   FAILED
 535   26   24  11.380    0.584    1.537    3.868    11.380   FAILED
 536   26   23  10.877    0.560    1.370    4.291    10.877   FAILED
 537   26   22  21.415    7.605    1.694    1.035    21.415   SUCCESS
 538   26   21  11.756    0.507    1.140    3.570    11.756   FAILED
 539   26   20  12.990    0.685    1.544    3.119    12.990   FAILED
 540   26   19  10.637    0.596    1.352    3.117    10.637   FAILED
 541   26   18  10.985    0.447    1.389    3.668    10.985   FAILED
 542   26   17  11.128    0.657    1.503    4.012    11.128   FAILED
 543   26   16  10.412    0.228    1.459    3.724    10.412   FAILED
 545   26   14  12.405    0.651    1.288    3.470    12.405   FAILED
 546   26   13  11.971    0.886    1.782    2.839    11.971   FAILED
 547   26   12  12.608    1.688    2.766    2.126    12.608   FAILED
 548   26   11  10.505    0.189    0.722    4.450    10.505   FAILED
 549   26   10  11.787    1.104    1.978    2.890    11.787   FAILED
 550   26    9  12.802    0.497    0.677    2.116    12.802   FAILED
 551   26    8  10.420    0.134    1.308    3.875    10.420   FAILED
 552   26    7  10.812    0.543    0.835    4.515    10.812   FAILED
 553   26    6  10.731    0.591    0.884    3.504    10.731   FAILED
 556   26    3  10.323    0.000    0.963    2.908    10.323   SUCCESS
 557   26    2  11.155    0.676    1.187    3.142    11.155   FAILED
 561   25   38   6.991    0.291    0.466    3.944     6.991   FAILED
 566   25   33  10.449    0.089    0.566    8.652    10.449   FAILED
 570   25   29  11.539    1.037    2.078    2.470    11.539   FAILED
 571   25   28  11.379    0.242    1.487    2.964    11.379   FAILED
 573   25   26  11.351    0.065    1.556    3.197    11.351   FAILED
 574   25   25  11.804    0.474    1.009    4.652    11.804   FAILED
 575   25   24  11.595    0.676    1.469    3.209    11.595   FAILED
 576   25   23  11.627    0.504    1.051    3.948    11.627   FAILED
 577   25   22  10.570    0.581    1.213    5.680    10.570   FAILED
 578   25   21  12.590    0.053    1.158    3.583    12.590   FAILED
 579   25   20  11.425    0.078    1.040    3.791    11.425   FAILED
 580   25   19  10.905    0.538    1.122    3.094    10.905   FAILED
 581   25   18  11.947    0.626    2.055    2.478    11.947   FAILED
 582   25   17  10.672    0.778    1.757    3.734    10.672   FAILED
 583   25   16  11.531    0.061    1.365    3.227    11.531   FAILED
 584   25   15  10.079    0.729    1.584    3.015    10.079   FAILED
 585   25   14  10.821    0.612    1.301    2.894    10.821   FAILED
 586   25   13  30.500    0.808    0.725    1.804    30.500   FAILED
 587   25   12  11.645    0.759    1.413    4.048    11.645   FAILED
 588   25   11  11.838    0.768    1.573    2.686    11.838   FAILED
 589   25   10  11.531    0.891    1.699    3.050    11.531   FAILED
 593   25    6  10.113    0.526    1.105    3.791    10.113   FAILED
 594   25    5   6.413   31.169    0.003    3.503     6.413   SUCCESS
 600   24   39   8.948    0.410    0.370      inf     8.948   FAILED
 601   24   38   6.919    0.040    0.744    5.622     6.919   FAILED
 604   24   35   6.706    0.247    0.235      inf     6.706   FAILED
 606   24   33  11.830    0.728    1.379    2.716    11.830   FAILED
 607   24   32   9.009    0.311    0.323      inf     9.009   FAILED
 609   24   30  12.500    0.003    0.000   -0.731    12.500   SUCCESS
 610   24   29  11.527    0.711    1.477    2.801    11.527   FAILED
 611   24   28  11.797    0.426    0.906    3.738    11.797   FAILED
 613   24   26  10.575    0.918    1.913    3.319    10.575   FAILED
 614   24   25  10.901    0.691    1.512    2.905    10.901   FAILED
 615   24   24  10.912    0.895    1.808    3.176    10.912   FAILED
 616   24   23  10.754    0.430    0.846    3.782    10.754   FAILED
 617   24   22  12.091    0.696    1.392    3.171    12.091   FAILED
 619   24   20  13.003    0.630    1.313    2.899    13.003   FAILED
 620   24   19  10.867    0.688    1.533    3.319    10.867   FAILED
 621   24   18   8.328   23.629    0.001    4.479     8.328   SUCCESS
 622   24   17  12.226    0.652    1.526    3.683    12.226   FAILED
 623   24   16  10.580    0.558    1.181    3.201    10.580   FAILED
 624   24   15  10.377    0.654    1.430    4.103    10.377   FAILED
 625   24   14  10.877    0.203    0.769    4.643    10.877   FAILED
 626   24   13  10.955    0.801    1.421    2.745    10.955   FAILED
 627   24   12  11.418    0.035    1.061    3.732    11.418   FAILED
 628   24   11  10.403    0.569    1.157    3.960    10.403   FAILED
 629   24   10  10.620    0.137    1.074    2.902    10.620   FAILED
 639   24    0   7.459    1.218    0.038   -0.729     7.459   SUCCESS
 640   23   39   6.188    0.481    0.485    6.781     6.188   FAILED
 645   23   34   9.140   23.178    0.000    3.413     9.140   SUCCESS
 646   23   33  10.164    1.962    2.232    4.121    10.164   FAILED
 650   23   29  11.833    0.179    1.461    3.223    11.833   FAILED
 651   23   28  11.362    0.471    0.995    3.015    11.362   FAILED
 652   23   27  23.160    1.497    2.729    2.676    23.160   FAILED
 653   23   26  11.469    0.600    1.312    4.114    11.469   FAILED
 654   23   25  11.253    0.615    1.201    3.087    11.253   FAILED
 655   23   24  11.163    1.010    1.873    2.599    11.163   FAILED
 656   23   23  10.891    0.364    0.779    4.278    10.891   FAILED
 657   23   22  12.804    0.928    1.924    3.309    12.804   FAILED
 658   23   21  11.100    0.704    1.409    3.621    11.100   FAILED
 660   23   19  11.835    0.622    1.216    3.182    11.835   FAILED
 661   23   18  10.529    0.760    1.464    2.722    10.529   FAILED
 663   23   16  11.206    0.403    1.715    6.568    11.206   FAILED
 664   23   15  11.439    1.000    1.382    3.025    11.439   FAILED
 665   23   14  12.477    1.089    1.670    2.504    12.477   FAILED
 666   23   13  10.127    0.990    1.377    2.682    10.127   FAILED
 667   23   12  11.260    0.673    1.050    3.095    11.260   FAILED
 672   23    7  10.827    1.020    1.945    2.605    10.827   FAILED
 675   23    4  10.493    0.298    1.106    4.051    10.493   FAILED
 678   23    1  15.000   16.295    3.000   -0.000    15.000   FAILED
 679   23    0   6.933    0.091    0.374   11.590     6.933   FAILED
 680   22   39   5.004    0.000    0.000    3.561     5.004   SUCCESS
 681   22   38  10.644    0.725    1.069    3.414    10.644   FAILED
 684   22   35  15.000   16.295    3.000   -0.000    15.000   FAILED
 691   22   28  12.337    0.382    1.104    3.489    12.337   FAILED
 692   22   27  11.449    0.668    1.105    3.291    11.449   FAILED
 693   22   26  10.603    0.073    1.143    3.738    10.603   FAILED
 694   22   25  10.517    1.037    1.967    2.910    10.517   FAILED
 695   22   24  10.840    0.742    1.180    4.515    10.840   FAILED
 696   22   23  11.170    1.207    1.825    2.721    11.170   FAILED
 698   22   21  11.532    0.337    1.360    3.898    11.532   FAILED
 699   22   20  10.373    0.562    1.022    3.326    10.373   FAILED
 700   22   19  11.291    0.674    1.315    3.037    11.291   FAILED
 701   22   18  11.390    0.184    0.721    4.722    11.390   FAILED
 703   22   16  10.999    0.898    1.738    3.051    10.999   FAILED
 704   22   15  11.906    0.932    1.709    2.477    11.906   FAILED
 706   22   13  12.031    0.810    1.305    3.749    12.031   FAILED
 707   22   12  11.663    0.739    1.371    3.447    11.663   FAILED
 708   22   11  10.720    0.211    0.842    4.695    10.720   FAILED
 709   22   10  10.023    0.632    1.220    4.082    10.023   FAILED
 710   22    9  10.207    0.966    1.828    2.903    10.207   FAILED
 712   22    7  10.975    0.783    1.583    2.833    10.975   FAILED
 714   22    5  11.466    0.866    1.609    4.483    11.466   FAILED
 718   22    1   8.371   33.712    0.010    2.629     8.371   SUCCESS
 721   21   38  15.000   16.295    3.000   -0.000    15.000   FAILED
 724   21   35  15.000   16.295    3.000   -0.000    15.000   FAILED
 728   21   31  15.000   16.295    3.000   -0.000    15.000   FAILED
 729   21   30   7.885    1.403    0.014    6.209     7.885   SUCCESS
 730   21   29  12.100    0.591    0.935    2.605    12.100   FAILED
 731   21   28  11.309    1.096    2.112    2.917    11.309   FAILED
 732   21   27  12.569    0.838    1.556    2.599    12.569   FAILED
 733   21   26  12.193    0.981    1.746    2.628    12.193   FAILED
 734   21   25  11.153    0.703    1.143    2.816    11.153   FAILED
 735   21   24  11.814    0.650    0.789    2.228    11.814   FAILED
 736   21   23  10.945    0.835    1.502    3.144    10.945   FAILED
 737   21   22  10.863    0.794    1.385    2.979    10.863   FAILED
 738   21   21  11.550    0.988    1.663    2.495    11.550   FAILED
 739   21   20  10.269    0.385    1.099    3.104    10.269   FAILED
 740   21   19  11.759    0.642    1.103    3.291    11.759   FAILED
 741   21   18  10.178   25.628    0.002    3.800    10.178   SUCCESS
 742   21   17  11.339    0.526    0.665    3.546    11.339   FAILED
 743   21   16  12.090    0.834    1.179    3.270    12.090   FAILED
 744   21   15  10.790    1.247    1.817    2.712    10.790   FAILED
 745   21   14  10.922    0.310    0.842    3.546    10.922   FAILED
 746   21   13  11.613    1.837    2.325    2.791    11.613   FAILED
 747   21   12  13.153    0.572    0.635    4.589    13.153   FAILED
 748   21   11  13.733    0.571    0.745    9.685    13.733   FAILED
 749   21   10  12.847    1.792    2.726    2.221    12.847   FAILED
 751   21    8   8.346   34.587    0.010    4.591     8.346   SUCCESS
 755   21    4   5.581    0.140    0.153      inf     5.581   FAILED
 759   21    0  10.031    0.511    0.515    4.461    10.031   FAILED
 766   20   33  15.000   16.295    3.000   -0.000    15.000   FAILED
 767   20   32   9.282   24.008    0.001    7.104     9.282   SUCCESS
 769   20   30   9.340   20.320    0.001    2.851     9.340   SUCCESS
 770   20   29  12.473    0.769    1.456    2.599    12.473   FAILED
 771   20   28  10.517    0.690    1.390    3.621    10.517   FAILED
 772   20   27  10.145    0.554    1.101    3.782    10.145   FAILED
 774   20   25  15.000   16.295    3.000   -0.000    15.000   FAILED
 775   20   24  12.712    0.445    0.848    3.626    12.712   FAILED
 776   20   23  11.527    0.731    1.518    3.461    11.527   FAILED
 778   20   21  10.080    0.790    1.643    3.619    10.080   FAILED
 779   20   20  15.000   16.295    3.000   -0.000    15.000   FAILED
 780   20   19  15.000   16.295    3.000   -0.000    15.000   FAILED
 781   20   18  10.952    0.763    1.211    3.515    10.952   FAILED
 782   20   17  10.882    0.298    1.103    5.809    10.882   FAILED
 783   20   16  10.758    1.048    1.947    2.762    10.758   FAILED
 784   20   15  11.565    0.570    1.083    3.043    11.565   FAILED
 785   20   14   8.436   30.500    0.003    3.872     8.436   SUCCESS
 786   20   13  10.243    0.682    1.298    3.878    10.243   FAILED
 787   20   12  10.806    0.614    1.107    3.300    10.806   FAILED
 788   20   11  29.595    1.958    5.000    2.495    29.595   FAILED
 789   20   10  10.655    0.741    1.386    4.477    10.655   FAILED
 791   20    8   7.972   23.951    0.013      inf     7.972   FAILED
 796   20    3  10.506    0.344    0.553    8.750    10.506   FAILED
 798   20    1   9.424   23.780    0.031   -3.851     9.424   SUCCESS
 799   20    0   8.174   23.988    0.011   -0.728     8.174   SUCCESS
