110800
110801
110802
110803
110804
110805
110807
110808
110809
110810
110811
110812
110814
110815
110816
110818
110819
110820
110821
110822
110824
110828
110831
110833
110834
110835
110836
110837
110841
110843
110847
110848
110849
110851
110852
110853
110857
110859
110860
110861
110862
110863
110864
110865
110866
110868
110869
110870
110871
110872
110873
110874
110875
110876
110877
110878
110881
110882
110896
110897
110899
110900
110901
110902
110903
110904
110905
110907
110909
110910
110911
110912
110913
110914
110915
110916
110917
110918
110919
110920
110921
110923
110924
110926
110927
