111081
111082
111083
111092
111093
111094
111095
111096
111097
111098
111099
111100
111101
111102
111103
111106
111107
111108
111112
111113
111114
111115
111116
111117
111118
111119
111120
111121
111122
111123
111124
111126
111127
111128
111129
111131
111132
111133
111134
111135
111136
111140
111141
111142
111143
111144
111145
111146
111147
111148
111149
111150
111151
111152
111153
111154
111155
111156
111157
111158
111159
111160
111161
111162
111163
111164
111165
111166
111167
111168
111171
111172
111173
111174
111175
111176
111177
111178
111179
111180
111182
111183
111184
111185
111186
111187
111188
111189
111190
111191
111193
111194
111195
111196
111197
111201
111202
111203
111204
111205
111207
111208
111209
111210
111211
111212
111215
111216
111217
111222
111223
111224
111225
111227
111228
111229
111230
