110929
110931
110932
110933
110934
110936
110942
110943
110944
110945
110946
110949
110950
110951
110953
110955
110956
110957
110958
110959
110961
110962
110963
110964
110965
110967
110968
110969
110970
110971
110973
110991
110993
110994
110995
110996
110997
110998
110999
111000
111002
111005
111006
111007
111008
111009
111010
111014
111015
111016
111018
111020
111021
111022
111023
111024
111026
111027
111028
111029
111030
111031
111033
111034
111036
111037
111041
111042
111043
111044
111045
111046
111047
111048
111050
111052
111054
111055
111056
111057
111062
111064
111065
111067
111068
111069
111070
111071
111072
111073
111074
111075
111078
111079
111080
