111721
111722
111723
111724
111725
111729
111730
111731
111732
111733
111738
111740
111741
111742
111743
111744
111745
111746
111747
111748
111749
111750
111751
111752
111753
111754
111756
111757
111759
111764
111765
111768
111769
111772
111773
111775
111776
111777
111778
111779
111781
111782
111784
111785
111787
111788
111789
111790
111791
111792
111793
111794
111796
111797
111798
111799
111800
111802
111803
111805
111806
111807
111808
111816
111817
111819
111820
111821
111822
111825
111827
111828
111829
111830
111831
111834
111835
111836
111837
111838
111839
111840
111841
111842
111850
111851
111854
111855
111856
111857
111858
111859
111860
111861
111862
111863
111865
111866
111867
111868
111869
111870
111872
111873
111874
111875
111878
111879
111880
111881
111882
111883
111884
111885
111886
111889
111890
111891
111894
111895
111896
111897
111898
111899
111901
111902
111903
111904
111905
111907
111915
111916
111918
111920
111922
111923
111924
111925
111926
111927
111935
111937
111938
111939
111940
111941
111943
111945
111946
111947
111948
111949
111950
111951
111952
111953
111954
111957
111958
111959
111960
111961
111962
111964
111969
111970
111973
111975
111979
111985
111990
111991
111992
111994
111995
111996
112000
112001
