110743
110746
110771
110772
110773
110774
110788
110795
110800
110801
110802
110808
110810
110812
110815
110820
110822
110829
110846
110852
110853
110854
110858
110865
110867
110869
110875
110877
110878
110931
110937
110942
110943
110944
110951
110953
110954
110955
110958
110959
110961
110965
110968
110971
110972
110993
110999
111005
111006
111009
111022
111024
111025
111030
111031
111048
111054
111062
111063
111078
111082
111083
111093
111099
111101
111112
111114
111120
111124
111128
111131
111132
111133
111134
111135
111136
111146
111151
111153
111156
111158
111163
111164
111165
111172
111173
111178
111184
111187
111188
111210
111217
111222
111232
111234
111235
111238
111239
111243
111257
111259
111260
111267
111268
111269
111272
111275
111282
111283
111285
111287
111294
111300
111330
111332
111335
111338
111342
111350
111353
111356
111358
111360
111366
111367
111370
111375
111378
111381
111382
111391
111393
111396
111410
111419
111433
111437
111438
111443
111446
111460
111461
111475
111478
111480
111489
111492
111496
111497
111498
111501
111504
111508
111510
111512
111513
111514
111528
111529
111530
111535
111539
111541
111553
111554
111558
111562
111570
111573
111575
111576
111580
111581
111582
111584
111585
111586
111587
111588
111590
111592
111594
111595
111602
111603
111606
111607
111611
111617
111624
111625
111628
111640
111643
111656
111663
111666
111687
111700
111712
111715
111723
111728
111731
111740
111746
111749
111752
111756
111759
111763
111772
111775
111777
111778
111781
111785
111789
111790
111801
111820
111824
111831
111850
111856
111857
111859
111860
111865
111866
111867
111873
111880
111883
111884
111885
111889
111896
111908
111924
111933
111936
111950
111960
111962
111971
111972
111974
111977
111978
111984
111986
111987
111988
111989
111997
111998
111999
