// index column row  mean  error sigma   chi2/ndf width  status
   0   39   39   6.459    3.939    0.521   11.548     6.459   FAILED
   7   39   32   6.579    1.687    0.445   10.870     6.579   FAILED
   9   39   30   6.582    0.651    0.256   20.280     6.582   FAILED
  12   39   27   6.603    1.031    0.458   21.325     6.603   FAILED
  18   39   21   7.233    0.238    0.413   17.952     7.233   SUCCESS
  21   39   18   8.464    1.257    0.434   23.808     8.464   SUCCESS
  22   39   17   7.270    0.885    0.227   13.660     7.270   SUCCESS
  25   39   14   7.781    0.230    0.407   22.971     7.781   SUCCESS
  29   39   10   5.311   20.318    0.283   10.797     5.311   FAILED
  47   38   32   6.991    0.141    0.498   18.766     6.991   FAILED
  49   38   30   6.950    1.472    0.324   29.553     6.950   FAILED
  50   38   29   7.973    1.202    0.338   30.311     7.973   SUCCESS
  51   38   28   6.002    0.138    0.397   17.461     6.002   FAILED
  56   38   23   6.474   24.167    0.226   16.315     6.474   FAILED
  61   38   18   5.810    1.299    0.446   21.890     5.810   FAILED
  62   38   17   6.945    0.560    0.371   31.256     6.945   FAILED
  69   38   10   6.515    3.374    0.387   19.704     6.515   FAILED
  72   38    7   6.560    0.505    0.433    9.246     6.560   FAILED
  75   38    4   7.629    0.694    0.546   23.921     7.629   SUCCESS
  80   37   39   5.241    0.834    0.361   24.339     5.241   FAILED
  81   37   38   6.825    0.158    0.476   17.236     6.825   FAILED
  87   37   32   7.680    2.040    0.453   19.667     7.680   SUCCESS
  94   37   25   5.962    1.379    0.254   18.347     5.962   FAILED
  96   37   23   6.354    3.459    0.398   18.023     6.354   FAILED
  98   37   21   8.272    0.198    0.523   19.271     8.272   SUCCESS
 102   37   17   6.819    3.703    0.363   13.789     6.819   FAILED
 104   37   15   6.992    1.240    0.493   23.667     6.992   FAILED
 108   37   11   6.818    3.552    0.341   17.184     6.818   FAILED
 116   37    3   7.283    0.160    0.735   10.145     7.283   SUCCESS
 118   37    1   7.845    1.837    0.386   15.390     7.845   SUCCESS
 121   36   38   6.402    1.139    0.251   28.181     6.402   FAILED
 124   36   35   6.572    0.234    0.205   21.715     6.572   FAILED
 130   36   29   6.897    0.381    0.451   19.032     6.897   SUCCESS
 136   36   23   6.725    0.684    0.598    9.313     6.725   FAILED
 139   36   20   6.584    3.635    0.534   13.297     6.584   FAILED
 142   36   17   7.651    0.456    0.337   15.921     7.651   SUCCESS
 143   36   16   7.685    0.242    0.390   25.585     7.685   SUCCESS
 148   36   11   7.704    1.296    0.365   21.087     7.704   SUCCESS
 153   36    6   6.453    1.346    0.444   22.451     6.453   FAILED
 160   35   39   5.000    0.003    1.790   63.572     5.000   FAILED
 162   35   37   5.165    2.920    0.194   32.259     5.165   FAILED
 163   35   36   6.765    0.077    0.288   25.835     6.765   FAILED
 164   35   35   6.468    3.870    0.266   19.690     6.468   FAILED
 166   35   33   6.922    3.872    0.421   21.998     6.922   FAILED
 167   35   32   6.761    2.552    0.420   22.997     6.761   FAILED
 174   35   25   7.244    0.362    0.363   19.925     7.244   SUCCESS
 189   35   10   6.961    1.463    0.371   13.231     6.961   FAILED
 190   35    9   6.488   12.790    0.600   10.300     6.488   FAILED
 191   35    8   6.842    1.461    0.458   17.988     6.842   FAILED
 199   35    0   8.342    0.234    0.368   22.674     8.342   SUCCESS
 200   34   39   7.200    1.158    0.352   19.502     7.200   SUCCESS
 203   34   36   6.931    3.765    0.519   19.314     6.931   FAILED
 205   34   34   5.002    1.378    0.340   15.083     5.002   FAILED
 211   34   28   7.393    0.456    0.429   23.466     7.393   SUCCESS
 212   34   27   5.756    4.173    0.235   25.988     5.756   FAILED
 214   34   25   5.081    0.157    0.000    5.079     5.081   FAILED
 216   34   23   6.607    4.404    0.484   11.200     6.607   FAILED
 218   34   21   6.301    2.037    0.457    7.648     6.301   FAILED
 224   34   15   7.682    0.469    0.564   12.302     7.682   SUCCESS
 225   34   14   6.152    0.963    0.426   19.255     6.152   FAILED
 226   34   13   6.253    2.815    0.406   20.386     6.253   FAILED
 229   34   10   8.448    1.427    0.466   19.508     8.448   SUCCESS
 233   34    6   6.534    1.794    0.497    9.874     6.534   FAILED
 234   34    5   6.011    0.091    0.330   22.004     6.011   FAILED
 237   34    2   6.772    0.081    0.333   33.000     6.772   FAILED
 238   34    1   7.563    1.221    0.362   23.977     7.563   SUCCESS
 240   33   39   6.987    2.745    0.586   17.183     6.987   FAILED
 242   33   37   6.449    0.076    0.433   27.318     6.449   FAILED
 251   33   28   6.819    1.668    0.197    8.238     6.819   FAILED
 253   33   26   6.716    1.008    0.281   10.599     6.716   SUCCESS
 255   33   24   6.524    0.079    0.349   25.233     6.524   FAILED
 258   33   21   6.683    1.291    0.450   25.648     6.683   FAILED
 262   33   17   6.524    4.910    0.255   22.028     6.524   FAILED
 266   33   13   6.006   15.002    0.482   18.311     6.006   FAILED
 269   33   10   6.363    3.539    0.490   16.075     6.363   FAILED
 273   33    6   6.953    5.468    0.498    7.122     6.953   FAILED
 274   33    5   6.086    0.912    0.364   23.051     6.086   FAILED
 276   33    3   6.647    3.117    0.442   21.782     6.647   FAILED
 278   33    1   6.498    4.242    0.312   14.980     6.498   FAILED
 280   32   39   6.872    2.803    0.343    9.246     6.872   FAILED
 287   32   32   6.259    3.677    0.325   20.264     6.259   FAILED
 291   32   28   6.135   14.937    0.390    8.629     6.135   FAILED
 304   32   15   6.566    3.401    0.536   15.644     6.566   FAILED
 306   32   13   6.509   15.020    0.396   14.314     6.509   SUCCESS
 309   32   10   8.699    0.333    0.477   16.429     8.699   SUCCESS
 310   32    9   6.167    3.307    0.483   13.530     6.167   FAILED
 312   32    7   6.842    2.400    0.431   11.605     6.842   FAILED
 316   32    3   6.488    0.997    0.407   20.063     6.488   FAILED
 319   32    0   7.690    0.415    0.372   11.858     7.690   SUCCESS
 333   31   26   6.734    1.984    0.753    7.595     6.734   FAILED
 335   31   24   6.461    0.945    0.353   23.939     6.461   FAILED
 336   31   23   6.563    0.103    0.224   24.882     6.563   FAILED
 337   31   22   6.796    0.069    0.587    8.619     6.796   FAILED
 338   31   21   6.872    1.238    0.410   22.300     6.872   FAILED
 339   31   20   6.951    0.952    0.483   23.760     6.951   FAILED
 342   31   17   5.891    3.481    0.374   17.378     5.891   FAILED
 345   31   14   5.896    1.488    0.421   18.058     5.896   FAILED
 346   31   13   8.433    0.397    0.377   14.834     8.433   SUCCESS
 347   31   12   6.507    1.527    0.375   16.565     6.507   FAILED
 354   31    5   5.740    4.091    0.350   19.559     5.740   FAILED
 355   31    4   6.787    4.365    0.462   12.551     6.787   FAILED
 357   31    2   6.732    3.319    0.449   18.589     6.732   FAILED
 358   31    1   8.911    0.759    0.558   15.279     8.911   SUCCESS
 359   31    0   6.557    0.030    0.539   15.292     6.557   FAILED
 362   30   37   6.525    3.362    0.458   18.341     6.525   FAILED
 369   30   30   7.959    0.551    0.359   20.764     7.959   SUCCESS
 370   30   29   6.680    2.990    0.432   22.587     6.680   FAILED
 372   30   27   6.946    0.097    0.418   21.960     6.946   FAILED
 374   30   25   6.811    0.082    0.387   28.907     6.811   FAILED
 377   30   22   6.713    2.363    0.326    8.253     6.713   FAILED
 379   30   20   8.099    0.555    0.592   11.936     8.099   SUCCESS
 381   30   18   6.759    3.945    0.454   14.959     6.759   FAILED
 384   30   15   7.437    0.685    0.396   12.079     7.437   SUCCESS
 388   30   11   6.656    0.154    0.667    8.609     6.656   FAILED
 392   30    7   6.538    3.337    0.432   16.600     6.538   FAILED
 393   30    6   5.993    4.774    0.369   19.146     5.993   FAILED
 396   30    3   6.778    2.866    0.441   10.962     6.778   FAILED
 397   30    2   6.336    3.161    0.416   23.855     6.336   FAILED
 404   29   35   6.419    1.789    0.515   15.957     6.419   FAILED
 407   29   32   7.653    1.774    0.600   12.398     7.653   SUCCESS
 409   29   30   6.058    3.710    0.481   19.914     6.058   FAILED
 424   29   15  12.298    0.110    0.689   23.272    12.298   FAILED
 429   29   10  10.994    0.120    0.573   27.191    10.994   FAILED
 435   29    4   6.014    0.027    0.349   24.131     6.014   FAILED
 436   29    3   7.396    1.337    0.342   21.383     7.396   SUCCESS
 437   29    2   5.472    5.410    0.237   25.393     5.472   FAILED
 439   29    0   6.995    1.540    0.511   11.937     6.995   FAILED
 440   28   39   6.401    3.173    0.386   23.881     6.401   FAILED
 443   28   36   8.228    1.177    0.389   22.508     8.228   SUCCESS
 446   28   33   7.661    0.964    0.531   25.076     7.661   SUCCESS
 452   28   27  12.474    1.895    0.991   26.310    12.474   FAILED
 463   28   16  10.483    0.151    0.915   12.784    10.483   FAILED
 477   28    2   6.148    0.075    0.404   27.014     6.148   FAILED
 478   28    1   6.060    2.790    0.385   26.229     6.060   FAILED
 479   28    0   6.969    0.356    0.555   11.970     6.969   FAILED
 485   27   34   8.436    1.358    0.331   22.540     8.436   SUCCESS
 490   27   29   8.805    5.057    0.576   21.794     8.805   SUCCESS
 493   27   26  10.470    1.390    0.809   28.427    10.470   FAILED
 494   27   25  10.025    0.177    0.547   19.756    10.025   FAILED
 497   27   22  12.535    0.848    0.622   22.660    12.535   FAILED
 499   27   20  10.525    2.389    0.951   17.301    10.525   FAILED
 502   27   17  10.082    0.123    0.457   27.538    10.082   FAILED
 505   27   14  11.524    1.166    0.407   24.683    11.524   SUCCESS
 508   27   11  10.913    0.288    0.827   22.230    10.913   FAILED
 509   27   10  10.967    2.765    0.604   19.070    10.967   FAILED
 519   27    0   5.210    1.055    0.493    9.035     5.210   FAILED
 521   26   38   6.668    0.167    0.411   19.073     6.668   FAILED
 523   26   36   5.840    3.669    0.294   19.924     5.840   FAILED
 527   26   32   6.929    0.083    0.429   22.585     6.929   FAILED
 529   26   30   8.215    1.128    0.545   11.945     8.215   SUCCESS
 531   26   28  11.444    3.081    0.791   18.781    11.444   FAILED
 533   26   26  10.169    0.536    0.677   17.503    10.169   FAILED
 534   26   25  11.725    0.333    0.715    9.200    11.725   FAILED
 537   26   22  10.362    0.027    0.558   24.443    10.362   FAILED
 538   26   21  11.426    1.802    0.672   25.639    11.426   FAILED
 540   26   19   6.835    0.077    0.294   29.064     6.835   FAILED
 541   26   18   6.805    0.084    0.569   22.657     6.805   FAILED
 545   26   14  11.849    0.563    0.759   26.057    11.849   FAILED
 556   26    3   8.314    4.547    0.490   26.293     8.314   SUCCESS
 560   25   39   6.978    1.401    0.345   11.397     6.978   FAILED
 563   25   36   8.065    0.256    0.345   24.543     8.065   SUCCESS
 564   25   35   6.458    0.083    0.506   20.550     6.458   FAILED
 566   25   33   6.520    0.086    0.353   20.830     6.520   FAILED
 571   25   28  10.188    0.228    0.958   10.536    10.188   FAILED
 572   25   27  11.551    0.353    0.529   23.187    11.551   FAILED
 573   25   26  10.310    0.316    0.693   16.632    10.310   FAILED
 575   25   24  12.595    0.799    0.658   23.234    12.595   FAILED
 576   25   23  11.225    1.965    0.202   21.938    11.225   FAILED
 577   25   22   6.610    1.182    0.251   26.597     6.610   FAILED
 583   25   16   6.916    2.098    0.457   29.814     6.916   FAILED
 584   25   15   5.500    1.324    0.154   30.855     5.500   FAILED
 588   25   11   6.917    0.110    0.133   37.133     6.917   FAILED
 589   25   10   5.113    0.001    0.000   38.902     5.113   FAILED
 600   24   39   6.614    0.118    0.521   11.868     6.614   FAILED
 601   24   38   6.859    3.876    0.413   25.079     6.859   FAILED
 609   24   30   6.328    1.668    0.377   10.408     6.328   FAILED
 619   24   20   8.604    0.275    0.407   26.331     8.604   SUCCESS
 624   24   15   8.272    0.331    0.426   26.763     8.272   SUCCESS
 629   24   10   5.000    0.041    0.258   45.119     5.000   FAILED
 630   24    9   6.682    0.135    0.414   27.269     6.682   FAILED
 648   23   31   6.834    1.166    0.446   24.518     6.834   FAILED
 656   23   23   5.713    0.188    0.449   29.568     5.713   FAILED
 660   23   19  10.441    0.133    0.799   24.463    10.441   FAILED
 664   23   15   6.954    0.025    0.421   27.099     6.954   FAILED
 677   23    2   6.397    0.087    0.319   27.215     6.397   FAILED
 679   23    0   6.982    0.767    0.273   29.409     6.982   SUCCESS
 687   22   32   5.849   15.503    0.232   21.939     5.849   FAILED
 692   22   27  10.786    0.502    0.423   32.736    10.786   FAILED
 693   22   26   6.684    0.172    0.353   31.062     6.684   FAILED
 703   22   16  10.365    0.611    0.482   29.685    10.365   FAILED
 712   22    7   8.217    1.049    0.433   26.093     8.217   SUCCESS
 714   22    5   6.732    3.776    0.424   21.005     6.732   SUCCESS
 715   22    4   6.181    2.689    0.487   21.040     6.181   FAILED
 722   21   37   6.613    3.346    0.346   28.690     6.613   FAILED
 728   21   31   5.000    0.036    0.871    9.631     5.000   FAILED
 730   21   29   6.987    0.089    0.460   31.546     6.987   FAILED
 732   21   27  11.467    1.732    0.530   25.551    11.467   FAILED
 740   21   19  11.601    0.736    0.567   26.065    11.601   FAILED
 747   21   12   6.511    1.282    0.353   28.520     6.511   FAILED
 749   21   10   5.982   13.186    0.340   28.984     5.982   FAILED
 755   21    4   6.233    1.263    0.366   24.011     6.233   FAILED
 760   20   39   7.181    0.579    0.432    8.304     7.181   SUCCESS
 761   20   38   6.900    1.029    0.399   19.578     6.900   FAILED
 765   20   34   6.962    0.017    0.350   25.666     6.962   FAILED
 767   20   32   6.796    1.272    0.444   23.187     6.796   FAILED
 773   20   26  10.152    1.351    0.673   27.521    10.152   FAILED
 776   20   23  11.710    0.563    0.480   29.634    11.710   FAILED
 784   20   15  10.181    0.120    0.709   27.744    10.181   FAILED
 792   20    7   6.457    3.432    0.418   20.639     6.457   FAILED
 794   20    5   6.025    1.100    0.500   23.998     6.025   FAILED
 795   20    4   6.391    3.655    0.303   18.742     6.391   FAILED
 797   20    2   6.635    1.090    0.540   24.103     6.635   FAILED
 799   20    0   7.761    1.454    0.403   18.477     7.761   SUCCESS
 800   19   39   6.868    0.325    0.466   14.467     6.868   FAILED
 802   19   37   6.583    3.523    0.517   18.374     6.583   FAILED
 807   19   32   7.631    1.436    0.416   22.763     7.631   SUCCESS
 809   19   30   5.521    5.279    0.256   21.795     5.521   FAILED
 811   19   28  10.294    0.144    0.535   27.524    10.294   FAILED
 821   19   18   8.365    0.031    0.480   27.573     8.365   SUCCESS
 835   19    4   6.293    3.384    0.481   14.130     6.293   FAILED
 837   19    2   7.224    0.439    0.697   14.827     7.224   SUCCESS
 838   19    1   6.921    3.145    0.503   18.338     6.921   FAILED
 839   19    0   7.899    1.257    0.277   23.423     7.899   SUCCESS
 840   18   39   6.651    1.293    0.456   19.871     6.651   FAILED
 841   18   38   6.982    0.463    0.413   16.543     6.982   FAILED
 851   18   28   6.990    0.152    0.434   31.187     6.990   FAILED
 857   18   22  11.582    0.536    0.685   28.229    11.582   FAILED
 864   18   15  11.372    2.034    0.542   26.217    11.372   FAILED
 873   18    6   8.146    2.036    0.386   11.929     8.146   SUCCESS
 878   18    1   5.510    1.270    0.324   30.170     5.510   FAILED
 881   17   38   7.380    1.000    0.540   17.859     7.380   SUCCESS
 887   17   32   7.480    1.286    0.335   28.322     7.480   SUCCESS
 890   17   29   9.850    1.260    0.606   24.613     9.850   SUCCESS
 892   17   27  10.433    0.007    0.804   27.742    10.433   FAILED
 895   17   24  11.316    0.163    0.786   27.965    11.316   FAILED
 901   17   18  11.825    0.123    0.565   32.915    11.825   FAILED
 902   17   17   6.679    0.022    0.320   30.223     6.679   FAILED
 906   17   13   8.767    0.600    0.463   25.660     8.767   SUCCESS
 909   17   10  11.513    2.157    0.413   21.187    11.513   FAILED
 912   17    7   5.714   15.519    0.358   16.566     5.714   FAILED
 914   17    5   6.772    0.929    0.605   19.302     6.772   FAILED
 915   17    4   7.236    0.541    0.462   21.041     7.236   SUCCESS
 917   17    2   6.386    0.937    0.380   25.190     6.386   FAILED
 921   16   38   6.970    3.026    0.572   19.331     6.970   FAILED
 939   16   20  10.834    0.736    0.137   25.348    10.834   SUCCESS
 947   16   12   8.562    0.272    0.273   25.648     8.562   SUCCESS
 951   16    8   8.014    0.186    0.530   16.203     8.014   SUCCESS
 953   16    6   6.836    0.079    0.367   26.038     6.836   FAILED
 959   16    0   6.420    0.011    0.488   24.205     6.420   FAILED
 968   15   31   7.826    0.090    0.562   23.431     7.826   SUCCESS
 973   15   26  10.583    0.398    0.896   26.968    10.583   FAILED
 977   15   22   8.456    1.209    0.367   30.530     8.456   SUCCESS
 983   15   16   6.669    1.450    0.353   27.244     6.669   FAILED
 984   15   15  10.156    0.779    0.603   25.296    10.156   FAILED
 991   15    8   5.593    1.165    0.486   17.095     5.593   FAILED
 993   15    6   7.827    1.266    0.448   24.204     7.827   SUCCESS
1012   14   27   9.164    0.322    0.239   23.736     9.164   SUCCESS
1024   14   15   6.356    0.502    0.510   22.098     6.356   FAILED
1027   14   12   6.785    1.156    0.367   25.179     6.785   FAILED
1029   14   10  10.744    0.115    0.535   29.838    10.744   FAILED
1032   14    7   5.890    3.419    0.537   11.773     5.890   FAILED
1035   14    4   6.362    0.904    0.423   17.982     6.362   FAILED
1037   14    2   8.082    0.478    0.353   19.642     8.082   SUCCESS
1040   13   39   6.656    3.605    0.538   16.500     6.656   FAILED
1045   13   34   7.663    0.702    0.395   22.692     7.663   SUCCESS
1047   13   32   6.842    0.621    0.579    8.745     6.842   FAILED
1051   13   28  10.107    0.119    0.469   27.748    10.107   FAILED
1057   13   22   9.674    1.402    0.460   24.935     9.674   SUCCESS
1078   13    1   6.370    0.024    0.462   22.397     6.370   FAILED
1079   13    0   6.719    1.472    0.522   19.885     6.719   FAILED
1080   12   39   7.447    0.592    0.392   23.405     7.447   SUCCESS
1083   12   36   6.657    2.724    0.526   19.141     6.657   FAILED
1085   12   34   7.656    1.443    0.468   10.800     7.656   SUCCESS
1086   12   33   6.687    2.843    0.368   28.819     6.687   FAILED
1092   12   27   6.439    0.092    0.951   27.518     6.439   SUCCESS
1093   12   26  10.206    0.028    0.848   22.904    10.206   SUCCESS
1105   12   14  11.289    0.131    0.406   28.153    11.289   FAILED
1106   12   13  12.745    4.029    0.260   22.153    12.745   FAILED
1107   12   12  11.803    0.473    0.877   24.407    11.803   FAILED
1111   12    8   6.872   12.824    0.318   19.383     6.872   FAILED
1115   12    4   8.249    1.443    0.448   14.735     8.249   SUCCESS
1117   12    2   5.734    1.171    0.262   34.632     5.734   FAILED
1119   12    0   5.060   14.982    0.666   11.143     5.060   FAILED
1129   11   30   6.965    0.959    0.421   24.043     6.965   FAILED
1136   11   23  11.090    0.574    0.436   30.371    11.090   FAILED
1140   11   19   6.369    0.443    0.494   25.586     6.369   FAILED
1141   11   18   7.019    1.379    0.539   25.315     7.019   SUCCESS
1144   11   15  10.166    3.062    0.444   26.304    10.166   FAILED
1145   11   14  11.948    0.016    0.554   29.001    11.948   FAILED
1147   11   12  10.292    0.115    0.529   28.523    10.292   FAILED
1150   11    9   6.622    0.966    0.474   23.735     6.622   FAILED
1152   11    7   6.604    0.121    0.391   15.757     6.604   FAILED
1154   11    5   6.992    1.208    0.585   16.473     6.992   FAILED
1155   11    4   7.701    0.271    0.437   13.892     7.701   SUCCESS
1161   10   38   6.710    0.042    0.406   20.288     6.710   FAILED
1167   10   32   6.421    0.106    0.571    8.059     6.421   FAILED
1180   10   19   6.920    0.703    0.387   28.362     6.920   SUCCESS
1181   10   18   8.570    0.589    0.462   20.982     8.570   SUCCESS
1198   10    1   6.912    3.021    0.458   22.010     6.912   FAILED
1210    9   29   6.680    3.545    0.618   16.490     6.680   FAILED
1218    9   21   6.445    0.022    0.517   30.898     6.445   FAILED
1221    9   18   6.939    0.966    0.518   18.672     6.939   FAILED
1222    9   17   8.491    0.285    0.548   17.991     8.491   SUCCESS
1229    9   10   6.775    0.082    0.379   28.973     6.775   FAILED
1237    9    2   7.906    1.282    0.481   24.629     7.906   SUCCESS
1251    8   28   6.661    2.135    0.366    7.545     6.661   FAILED
1252    8   27   5.393    2.517    0.468   10.227     5.393   FAILED
1254    8   25   7.765    0.450    0.480   24.521     7.765   SUCCESS
1256    8   23   6.816    1.268    0.296   25.677     6.816   FAILED
1259    8   20   7.415    0.362    0.524    7.805     7.415   SUCCESS
1265    8   14   6.621    0.015    0.453   26.335     6.621   FAILED
1269    8   10   6.923    0.087    0.413   21.831     6.923   FAILED
1273    8    6   8.431    0.338    0.387   12.819     8.431   SUCCESS
1277    8    2   6.785    0.096    0.370   23.074     6.785   FAILED
1292    7   27   6.340    0.001    0.603   16.865     6.340   FAILED
1293    7   26   6.549    1.226    0.369   28.456     6.549   FAILED
1294    7   25   8.000    0.409    0.406   17.508     8.000   SUCCESS
1298    7   21   6.890    0.420    0.287   21.748     6.890   SUCCESS
1299    7   20   7.493    0.362    0.374   27.770     7.493   SUCCESS
1310    7    9   7.385    0.593    0.579   12.581     7.385   SUCCESS
1312    7    7   6.670    1.361    0.422   24.522     6.670   FAILED
1317    7    2   7.319    0.365    0.502   15.409     7.319   SUCCESS
1322    6   37   7.966    0.211    0.483   18.441     7.966   SUCCESS
1328    6   31   5.845    3.831    0.559    5.529     5.845   FAILED
1331    6   28   6.692    0.091    0.356   22.305     6.692   FAILED
1332    6   27   6.737    1.332    0.181   21.567     6.737   FAILED
1333    6   26   6.076   13.003    0.605   11.233     6.076   FAILED
1337    6   22   7.777    1.308    0.434   20.179     7.777   SUCCESS
1341    6   18   6.569    4.268    0.349   13.647     6.569   FAILED
1348    6   11   6.759    0.962    0.475   22.392     6.759   FAILED
1357    6    2   6.665    2.086    0.367   13.745     6.665   FAILED
1358    6    1   6.378    4.274    0.260   21.371     6.378   FAILED
1360    5   39   7.700    0.538    0.785    6.818     7.700   SUCCESS
1366    5   33   7.635    1.324    0.662    9.841     7.635   SUCCESS
1370    5   29   6.775   12.586    0.256   27.309     6.775   FAILED
1372    5   27   6.979    0.119    0.459   17.393     6.979   FAILED
1382    5   17   6.770    0.355    0.278   16.158     6.770   SUCCESS
1387    5   12   9.125    0.300    0.421   12.797     9.125   SUCCESS
1388    5   11   6.155    0.097    0.549   14.127     6.155   FAILED
1389    5   10   6.255    3.685    0.335   18.762     6.255   FAILED
1390    5    9   8.752    0.136    0.472   21.024     8.752   SUCCESS
1407    4   32   6.897    0.193    0.738    6.054     6.897   FAILED
1409    4   30   5.392   15.461    0.381   15.771     5.392   FAILED
1413    4   26   6.641    1.429    0.434   12.784     6.641   FAILED
1414    4   25   7.481    0.000    0.925    4.367     7.481   SUCCESS
1419    4   20   7.487    1.145    0.472   23.064     7.487   SUCCESS
1427    4   12   6.197    3.020    0.560   16.289     6.197   FAILED
1429    4   10   6.917    3.870    0.468   15.078     6.917   FAILED
1431    4    8   8.038    0.577    0.548    8.870     8.038   SUCCESS
1432    4    7   5.912    0.170    0.306   22.663     5.912   FAILED
1440    3   39   5.791   14.003    0.496   13.257     5.791   FAILED
1455    3   24   6.869    0.097    0.438   13.191     6.869   SUCCESS
1457    3   22   5.683    1.548    0.407   16.938     5.683   FAILED
1464    3   15   6.413    1.382    0.378   24.812     6.413   FAILED
1466    3   13   6.644    1.321    0.313   28.915     6.644   FAILED
1474    3    5   7.859    0.362    0.388   25.735     7.859   SUCCESS
1476    3    3   6.808    4.018    0.477   14.583     6.808   FAILED
1481    2   38   5.914    4.638    0.590   14.939     5.914   FAILED
1486    2   33   7.554    0.859    0.454   20.901     7.554   SUCCESS
1495    2   24   6.810    1.748    0.314   25.140     6.810   FAILED
1498    2   21   5.741   13.559    0.366   12.604     5.741   FAILED
1501    2   18   5.837    3.063    0.354   25.277     5.837   SUCCESS
1504    2   15   6.378   13.707    0.468   10.039     6.378   FAILED
1509    2   10   5.031   18.309    0.183   24.009     5.031   FAILED
1514    2    5   5.621   17.355    0.557    7.627     5.621   FAILED
1525    1   34   6.532    1.318    0.447   17.130     6.532   FAILED
1528    1   31   8.057    1.202    0.266   28.610     8.057   SUCCESS
1530    1   29   6.071    2.598    0.390   24.145     6.071   FAILED
1536    1   23   7.591    0.332    0.353   17.378     7.591   SUCCESS
1538    1   21   6.871    1.466    0.401   18.701     6.871   FAILED
1542    1   17   6.981    1.359    0.404   18.457     6.981   SUCCESS
1545    1   14   8.022    0.371    0.513   10.738     8.022   SUCCESS
1548    1   11   6.489    0.944    0.498   15.396     6.489   FAILED
1551    1    8   7.735    0.670    0.458   12.857     7.735   SUCCESS
1554    1    5   7.930    0.272    0.388   16.733     7.930   SUCCESS
1555    1    4   6.386    3.091    0.471   21.899     6.386   FAILED
1557    1    2   6.157    0.019    0.322   13.338     6.157   FAILED
1559    1    0   8.632    1.592    0.544   11.930     8.632   SUCCESS
1562    0   37   8.095    0.459    0.364    5.567     8.095   SUCCESS
1563    0   36   5.894    1.840    0.277   12.587     5.894   FAILED
1568    0   31   7.012    0.405    0.432   12.118     7.012   SUCCESS
1573    0   26   6.964    0.040    0.713   13.476     6.964   FAILED
1574    0   25   6.277    1.497    0.304   19.389     6.277   FAILED
1580    0   19   6.682    2.749    0.550   21.675     6.682   FAILED
1581    0   18   7.951    1.365    0.510   18.093     7.951   SUCCESS
1583    0   16   6.520    3.821    0.496   14.056     6.520   FAILED
1584    0   15   6.950    0.096    0.358   20.412     6.950   FAILED
1586    0   13   7.664    1.041    0.385   11.648     7.664   SUCCESS
1591    0    8   7.810    1.277    0.514   17.389     7.810   SUCCESS
1592    0    7   5.866    0.403    0.410   11.948     5.866   FAILED
1593    0    6   6.801    5.112    0.363   15.152     6.801   FAILED
1594    0    5   6.013    3.156    0.365   17.187     6.013   FAILED
1596    0    3   6.636    0.354    0.581   16.109     6.636   FAILED
1599    0    0   5.872    0.110    0.623    9.520     5.872   FAILED
