   1    ( 39 ,  38)    58.389 MeV    1.8209e+06
   2    ( 39 ,  37)    55.989 MeV    2.33927e+06
   3    ( 39 ,  36)    50.216 MeV    2.87394e+06
   4    ( 39 ,  35)    21.371 MeV    157378
   5    ( 39 ,  34)    48.310 MeV    157613
   6    ( 39 ,  33)    52.101 MeV    1.33402e+06
   7    ( 39 ,  32)    15.265 MeV    2.99856
   8    ( 39 ,  31)    11.778 MeV    157327
   9    ( 39 ,  30)    48.198 MeV    156212
  10    ( 39 ,  29)    26.373 MeV    478568
  11    ( 39 ,  28)    11.109 MeV    4.40477
  12    ( 39 ,  27)    49.391 MeV    881345
  13    ( 39 ,  26)    50.821 MeV    2.33877e+06
  14    ( 39 ,  25)    51.231 MeV    1.33584e+06
  15    ( 39 ,  24)    60.971 MeV    2.86177e+06
  16    ( 39 ,  23)    50.582 MeV    890057
  17    ( 39 ,  22)    48.663 MeV    155252
  18    ( 39 ,  21)    13.156 MeV    157430
  19    ( 39 ,  20)    48.168 MeV    479541
  20    ( 39 ,  19)    30.989 MeV    478496
  21    ( 39 ,  18)    48.993 MeV    880858
  22    ( 39 ,  17)    49.305 MeV    157736
  23    ( 39 ,  16)    21.569 MeV    157599
  24    ( 39 ,  15)    135.406 MeV    158636
  25    ( 39 ,  14)    48.798 MeV    881409
  26    ( 39 ,  13)    55.497 MeV    3.43101e+06
  27    ( 39 ,  12)    48.405 MeV    880923
  28    ( 39 ,  11)    56.942 MeV    1.33357e+06
  29    ( 39 ,  10)    11.647 MeV    2.58065
  30    ( 39 ,   9)    56330.497 MeV    478149
  31    ( 39 ,   8)    27.029 MeV    478544
  33    ( 39 ,   6)    14.861 MeV    478539
  34    ( 39 ,   5)    20.470 MeV    157144
  35    ( 39 ,   4)    47.895 MeV    479662
  36    ( 39 ,   3)    93.611 MeV    2.93502e+06
  37    ( 39 ,   2)    48.519 MeV    479242
  38    ( 39 ,   1)    21.427 MeV    157473
  39    ( 39 ,   0)    49.538 MeV    477566
  40    ( 38 ,  39)    49.901 MeV    881311
