// index column row  mean  error sigma   chi2/ndf width  status
   1   39   38   7.741    2.030    0.577   12.863     7.741   SUCCESS
   5   39   34   5.894    5.197    0.444   12.651     5.894   FAILED
   6   39   33   7.925    0.753    0.592   13.995     7.925   SUCCESS
   8   39   31   8.347    1.505    0.687   13.169     8.347   SUCCESS
   9   39   30   5.814    0.097    0.227   22.801     5.814   FAILED
  11   39   28   7.914    0.435    0.437   20.075     7.914   SUCCESS
  18   39   21   6.360    2.823    0.456   22.628     6.360   FAILED
  22   39   17   6.924    3.370    0.409    8.103     6.924   SUCCESS
  25   39   14   6.795    2.976    0.474   19.635     6.795   FAILED
  35   39    4   6.903    0.107    0.361   20.638     6.903   FAILED
  37   39    2   9.362    0.034    0.400   15.239     9.362   SUCCESS
  40   38   39   5.971    0.295    0.348    8.215     5.971   FAILED
  41   38   38   6.549    3.096    0.540   18.000     6.549   FAILED
  42   38   37   6.318    3.404    0.593   17.234     6.318   FAILED
  49   38   30   6.845    1.277    0.358   25.168     6.845   FAILED
  52   38   27   7.582    0.942    0.495   25.938     7.582   SUCCESS
  53   38   26   6.708    4.171    0.562   10.135     6.708   FAILED
  54   38   25   7.873    1.230    0.531   26.504     7.873   SUCCESS
  59   38   20   6.747    2.837    0.452   20.068     6.747   FAILED
  61   38   18   6.059    0.063    0.446   19.867     6.059   FAILED
  67   38   12   6.479    2.909    0.509   18.639     6.479   FAILED
  73   38    6   6.294    3.072    0.385   22.603     6.294   FAILED
  74   38    5   6.148    0.945    0.458   26.449     6.148   FAILED
  75   38    4   6.742    3.244    0.412   18.466     6.742   FAILED
  80   37   39   6.741   19.248    0.450   23.310     6.741   FAILED
  81   37   38   6.959    0.143    0.772   12.093     6.959   FAILED
  87   37   32   8.265    0.420    0.382   22.266     8.265   SUCCESS
  94   37   25   6.161    1.267    0.444   19.407     6.161   FAILED
  96   37   23   6.398    0.870    0.317   23.640     6.398   FAILED
 101   37   18   5.990    4.853    0.444   17.572     5.990   FAILED
 102   37   17   7.227    0.754    0.392   19.339     7.227   SUCCESS
 112   37    7   6.934    2.794    0.433   22.102     6.934   FAILED
 114   37    5   8.081    0.321    0.673   13.966     8.081   SUCCESS
 121   36   38   6.321   24.190    0.289   26.269     6.321   FAILED
 123   36   36   7.760    1.242    0.227   25.602     7.760   SUCCESS
 124   36   35   6.158    0.038    0.392   24.536     6.158   FAILED
 132   36   27   6.926    0.025    0.588   19.593     6.926   FAILED
 150   36    9   7.650    1.313    0.456   20.264     7.650   SUCCESS
 152   36    7   6.717    2.513    0.421   27.734     6.717   FAILED
 160   35   39   5.081    0.003    0.000   59.264     5.081   FAILED
 162   35   37   5.923    0.030    0.189   44.233     5.923   FAILED
 163   35   36   6.987    0.119    0.367   36.100     6.987   FAILED
 174   35   25   7.426    0.604    0.492   22.187     7.426   SUCCESS
 184   35   15   8.408    0.168    0.500   16.105     8.408   SUCCESS
 187   35   12   6.412    0.971    0.565   14.786     6.412   FAILED
 195   35    4   7.682    0.172    0.468   22.795     7.682   SUCCESS
 198   35    1   7.794    1.745    0.452   17.320     7.794   SUCCESS
 200   34   39   6.986   13.968    0.374   23.965     6.986   FAILED
 205   34   34   6.140    1.869    0.276    9.797     6.140   FAILED
 206   34   33   6.991    0.040    0.333   30.024     6.991   FAILED
 211   34   28   7.725    0.369    0.431   20.394     7.725   SUCCESS
 212   34   27   6.279    0.959    0.485   24.453     6.279   FAILED
 217   34   22   6.932    0.969    0.573   15.894     6.932   FAILED
 228   34   11   6.876    3.488    0.332   20.091     6.876   FAILED
 233   34    6   5.019   21.253    0.650   15.134     5.019   FAILED
 234   34    5   6.696    3.801    0.322   15.369     6.696   FAILED
 235   34    4   6.676    2.626    0.516   21.144     6.676   FAILED
 236   34    3   8.237    0.315    0.521   13.983     8.237   SUCCESS
 237   34    2   5.899    3.191    0.285   22.938     5.899   FAILED
 242   33   37   7.574    0.311    0.356   29.710     7.574   SUCCESS
 253   33   26   5.389   22.724    0.387   16.274     5.389   FAILED
 254   33   25   6.686    0.086    0.436   23.316     6.686   FAILED
 255   33   24   6.712   21.032    0.385   24.619     6.712   FAILED
 258   33   21   6.996    4.019    0.367   19.833     6.996   FAILED
 259   33   20   6.045    4.519    0.553   10.675     6.045   FAILED
 261   33   18   7.558    0.276    0.436   23.341     7.558   SUCCESS
 262   33   17   6.613    1.290    0.528   14.615     6.613   FAILED
 278   33    1   8.079    0.466    0.501   11.620     8.079   SUCCESS
 280   32   39   6.579    0.007    0.607    6.282     6.579   FAILED
 283   32   36   6.672    2.982    0.477   21.200     6.672   FAILED
 284   32   35   7.466    0.691    0.422   23.573     7.466   SUCCESS
 288   32   31   8.447    0.359    0.498   14.471     8.447   SUCCESS
 291   32   28   6.948   12.861    0.560    7.402     6.948   FAILED
 292   32   27   7.423    0.465    0.481   13.231     7.423   SUCCESS
 293   32   26   7.780    0.240    0.456   27.692     7.780   SUCCESS
 294   32   25   8.050    2.510    0.412   25.945     8.050   SUCCESS
 296   32   23   7.529    1.062    0.188   27.447     7.529   SUCCESS
 298   32   21   7.637    0.950    0.566   18.262     7.637   SUCCESS
 301   32   18  10.377    2.630    0.605    4.171    10.377   FAILED
 304   32   15   6.427    3.239    0.421   18.529     6.427   FAILED
 305   32   14   7.423    0.299    0.407   16.040     7.423   SUCCESS
 306   32   13   6.893   13.064    0.316   10.025     6.893   FAILED
 311   32    8   6.505    0.992    0.906   10.519     6.505   FAILED
 312   32    7   5.012   24.920    0.730    7.350     5.012   FAILED
 331   31   28   8.545    2.544    0.841    6.787     8.545   SUCCESS
 335   31   24   7.512    0.352    0.378   25.508     7.512   SUCCESS
 339   31   20   6.641    2.612    0.335   29.172     6.641   FAILED
 340   31   19   6.312    0.079    0.561   18.923     6.312   FAILED
 343   31   16   6.543    3.372    0.469   27.807     6.543   FAILED
 346   31   13   8.728    0.634    0.734   12.533     8.728   SUCCESS
 347   31   12   5.216   12.600    0.357   17.774     5.216   FAILED
 350   31    9   8.228    0.216    0.505   18.076     8.228   SUCCESS
 362   30   37   6.659    0.946    0.284   29.924     6.659   FAILED
 372   30   27   6.248    3.180    0.502   22.165     6.248   FAILED
 373   30   26   6.099    3.143    0.583   14.349     6.099   FAILED
 374   30   25   6.274    4.518    0.261   27.863     6.274   FAILED
 377   30   22   7.294    0.885    0.682    6.464     7.294   SUCCESS
 381   30   18   6.848    0.371    0.568   13.610     6.848   FAILED
 382   30   17   8.645    1.039    0.669   14.254     8.645   SUCCESS
 385   30   14   7.870    1.378    0.478   18.455     7.870   SUCCESS
 387   30   12   7.504   12.968    0.212   16.545     7.504   SUCCESS
 388   30   11   5.563   24.481    0.319    7.704     5.563   FAILED
 390   30    9   7.602    0.326    0.486   23.300     7.602   SUCCESS
 391   30    8   8.121    0.275    0.282   27.546     8.121   SUCCESS
 400   29   39   6.445    0.948    0.485   29.053     6.445   FAILED
 401   29   38   8.469    0.816    0.702   17.643     8.469   SUCCESS
 404   29   35   6.336    4.426    0.395   14.930     6.336   FAILED
 408   29   31   7.565    0.234    0.483   20.221     7.565   SUCCESS
 410   29   29  10.410    0.574    0.501   30.040    10.410   FAILED
 424   29   15  11.978    0.212    0.671   31.767    11.978   FAILED
 427   29   12   5.843    1.532    0.445   19.742     5.843   FAILED
 429   29   10  11.071    0.645    0.716   30.812    11.071   FAILED
 435   29    4   6.850    1.229    0.330   28.527     6.850   FAILED
 436   29    3   6.723    4.039    0.372   19.685     6.723   FAILED
 437   29    2   5.738    4.499    0.452   19.050     5.738   FAILED
 438   29    1   8.210    1.565    0.576   12.099     8.210   SUCCESS
 439   29    0   7.222    1.917    0.487   10.253     7.222   SUCCESS
 440   28   39   7.296    1.232    0.533   21.768     7.296   SUCCESS
 452   28   27  12.294    0.431    0.651   34.060    12.294   FAILED
 474   28    5   6.238    0.949    0.503   18.182     6.238   FAILED
 486   27   33   6.877    3.335    0.412   18.816     6.877   FAILED
 493   27   26  10.488    0.139    0.632   29.721    10.488   FAILED
 497   27   22  11.874    0.170    0.813   31.723    11.874   FAILED
 498   27   21   6.379    0.073    0.416   31.281     6.379   FAILED
 499   27   20  10.399    0.112    0.702   26.566    10.399   FAILED
 500   27   19  10.035    0.104    0.683   31.169    10.035   FAILED
 501   27   18   6.639    0.234    0.412   28.539     6.639   FAILED
 505   27   14  11.183    0.128    0.761   28.110    11.183   FAILED
 508   27   11  10.785    3.797    0.320   25.364    10.785   FAILED
 509   27   10  11.017    0.239    0.686   25.681    11.017   FAILED
 517   27    2   6.917    0.958    0.360   25.218     6.917   FAILED
 519   27    0   6.293   14.263    0.603   12.528     6.293   FAILED
 521   26   38   6.700    1.202    0.382   21.264     6.700   SUCCESS
 531   26   28  11.127    1.182    0.712   27.165    11.127   FAILED
 538   26   21  10.863    0.521    0.666   33.443    10.863   FAILED
 541   26   18   6.948    0.016    0.401   31.089     6.948   FAILED
 544   26   15   5.975    0.161    0.320   36.370     5.975   FAILED
 545   26   14  11.798    0.012    0.648   32.982    11.798   FAILED
 554   26    5   6.739    0.068    0.467   20.982     6.739   FAILED
 566   25   33   7.169    0.253    0.267   18.435     7.169   SUCCESS
 572   25   27  10.508    1.956    0.692   27.234    10.508   FAILED
 575   25   24  12.228    0.121    0.676   34.223    12.228   FAILED
 576   25   23  10.847    0.616    0.394   37.337    10.847   FAILED
 577   25   22   6.778    1.762    0.466   13.020     6.778   SUCCESS
 588   25   11   8.577    0.412    0.320   15.739     8.577   SUCCESS
 589   25   10  11.605    1.701    0.329   29.674    11.605   FAILED
 590   25    9   7.341    0.242    0.482   14.159     7.341   SUCCESS
 591   25    8   6.299    0.950    0.506   17.464     6.299   FAILED
 597   25    2   7.977    1.542    0.550   21.954     7.977   SUCCESS
 609   24   30   5.881    1.975    0.560   10.218     5.881   FAILED
 612   24   27  10.230    1.319    0.626   17.684    10.230   FAILED
 614   24   25  10.195    0.040    0.513   37.607    10.195   FAILED
 623   24   16  10.059    2.500    0.469   33.636    10.059   FAILED
 634   24    5   7.678    0.187    0.487   21.362     7.678   SUCCESS
 636   24    3   6.453    3.102    0.439   18.650     6.453   FAILED
 639   24    0   5.604    0.213    0.662    4.077     5.604   FAILED
 643   23   36   7.499    0.504    0.404   21.194     7.499   SUCCESS
 660   23   19  10.956    0.356    0.595   32.620    10.956   FAILED
 671   23    8   6.836    0.888    0.466   27.610     6.836   FAILED
 677   23    2   5.430   15.441    0.299   19.126     5.430   FAILED
 678   23    1   7.588    3.144    0.837    2.813     7.588   SUCCESS
 692   22   27  10.320    2.109    0.639   34.721    10.320   FAILED
 699   22   20   9.430    0.133    0.414   28.079     9.430   SUCCESS
 703   22   16  10.434    0.411    0.505   39.047    10.434   FAILED
 706   22   13   9.872    1.267    0.595   30.301     9.872   SUCCESS
 710   22    9   8.895    1.200    0.469   25.488     8.895   SUCCESS
 715   22    4   6.583    0.942    0.365   24.807     6.583   FAILED
 722   21   37   5.860    3.626    0.523   21.788     5.860   FAILED
 728   21   31   6.870    4.175    0.403    4.548     6.870   FAILED
 732   21   27  10.888    0.010    0.662   35.693    10.888   FAILED
 740   21   19  12.060    0.559    0.489   31.037    12.060   FAILED
 749   21   10   6.848    2.274    0.542   34.161     6.848   FAILED
 755   21    4   5.808   14.032    0.376   23.250     5.808   FAILED
 772   20   27   9.393    1.349    0.500   18.951     9.393   SUCCESS
 773   20   26  10.292    0.293    0.615   33.502    10.292   FAILED
 776   20   23  11.241    0.694    0.627   33.839    11.241   FAILED
 791   20    8   6.988    5.607    0.677    8.107     6.988   FAILED
 800   19   39   5.580    0.910    0.463   25.257     5.580   FAILED
 802   19   37   6.856    3.529    0.410   21.239     6.856   FAILED
 805   19   34   6.346    0.934    0.427   35.883     6.346   FAILED
 808   19   31   6.238    1.451    0.582   14.570     6.238   FAILED
 811   19   28  10.029    0.093    0.820   30.470    10.029   FAILED
 821   19   18  10.531    1.212    0.149   33.466    10.531   FAILED
 827   19   12   8.460    1.311    0.403   28.311     8.460   SUCCESS
 831   19    8   6.944    0.083    0.312   33.239     6.944   FAILED
 835   19    4   6.709    3.973    0.544   12.680     6.709   FAILED
 840   18   39   8.008    1.105    0.510   26.005     8.008   SUCCESS
 841   18   38   6.841    0.286    0.620   23.843     6.841   FAILED
 847   18   32   7.633    4.029    1.217    4.870     7.633   SUCCESS
 850   18   29   8.055    0.458    0.451   21.186     8.055   SUCCESS
 857   18   22  11.023    0.332    0.779   37.228    11.023   FAILED
 864   18   15  11.421    0.008    0.440   34.492    11.421   FAILED
 865   18   14   5.986    0.016    0.365   27.591     5.986   FAILED
 867   18   12  10.139    0.469    0.733   32.474    10.139   FAILED
 888   17   31   6.746    3.242    0.388   22.582     6.746   FAILED
 892   17   27  10.492    0.013    0.506   35.786    10.492   FAILED
 895   17   24  11.019    0.106    0.714   36.357    11.019   FAILED
 901   17   18  11.495    0.552    0.686   28.857    11.495   FAILED
 909   17   10  11.273    1.674    0.422   25.748    11.273   SUCCESS
 913   17    6   6.310    3.147    0.445   24.463     6.310   FAILED
 917   17    2   6.630    0.960    0.409   31.319     6.630   FAILED
 920   16   39   7.681    2.122    0.432   43.543     7.681   SUCCESS
 929   16   30   5.972    2.634    0.322   33.688     5.972   FAILED
 935   16   24   8.251    1.206    0.430   26.215     8.251   SUCCESS
 938   16   21   6.122    3.350    1.123    5.217     6.122   FAILED
 939   16   20  11.058    0.726    0.357   36.635    11.058   FAILED
 984   15   15  10.227    0.390    0.635   27.259    10.227   FAILED
 991   15    8   6.154    0.790    0.513   15.835     6.154   SUCCESS
1002   14   37   8.277    1.117    0.410   22.667     8.277   SUCCESS
1024   14   15   8.435    0.214    0.419   24.953     8.435   SUCCESS
1029   14   10  10.966    0.071    0.457   33.486    10.966   FAILED
1031   14    8   6.900    3.620    0.378   15.821     6.900   FAILED
1032   14    7   7.685    0.799    0.404    7.913     7.685   SUCCESS
1033   14    6   6.532    3.107    0.519   18.009     6.532   FAILED
1047   13   32   5.755    0.825    0.400   19.600     5.755   FAILED
1048   13   31   6.441    3.720    0.474   14.890     6.441   FAILED
1065   13   14   9.538    0.470    0.308   31.612     9.538   SUCCESS
1071   13    8   6.995    3.495    0.353   20.761     6.995   FAILED
1075   13    4   7.449    2.480    0.833    4.493     7.449   SUCCESS
1085   12   34   7.415    1.006    0.453   16.306     7.415   SUCCESS
1093   12   26  10.709    0.128    0.489   34.379    10.709   FAILED
1105   12   14  10.895    0.141    0.699   34.884    10.895   FAILED
1106   12   13  12.112    0.520    0.560   36.393    12.112   FAILED
1107   12   12  12.033    0.408    0.592   35.423    12.033   FAILED
1117   12    2   6.004    0.064    0.299   34.028     6.004   FAILED
1119   12    0   6.576    1.657    0.329   13.716     6.576   SUCCESS
1121   11   38   8.021    0.265    0.463   21.403     8.021   SUCCESS
1122   11   37   6.967    0.061    0.531   22.185     6.967   FAILED
1136   11   23  10.464    0.547    0.670   30.932    10.464   FAILED
1144   11   15  10.654    0.773    0.562   33.049    10.654   FAILED
1145   11   14  11.791    0.019    0.651   36.296    11.791   FAILED
1147   11   12  10.131    1.522    0.613   34.730    10.131   FAILED
1149   11   10   6.771    0.029    1.010   32.648     6.771   SUCCESS
1152   11    7   6.939    0.136    0.712   10.340     6.939   FAILED
1156   11    3   6.408    2.679    0.381   29.521     6.408   FAILED
1161   10   38   6.985    1.126    0.503   20.981     6.985   FAILED
1162   10   37   8.443    0.377    0.429   27.128     8.443   SUCCESS
1167   10   32   5.650    0.109    0.324   17.177     5.650   FAILED
1177   10   22   6.779    3.229    0.447   24.322     6.779   FAILED
1182   10   17   6.765    2.194    0.518   31.440     6.765   FAILED
1185   10   14  10.057    0.112    0.426   30.998    10.057   FAILED
1196   10    3   8.141    0.846    0.510   28.514     8.141   SUCCESS
1209    9   30   6.734   12.852    0.299   14.562     6.734   FAILED
1213    9   26   6.496    3.448    0.366   20.618     6.496   FAILED
1229    9   10   5.943    2.709    0.388   20.831     5.943   FAILED
1230    9    9   5.865   24.540    0.363    7.088     5.865   FAILED
1237    9    2   8.527    1.151    0.332   26.546     8.527   SUCCESS
1250    8   29   8.265    2.180    0.619    9.915     8.265   SUCCESS
1251    8   28   6.897    0.248    0.729    9.189     6.897   FAILED
1252    8   27   5.895    2.483    0.777    6.663     5.895   FAILED
1253    8   26   7.804    1.941    0.901    7.370     7.804   SUCCESS
1256    8   23   5.860    3.206    0.376   21.743     5.860   FAILED
1257    8   22   6.942    1.305    0.333   23.525     6.942   FAILED
1259    8   20   7.143    1.177    0.318    8.537     7.143   SUCCESS
1260    8   19   8.045    1.421    0.347   15.762     8.045   SUCCESS
1261    8   18   6.920    0.074    0.448   22.134     6.920   SUCCESS
1264    8   15   6.745    0.984    0.518   22.924     6.745   FAILED
1267    8   12   6.938    0.957    0.448   25.722     6.938   FAILED
1268    8   11   8.465    1.240    0.430   24.174     8.465   SUCCESS
1269    8   10   6.996    0.084    0.419   23.514     6.996   FAILED
1271    8    8   6.236    0.902    0.353   31.878     6.236   FAILED
1277    8    2   5.784    3.452    0.407   18.398     5.784   FAILED
1281    7   38   7.059    2.172    0.463   19.484     7.059   SUCCESS
1284    7   35   8.120    0.252    0.401   12.748     8.120   SUCCESS
1286    7   33   7.148    0.738    0.486   25.391     7.148   SUCCESS
1290    7   29   6.185    2.659    0.387   24.816     6.185   FAILED
1291    7   28   7.915    0.867    0.595   10.348     7.915   SUCCESS
1292    7   27   6.166    3.594    0.611    9.098     6.166   FAILED
1298    7   21   7.183    1.207    0.410   23.917     7.183   SUCCESS
1299    7   20   6.260    0.944    0.398   27.656     6.260   FAILED
1303    7   16   6.624    2.189    0.464   27.917     6.624   FAILED
1313    7    6   7.280    1.445    0.414   19.051     7.280   SUCCESS
1317    7    2   7.805    0.431    0.561   14.171     7.805   SUCCESS
1332    6   27   6.924    0.084    0.637   13.521     6.924   FAILED
1333    6   26   6.550   16.909    0.310    7.539     6.550   FAILED
1334    6   25   8.200    0.603    0.385   22.703     8.200   SUCCESS
1337    6   22   7.824    0.189    0.317   25.323     7.824   SUCCESS
1341    6   18   6.654    0.047    0.667   13.203     6.654   FAILED
1345    6   14   8.548    0.353    0.457   18.657     8.548   SUCCESS
1357    6    2   6.993    0.419    0.430   16.169     6.993   FAILED
1358    6    1   6.748    1.237    0.330   26.926     6.748   FAILED
1359    6    0   7.563    0.412    0.417   23.398     7.563   SUCCESS
1371    5   28   7.297    1.563    0.664    8.655     7.297   SUCCESS
1372    5   27   6.963    0.415    0.394   13.673     6.963   SUCCESS
1381    5   18   7.749    0.154    0.455   26.199     7.749   SUCCESS
1382    5   17   5.474    4.555    0.373   20.540     5.474   FAILED
1383    5   16   7.825    0.418    0.436   24.150     7.825   SUCCESS
1385    5   14   8.027    1.711    0.431   18.962     8.027   SUCCESS
1386    5   13   7.674    2.097    0.654   11.631     7.674   SUCCESS
1392    5    7   7.917    1.047    0.269   18.016     7.917   SUCCESS
1402    4   37   6.836    3.287    0.388   21.458     6.836   FAILED
1407    4   32   6.498    0.206    0.652    6.549     6.498   FAILED
1409    4   30   6.282    5.069    0.465   17.668     6.282   FAILED
1410    4   29   6.116    2.848    0.408   26.921     6.116   FAILED
1413    4   26   6.348   13.760    0.736    7.916     6.348   FAILED
1415    4   24   7.318    0.873    0.555   17.803     7.318   SUCCESS
1419    4   20   6.646    3.687    0.383   20.188     6.646   FAILED
1427    4   12   6.743    3.656    0.290   19.309     6.743   FAILED
1429    4   10   6.828    3.973    0.488   15.550     6.828   FAILED
1443    3   36   7.349    1.480    0.518   10.063     7.349   SUCCESS
1445    3   34   6.120    0.016    0.490   21.125     6.120   FAILED
1451    3   28   7.775    0.356    0.595   10.991     7.775   SUCCESS
1455    3   24   6.836    0.330    0.382   10.238     6.836   FAILED
1457    3   22   5.000    5.013    0.528   15.473     5.000   FAILED
1464    3   15   6.591    0.040    0.377   25.195     6.591   FAILED
1466    3   13   6.786    1.164    0.411   24.755     6.786   SUCCESS
1473    3    6   6.852    2.964    0.352   25.997     6.852   FAILED
1474    3    5   6.715    3.313    0.412   25.517     6.715   FAILED
1477    3    2   6.588    0.052    0.545   20.700     6.588   FAILED
1481    2   38   6.876    0.135    0.535   15.653     6.876   FAILED
1504    2   15   5.936    3.603    0.426   15.865     5.936   FAILED
1509    2   10   5.773    0.085    0.407   19.754     5.773   FAILED
1514    2    5   6.963    0.689    0.587    8.897     6.963   FAILED
1515    2    4   6.712    0.119    0.424   14.812     6.712   FAILED
1520    1   39   6.351    0.936    0.402   19.390     6.351   FAILED
1522    1   37   5.752    5.267    0.476   10.801     5.752   FAILED
1523    1   36   8.182    1.566    0.380   20.550     8.182   SUCCESS
1525    1   34   7.347    0.756    0.254   14.763     7.347   SUCCESS
1527    1   32   7.145    0.742    0.719    9.961     7.145   SUCCESS
1538    1   21   6.265   12.850    0.690   15.085     6.265   FAILED
1540    1   19   6.666    3.834    0.417   25.310     6.666   FAILED
1545    1   14   6.927    3.593    0.578   11.350     6.927   FAILED
1549    1   10   8.046    0.277    0.402   19.232     8.046   SUCCESS
1553    1    6   6.576    0.062    0.540   21.673     6.576   FAILED
1554    1    5   8.040    0.306    0.294   15.923     8.040   SUCCESS
1557    1    2   5.607   18.950    0.549   14.351     5.607   FAILED
1560    0   39   8.030    0.329    0.468   14.176     8.030   SUCCESS
1561    0   38   7.664    0.330    0.506    8.918     7.664   SUCCESS
1563    0   36   6.472    0.938    0.705    9.883     6.472   FAILED
1568    0   31   6.228    4.113    0.484   12.423     6.228   FAILED
1573    0   26   6.924    4.498    0.666    6.572     6.924   FAILED
1574    0   25   6.125    0.974    0.523   14.047     6.125   FAILED
1584    0   15   6.969    1.294    0.406   24.108     6.969   FAILED
1592    0    7   6.777    0.012    0.776    9.342     6.777   FAILED
1594    0    5   7.440    0.870    0.442   16.627     7.440   SUCCESS
1597    0    2   6.420    3.763    0.346   18.787     6.420   FAILED
1599    0    0   6.014   18.130    0.477    6.889     6.014   FAILED
