110737
110738
110740
110743
110744
110745
110746
110752
110753
110771
110772
110773
110774
110775
110782
110783
110787
110788
110789
110791
110792
110793
110794
110795
110796
110800
110801
110802
110806
110808
110810
110811
110812
110814
110815
110817
110818
110820
110821
110822
110825
110828
110829
110830
110834
110836
110842
110844
110845
110846
110850
110851
110852
110853
110854
110855
110856
110858
110860
110864
110865
110866
110867
110868
110869
110872
110873
110874
110875
110876
110877
110878
110879
110901
110904
110905
110907
110912
110919
110922
110923
110925
110929
110930
110931
110932
110934
110935
110936
110937
110942
110943
110944
110945
110946
110950
110951
110953
110954
110955
110958
110959
110960
110961
110963
110964
110965
110966
110967
110968
110971
110972
110993
110998
110999
111000
111001
111002
111003
111004
111005
111006
111007
111008
111009
111013
111015
111017
111018
111019
111022
111024
111025
111029
111030
111031
111032
111033
111035
111036
111041
111043
111044
111045
111046
111047
111048
111053
111054
111055
111056
111057
111061
111062
111063
111064
111068
111069
111070
111071
111073
111074
111075
111078
111082
111083
111092
111093
111094
111096
111098
111099
111100
111101
111106
111107
111112
111113
111114
111116
111119
111120
111122
111123
111124
111126
111128
111129
111131
111132
111133
111134
111135
111136
111140
111141
111142
111143
111144
111145
111146
111148
111150
111151
111152
111153
111154
111156
111157
111158
111162
111163
111164
111165
111166
111168
111171
111172
111173
111174
111175
111176
111177
111178
111182
111183
111184
111185
111186
111187
111188
111189
111191
111194
111195
111197
111207
111210
111212
111216
111217
111222
111223
111224
111225
111230
111231
111232
111233
111234
111235
111236
111237
111238
111239
111242
111243
111244
111252
111253
111257
111259
111260
111263
111264
111265
111267
111268
111269
111270
111272
111273
111274
111275
111276
111277
111278
111279
111282
111283
111285
111287
111288
111291
111292
111293
111294
111295
111296
111297
111298
111299
111300
111301
111302
111303
111304
111305
111307
111308
111309
111310
111311
111330
111331
111332
111333
111335
111337
111338
111340
111342
111343
111344
111345
111349
111350
111353
111354
111356
111358
111359
111360
111361
111362
111366
111367
111369
111370
111371
111372
111375
111377
111378
111379
111381
111382
111385
111388
111390
111391
111392
111393
111394
111395
111396
111400
111410
111411
111412
111415
111419
111420
111422
111423
111426
111427
111428
111433
111436
111437
111438
111440
111442
111443
111444
111445
111446
111449
111450
111452
111453
111458
111460
111461
111462
111473
111475
111476
111478
111479
111480
111481
111483
111484
111485
111487
111489
111492
111493
111494
111495
111496
111497
111498
111499
111500
111501
111504
111505
111506
111508
111510
111511
111512
111513
111514
111515
111523
111524
111527
111528
111529
111530
111531
111534
111535
111536
111537
111538
111539
111540
111541
111542
111548
111549
111550
111551
111552
111553
111554
111555
111558
111559
111560
111561
111562
111563
111565
111567
111568
111569
111570
111573
111575
111576
111577
111578
111579
111580
111581
111582
111583
111584
111585
111586
111587
111588
111590
111592
111593
111594
111595
111598
111602
111603
111604
111606
111607
111609
111610
111611
111612
111616
111617
111618
111619
111620
111621
111623
111624
111625
111627
111628
111629
111630
111633
111634
111635
111639
111640
111642
111643
111649
111652
111653
111656
111657
111658
111659
111662
111663
111665
111666
111670
111681
111682
111686
111687
111688
111690
111691
111699
111700
111702
111703
111706
111707
111712
111715
111718
111720
111721
111722
111723
111724
111728
111729
111731
111732
111738
111740
111743
111744
111745
111746
111747
111748
111749
111752
111756
111757
111759
111763
111764
111768
111769
111772
111775
111777
111778
111779
111781
111782
111785
111787
111789
111790
111791
111792
111793
111794
111795
111797
111798
111799
111801
111802
111803
111804
111805
111806
111807
111808
111820
111821
111822
111824
111825
111827
111828
111829
111830
111831
111835
111836
111837
111838
111839
111840
111850
111851
111854
111855
111856
111857
111858
111859
111860
111861
111863
111865
111866
111867
111869
111872
111873
111874
111875
111878
111879
111880
111881
111882
111883
111884
111885
111889
111896
111908
111910
111913
111915
111917
111924
111926
111927
111928
111933
111936
111938
111940
111943
111944
111948
111949
111950
111951
111958
111960
111962
111965
111970
111971
111972
111973
111974
111975
111976
111977
111978
111984
111985
111986
111987
111988
111989
111993
111997
111998
111999
112000
