110953
110964
110965
110968
110969
110970
110971
110972
110973
110991
110993
111001
111002
111003
111050
111052
111053
111071
111366
111367
111371
111372
111374
111375
111381
111382
111385
111386
111393
111394
111395
111396
111398
111400
111418
111419
111442
111445
111474
111476
111481
111483
111486
111487
111488
111490
111492
111493
111494
111496
111497
111498
111499
111507
111508
111509
111512
111513
111514
111515
111528
111529
111536
111539
111548
111684
111692
111733
111744
111745
111749
111756
111757
111768
111789
111933
111935
111936
111938
111939
111940
