// index column row  mean  error sigma   chi2/ndf width  status
   0   39   39  10.074    0.204    0.971    6.573    10.074   FAILED
   3   39   36  10.649    0.122    1.308   13.645    10.649   FAILED
   6   39   33  11.991    0.172    1.404   13.302    11.991   FAILED
  10   39   29  12.850    0.178    1.560   11.718    12.850   FAILED
  13   39   26  10.250    0.001    1.605   13.994    10.250   FAILED
  15   39   24  10.062    0.181    2.208   13.862    10.062   FAILED
  16   39   23  10.537    0.144    1.192   13.014    10.537   FAILED
  20   39   19  10.301    0.206    1.646   11.276    10.301   FAILED
  21   39   18  10.652    0.181    1.393   11.523    10.652   FAILED
  24   39   15   6.213    0.122    0.848   14.466     6.213   FAILED
  26   39   13  12.212    0.230    1.734    9.457    12.212   FAILED
  28   39   11  12.770    0.291    1.936    9.346    12.770   FAILED
  30   39    9  10.691    0.238    1.823   10.319    10.691   FAILED
  33   39    6  10.159    0.183    1.419   11.813    10.159   FAILED
  34   39    5  11.090    0.218    1.715   13.211    11.090   FAILED
  37   39    2  10.245    0.202    1.456    9.639    10.245   FAILED
  45   38   34  12.330    0.194    1.566   10.654    12.330   FAILED
  46   38   33  13.431    0.209    1.768   10.501    13.431   FAILED
  48   38   31  10.825    0.064    1.857   12.614    10.825   FAILED
  56   38   23   6.903    0.108    0.848    9.519     6.903   FAILED
  70   38    9   6.716    0.092    0.910   14.463     6.716   FAILED
  71   38    8  11.756    0.196    1.718   12.112    11.756   FAILED
  72   38    7   6.176    0.145    0.750    8.810     6.176   FAILED
  76   38    3  10.990    0.142    1.291   11.654    10.990   FAILED
  78   38    1  10.398    0.126    1.214   12.487    10.398   FAILED
  83   37   36  12.625    0.184    1.675   14.170    12.625   FAILED
  84   37   35  11.922    0.176    1.623   13.171    11.922   FAILED
  86   37   33  10.608    0.043    1.372   14.855    10.608   FAILED
  87   37   32   9.479    0.000    1.417   13.600     9.479   SUCCESS
  91   37   28  10.007    0.135    1.288   16.265    10.007   FAILED
  92   37   27  10.770    0.142    1.400   15.687    10.770   FAILED
  93   37   26  11.591    0.129    1.747   17.852    11.591   FAILED
  99   37   20  10.057    0.102    1.351   16.944    10.057   FAILED
 100   37   19  10.449    0.177    1.832   17.125    10.449   FAILED
 101   37   18   5.904    0.068    0.742   16.718     5.904   FAILED
 104   37   15   6.944    0.102    1.167   18.920     6.944   FAILED
 108   37   11   5.727    0.055    0.722   22.831     5.727   FAILED
 109   37   10  11.676    0.174    1.783   15.999    11.676   FAILED
 119   37    0  10.123    0.169    1.352   13.195    10.123   FAILED
 121   36   38  17.445    0.773    3.025    3.489    17.445   FAILED
 124   36   35   5.895    0.087    0.721   12.346     5.895   FAILED
 125   36   34  10.012    0.109    1.323   14.650    10.012   FAILED
 129   36   30  10.079    0.151    1.194   12.026    10.079   FAILED
 131   36   28  10.854    0.129    1.687   15.203    10.854   FAILED
 133   36   26  10.586    0.112    1.336   13.821    10.586   FAILED
 135   36   24  10.445    0.144    1.481   18.144    10.445   FAILED
 138   36   21  10.749    0.147    1.560   16.080    10.749   FAILED
 141   36   18  10.435    0.124    1.316   18.287    10.435   FAILED
 142   36   17   5.791    0.059    0.761   22.406     5.791   FAILED
 144   36   15  10.914    0.113    1.442   16.039    10.914   FAILED
 147   36   12  13.213    0.171    2.335   17.304    13.213   FAILED
 149   36   10  10.245    0.150    1.542   15.857    10.245   FAILED
 152   36    7  10.534    0.152    1.632   15.402    10.534   FAILED
 154   36    5  10.568    0.128    1.777   18.709    10.568   FAILED
 155   36    4  10.589    0.147    1.476   15.931    10.589   FAILED
 156   36    3  11.058    0.159    1.586   14.617    11.058   FAILED
 158   36    1  10.458    0.151    1.373   15.855    10.458   FAILED
 159   36    0  10.578    0.137    1.186   13.589    10.578   FAILED
 163   35   36   6.714    0.084    1.053   18.835     6.714   FAILED
 167   35   32  10.086    0.137    1.275   14.334    10.086   FAILED
 174   35   25   6.597    0.069    0.921   20.820     6.597   FAILED
 177   35   22  10.170    0.112    1.494   17.603    10.170   FAILED
 182   35   17  10.085    0.137    1.369   16.036    10.085   FAILED
 186   35   13  11.208    0.175    1.849   17.388    11.208   FAILED
 187   35   12   6.982    0.090    1.039   17.173     6.982   FAILED
 188   35   11  12.249    0.193    1.959   14.082    12.249   FAILED
 194   35    5  10.316    0.110    1.400   17.271    10.316   FAILED
 199   35    0  11.222    0.133    1.725   15.522    11.222   FAILED
 200   34   39   6.868    0.118    0.920   12.547     6.868   FAILED
 201   34   38   6.512    0.080    0.826   16.575     6.512   FAILED
 203   34   36   6.295    0.098    0.883   19.102     6.295   FAILED
 208   34   31  11.056    0.132    1.005    9.468    11.056   FAILED
 209   34   30  10.238    0.102    1.291   17.522    10.238   FAILED
 211   34   28   5.969    0.000    0.798   15.704     5.969   SUCCESS
 215   34   24  11.489    0.187    1.845   15.037    11.489   FAILED
 218   34   21   6.896    0.224    0.845    6.403     6.896   FAILED
 232   34    7  10.221    0.149    1.482   14.928    10.221   FAILED
 236   34    3  10.768    0.143    1.447   16.449    10.768   FAILED
 239   34    0  10.129    0.107    1.367   18.649    10.129   FAILED
 247   33   32   6.039    0.107    0.747   16.558     6.039   FAILED
 259   33   20   6.776    0.117    0.805   12.821     6.776   FAILED
 261   33   18   7.448    0.098    1.105   22.068     7.448   SUCCESS
 263   33   16   6.823    0.101    0.922   22.028     6.823   FAILED
 264   33   15  10.180    0.130    1.309   16.789    10.180   FAILED
 275   33    4  13.155    0.206    2.149   14.964    13.155   FAILED
 276   33    3  10.980    0.118    1.640   16.647    10.980   FAILED
 281   32   38  12.303    0.220    3.032   12.412    12.303   FAILED
 284   32   35   6.863    0.096    1.083   15.912     6.863   FAILED
 286   32   33  10.899    0.168    1.645   15.110    10.899   FAILED
 287   32   32   6.144    0.070    0.757   22.065     6.144   FAILED
 295   32   24  10.540    0.159    1.552   16.437    10.540   FAILED
 297   32   22   6.879    0.133    0.956   11.600     6.879   FAILED
 307   32   12  11.265    0.206    2.302   15.849    11.265   FAILED
 311   32    8   6.991    0.090    0.957   16.666     6.991   FAILED
 313   32    6  10.807    0.130    1.836   20.646    10.807   FAILED
 322   31   37   6.915    0.085    1.102   22.099     6.915   FAILED
 323   31   36   6.796    0.085    0.959   14.566     6.796   FAILED
 327   31   32   6.666    0.089    0.825   12.315     6.666   FAILED
 328   31   31   6.941    0.084    0.866   12.866     6.941   FAILED
 329   31   30   5.903    0.065    0.742    6.837     5.903   FAILED
 334   31   25  10.060    0.045    1.610   15.756    10.060   SUCCESS
 341   31   18  10.002    0.098    1.155   14.515    10.002   FAILED
 345   31   14   6.776    0.106    0.880   18.572     6.776   FAILED
 352   31    7  11.697    0.143    1.596   16.524    11.697   FAILED
 358   31    1  11.291    0.149    1.630   19.818    11.291   FAILED
 362   30   37  10.069    0.181    1.161    7.656    10.069   FAILED
 364   30   35  10.650    0.071    1.694   17.760    10.650   FAILED
 366   30   33  10.942    0.147    1.546   14.740    10.942   FAILED
 367   30   32   6.765    0.107    1.219   17.398     6.765   FAILED
 368   30   31   6.597    0.080    1.030   24.025     6.597   FAILED
 371   30   28  10.129    0.139    1.408   16.190    10.129   FAILED
 375   30   24  12.439    0.153    2.077   14.119    12.439   FAILED
 378   30   21  10.632    0.145    1.492   15.506    10.632   FAILED
 380   30   19  10.790    0.173    1.927   16.413    10.790   FAILED
 383   30   16  11.293    0.170    1.877   15.857    11.293   FAILED
 385   30   14  10.805    0.147    1.662   16.479    10.805   FAILED
 398   30    1  11.454    0.158    1.671   18.244    11.454   FAILED
 399   30    0  10.013    0.441    1.109    3.674    10.013   FAILED
 400   29   39   6.782    0.079    1.003   18.285     6.782   FAILED
 403   29   36   6.984    0.113    1.001   18.090     6.984   FAILED
 404   29   35   6.622    0.079    0.875   15.955     6.622   FAILED
 409   29   30   6.077    0.065    0.723   15.716     6.077   FAILED
 410   29   29  33.520    0.633    4.713    6.481    33.520   FAILED
 411   29   28  19.226    0.282    2.214    8.046    19.226   FAILED
 412   29   27  33.792    0.550    4.990    8.764    33.792   FAILED
 413   29   26  16.865    0.250    2.726   14.002    16.865   FAILED
 414   29   25  18.556    0.336    4.002   15.390    18.556   FAILED
 415   29   24  13.400    0.226    2.952   17.846    13.400   FAILED
 416   29   23  14.072    0.205    3.538   19.296    14.072   FAILED
 417   29   22  12.128    0.173    2.083   18.719    12.128   SUCCESS
 418   29   21  15.354    0.230    2.420   14.574    15.354   FAILED
 419   29   20  15.041    0.259    3.327   18.132    15.041   FAILED
 420   29   19  19.267    0.389    4.698   16.121    19.267   FAILED
 421   29   18  24.859    0.390    3.089    7.848    24.859   FAILED
 422   29   17  29.291    0.404    3.692    9.188    29.291   FAILED
 423   29   16  21.268    0.577    5.000   15.058    21.268   FAILED
 425   29   14  20.532    0.321    3.147   11.390    20.532   FAILED
 426   29   13  17.455    0.347    2.974   14.664    17.455   FAILED
 427   29   12  17.876    0.249    2.516   12.393    17.876   FAILED
 428   29   11  28.671    0.392    3.127    6.909    28.671   FAILED
 429   29   10  41.525    0.808    5.000    3.748    41.525   FAILED
 433   29    6  10.276    0.094    1.221   18.245    10.276   FAILED
 437   29    2   6.987    0.074    0.898   18.810     6.987   FAILED
 439   29    0   6.960    0.112    0.877   13.601     6.960   FAILED
 440   28   39   6.756    0.078    0.984   20.396     6.756   FAILED
 441   28   38   6.878    0.286    1.163    6.908     6.878   FAILED
 444   28   35   6.251    0.071    0.960   23.453     6.251   FAILED
 446   28   33  10.641    0.102    1.384   20.148    10.641   FAILED
 447   28   32  10.375    0.115    1.680   20.744    10.375   FAILED
 450   28   29  17.346    0.274    2.892   12.742    17.346   FAILED
 451   28   28  14.027    0.236    4.039   16.492    14.027   FAILED
 452   28   27  42.002    0.773    5.000    4.028    42.002   FAILED
 453   28   26  16.700    0.302    3.354   16.274    16.700   FAILED
 454   28   25  11.953    0.168    2.870   18.936    11.953   FAILED
 455   28   24  20.322    0.465    3.883   11.072    20.322   FAILED
 456   28   23  12.954    0.187    3.311   17.969    12.954   FAILED
 457   28   22  21.656    0.322    2.947   10.008    21.656   FAILED
 458   28   21  21.534    0.304    2.561   10.933    21.534   FAILED
 459   28   20  28.763    0.410    3.648    9.278    28.763   FAILED
 460   28   19  18.647    0.420    2.880   11.691    18.647   FAILED
 461   28   18  14.969    0.213    3.872   18.205    14.969   FAILED
 462   28   17  18.705    0.274    2.876   13.230    18.705   FAILED
 463   28   16  14.038    0.277    3.836   19.369    14.038   FAILED
 464   28   15  21.037    0.384    3.012   10.173    21.037   FAILED
 465   28   14  18.351    0.294    2.926   12.987    18.351   FAILED
 466   28   13  30.110    0.400    3.677    9.393    30.110   FAILED
 467   28   12  14.596    0.321    4.134   17.031    14.596   FAILED
 468   28   11  33.431    0.698    4.587    5.066    33.431   FAILED
 469   28   10  34.537    0.623    4.313    5.735    34.537   FAILED
 470   28    9   6.992    0.088    0.953   21.643     6.992   FAILED
 473   28    6  10.061    0.126    1.442   18.527    10.061   FAILED
 475   28    4  11.650    0.169    1.961   19.203    11.650   FAILED
 479   28    0   6.882    0.124    0.915   10.267     6.882   FAILED
 480   27   39   8.781    0.000    1.010   11.294     8.781   SUCCESS
 483   27   36  10.048    0.149    1.165   10.371    10.048   FAILED
 484   27   35  11.080    0.111    1.363   13.495    11.080   FAILED
 489   27   30  12.309    0.010    1.925   20.244    12.309   FAILED
 490   27   29  14.552    0.230    4.056   17.143    14.552   FAILED
 491   27   28  22.335    0.317    2.722   10.315    22.335   FAILED
 492   27   27  21.090    0.398    3.625   10.566    21.090   FAILED
 493   27   26  33.583    0.649    5.000    6.866    33.583   FAILED
 494   27   25  12.045    0.165    3.046   20.353    12.045   FAILED
 495   27   24  30.142    0.386    3.544    9.166    30.142   FAILED
 496   27   23  13.427    0.173    3.268   21.236    13.427   FAILED
 497   27   22  40.232    0.827    5.000    4.451    40.232   FAILED
 498   27   21  22.421    0.299    2.825   10.196    22.421   FAILED
 499   27   20  35.928    0.771    5.000    8.107    35.928   FAILED
 500   27   19  12.921    1.653    5.000    4.906    12.921   FAILED
 501   27   18  19.817    0.376    2.953   11.622    19.817   FAILED
 502   27   17   6.557    0.329    1.223    5.755     6.557   FAILED
 503   27   16  30.479    0.406    4.061   10.719    30.479   FAILED
 504   27   15  11.980    0.185    2.363   21.180    11.980   FAILED
 505   27   14   5.667    0.297    0.900    3.138     5.667   FAILED
 506   27   13  29.324    0.362    3.396    9.466    29.324   FAILED
 507   27   12  11.971    0.232    3.114   13.382    11.971   FAILED
 508   27   11   6.077    0.367    0.903    2.243     6.077   FAILED
 509   27   10   4.905    0.394    0.426    1.938     4.905   FAILED
 520   26   39   6.762    0.077    1.063   19.814     6.762   FAILED
 523   26   36   6.909    0.101    0.960   15.560     6.909   FAILED
 528   26   31  11.425    0.154    1.933   21.121    11.425   FAILED
 530   26   29  12.968    0.183    3.322   20.590    12.968   FAILED
 531   26   28  13.835    0.212    3.907   19.141    13.835   FAILED
 532   26   27  14.899    0.226    4.228   20.764    14.899   FAILED
 533   26   26  24.916    0.464    3.969    8.957    24.916   FAILED
 534   26   25  13.919    0.219    4.116   19.500    13.919   FAILED
 535   26   24  24.412    0.376    3.239    8.769    24.412   FAILED
 536   26   23  21.356    0.238    2.410   11.780    21.356   FAILED
 537   26   22  14.571    0.211    4.031   19.686    14.571   FAILED
 538   26   21  40.220    0.877    4.052    4.057    40.220   FAILED
 539   26   20  26.141    0.423    3.793    9.713    26.141   FAILED
 540   26   19  12.504    0.012    3.055   21.034    12.504   FAILED
 541   26   18  20.512    0.323    2.998    9.946    20.512   FAILED
 542   26   17  26.781    0.466    3.916    8.171    26.781   FAILED
 543   26   16  26.168    0.299    2.494    7.577    26.168   FAILED
 544   26   15  22.737    0.392    2.585    6.118    22.737   FAILED
 545   26   14   5.327    0.213    0.652    2.143     5.327   FAILED
 546   26   13  24.759    0.364    2.708    7.113    24.759   FAILED
 547   26   12  21.162    0.317    2.244    8.168    21.162   FAILED
 548   26   11  12.840    0.296    3.341   15.878    12.840   FAILED
 549   26   10  34.705    0.569    4.878    8.539    34.705   FAILED
 550   26    9  11.216    0.141    1.751   22.110    11.216   FAILED
 553   26    6  11.517    0.131    1.500   17.652    11.517   FAILED
 557   26    2  11.477    0.130    1.479   18.159    11.477   FAILED
 561   25   38   6.273    0.070    0.824   20.404     6.273   FAILED
 563   25   36  10.208    0.089    1.247   19.437    10.208   FAILED
 564   25   35   6.593    0.093    0.849   16.205     6.593   FAILED
 565   25   34  10.198    0.117    1.322   18.008    10.198   FAILED
 569   25   30  10.444    0.095    1.493   18.643    10.444   FAILED
 570   25   29  18.396    0.294    2.512   10.042    18.396   FAILED
 571   25   28  20.985    0.362    2.419    7.010    20.985   FAILED
 572   25   27  33.468    0.698    5.000    7.157    33.468   FAILED
 573   25   26  27.240    0.381    3.407    9.392    27.240   FAILED
 574   25   25  10.722    0.148    2.633   23.188    10.722   FAILED
 575   25   24   5.646    0.266    0.823    2.565     5.646   FAILED
 576   25   23  38.070    0.668    5.000    5.673    38.070   FAILED
 577   25   22  10.911    0.192    2.685   24.048    10.911   FAILED
 578   25   21  28.054    0.448    3.591    7.627    28.054   FAILED
 579   25   20  24.554    0.416    3.735   10.763    24.554   FAILED
 580   25   19  29.920    0.458    4.019    8.621    29.920   FAILED
 581   25   18  22.158    0.355    3.144    9.984    22.158   FAILED
 582   25   17  28.766    0.349    3.204    9.008    28.766   FAILED
 583   25   16  26.758    0.364    3.345    9.395    26.758   FAILED
 584   25   15  23.900    0.353    3.121    8.812    23.900   FAILED
 585   25   14  21.905    0.287    2.327    8.519    21.905   FAILED
 586   25   13  24.504    0.345    3.076    8.822    24.504   FAILED
 587   25   12  22.830    0.353    2.899    8.802    22.830   FAILED
 588   25   11  20.366    0.272    2.355   11.278    20.366   FAILED
 589   25   10   6.017    0.335    0.884    2.768     6.017   FAILED
 591   25    8   6.958    0.072    0.911   18.163     6.958   FAILED
 592   25    7  10.051    0.113    1.387   20.771    10.051   FAILED
 593   25    6  10.127    0.112    1.331   22.559    10.127   FAILED
 597   25    2  10.180    0.009    1.571   21.283    10.180   FAILED
 598   25    1   6.265    0.065    0.751   19.062     6.265   FAILED
 599   25    0  10.260    0.128    1.332   15.222    10.260   FAILED
 601   24   38   6.249    0.087    0.853   20.408     6.249   FAILED
 606   24   33  10.975    0.118    1.364   18.932    10.975   FAILED
 610   24   29  20.652    0.344    3.142   10.888    20.652   FAILED
 611   24   28  12.375    0.206    3.580   17.991    12.375   FAILED
 612   24   27  24.786    0.342    2.891    8.091    24.786   FAILED
 613   24   26  12.384    0.226    3.165   23.053    12.384   FAILED
 614   24   25  35.794    0.625    5.000    6.721    35.794   FAILED
 615   24   24  20.170    0.283    2.324   10.110    20.170   FAILED
 616   24   23  21.322    0.242    2.230   10.666    21.322   FAILED
 617   24   22  26.212    0.363    3.169    9.183    26.212   FAILED
 618   24   21  21.005    0.268    2.265    9.053    21.005   FAILED
 619   24   20  22.347    0.294    2.813   10.269    22.347   FAILED
 620   24   19  24.447    0.327    2.676    8.626    24.447   FAILED
 621   24   18  22.837    0.474    2.481    3.919    22.837   FAILED
 622   24   17  14.588    0.264    3.787   21.277    14.588   FAILED
 623   24   16  36.987    0.745    4.541    6.854    36.987   FAILED
 624   24   15  26.396    0.325    2.906    9.001    26.396   FAILED
 625   24   14  22.680    0.252    2.364    9.948    22.680   FAILED
 626   24   13  18.251    0.257    2.225   11.438    18.251   FAILED
 627   24   12  24.109    0.313    2.630    8.999    24.109   FAILED
 628   24   11  29.864    0.454    4.028    9.344    29.864   FAILED
 629   24   10  27.391    0.349    3.085    8.951    27.391   FAILED
 636   24    3   8.763    0.000    1.001   17.932     8.763   SUCCESS
 637   24    2  10.550    0.122    1.475   24.833    10.550   FAILED
 640   23   39   5.748    0.153    0.762    8.172     5.748   FAILED
 648   23   31   6.407    0.097    0.850   10.277     6.407   FAILED
 650   23   29  14.356    0.245    4.405   17.013    14.356   FAILED
 651   23   28  26.177    0.366    3.023    7.743    26.177   FAILED
 652   23   27  19.568    0.247    1.985    9.721    19.568   FAILED
 653   23   26  11.500    0.000    0.000    5.200    11.500   FAILED
 654   23   25  28.821    0.799    4.157    4.065    28.821   FAILED
 655   23   24  24.875    0.347    3.263    9.728    24.875   FAILED
 656   23   23  20.639    0.315    1.729    4.148    20.639   FAILED
 657   23   22  25.965    0.373    3.056    7.994    25.965   FAILED
 658   23   21  26.526    0.359    3.310    9.279    26.526   FAILED
 659   23   20  29.932    0.419    3.640    8.609    29.932   FAILED
 660   23   19  37.297    0.599    5.000    6.276    37.297   FAILED
 661   23   18  19.502    0.273    2.232    9.613    19.502   FAILED
 662   23   17  20.567    0.323    2.467    9.085    20.567   FAILED
 663   23   16  27.476    1.489    2.041    1.711    27.476   FAILED
 664   23   15  12.651    0.000    3.321   21.280    12.651   SUCCESS
 665   23   14  21.838    0.312    2.500   10.125    21.838   FAILED
 666   23   13  13.047    0.238    3.427   21.217    13.047   FAILED
 667   23   12  14.170    0.199    3.857   21.089    14.170   FAILED
 668   23   11  21.921    0.311    2.776    9.693    21.921   FAILED
 669   23   10  28.243    0.434    4.097   10.306    28.243   FAILED
 670   23    9  12.418    0.166    2.116   19.743    12.418   FAILED
 675   23    4  10.005    0.127    1.435   18.535    10.005   FAILED
 679   23    0   6.357    0.065    0.886   24.937     6.357   FAILED
 684   22   35  11.071    0.595    1.533    2.440    11.071   FAILED
 690   22   29  18.183    0.307    2.220    8.810    18.183   FAILED
 691   22   28  21.960    0.355    3.079    9.532    21.960   FAILED
 692   22   27  37.431    0.587    5.000    7.740    37.431   FAILED
 693   22   26  14.157    0.246    2.935   17.278    14.157   FAILED
 694   22   25   7.507    0.223    0.029    0.997     7.507   SUCCESS
 695   22   24  13.350    0.175    3.142   20.236    13.350   FAILED
 696   22   23  12.511    0.175    3.187   21.210    12.511   FAILED
 697   22   22  28.210    0.386    3.456    9.289    28.210   FAILED
 698   22   21  31.965    0.608    3.736    4.968    31.965   FAILED
 699   22   20  24.969    0.446    3.992   10.927    24.969   FAILED
 700   22   19  14.461    0.231    4.348   18.940    14.461   FAILED
 701   22   18  32.112    0.540    4.579    8.539    32.112   FAILED
 702   22   17  24.208    0.297    2.406    7.587    24.208   FAILED
 703   22   16  34.540    0.750    5.000    5.201    34.540   FAILED
 704   22   15  30.180    0.465    3.971    8.642    30.180   FAILED
 705   22   14  19.101    0.288    2.274    7.991    19.101   FAILED
 706   22   13  32.820    0.621    4.408    9.051    32.820   FAILED
 707   22   12  17.039    0.342    3.307   13.946    17.039   FAILED
 708   22   11  20.049    0.279    2.510    9.015    20.049   FAILED
 709   22   10  26.974    0.463    4.007    9.058    26.974   FAILED
 710   22    9  11.187    0.135    1.694   23.047    11.187   FAILED
 712   22    7  14.304    0.190    2.364   18.361    14.304   FAILED
 715   22    4   9.063    0.000    1.154   21.755     9.063   SUCCESS
 721   21   38  10.289    0.357    1.322    4.007    10.289   FAILED
 730   21   29  20.350    0.358    2.939    8.030    20.350   FAILED
 731   21   28  21.843    0.504    2.737    4.502    21.843   FAILED
 732   21   27   5.994    0.417    1.036    3.095     5.994   FAILED
 733   21   26  23.510    0.404    3.435    9.261    23.510   FAILED
 734   21   25  12.026    0.164    2.853   21.622    12.026   FAILED
 735   21   24  32.479    0.514    4.408    8.380    32.479   FAILED
 736   21   23  19.647    0.298    2.477    8.708    19.647   FAILED
 737   21   22  17.070    0.026    4.668   17.958    17.070   FAILED
 738   21   21  23.753    0.337    2.818    8.828    23.753   FAILED
 739   21   20  34.958    0.001    3.953    7.757    34.958   SUCCESS
 741   21   18  18.534    0.244    2.156   10.389    18.534   FAILED
 742   21   17  16.856    0.315    3.573   16.147    16.856   FAILED
 743   21   16  19.556    0.263    2.174    9.672    19.556   FAILED
 744   21   15  33.271    0.625    4.377    9.941    33.271   FAILED
 745   21   14  16.720    0.255    2.538   14.283    16.720   FAILED
 746   21   13  17.438    0.272    2.812   13.590    17.438   FAILED
 747   21   12  18.790    0.033    2.766   11.193    18.790   SUCCESS
 748   21   11  20.677    0.291    2.429   10.508    20.677   FAILED
 749   21   10  12.442    0.205    2.626   19.290    12.442   FAILED
 750   21    9  10.474    0.121    1.510   22.938    10.474   FAILED
 753   21    6  11.204    0.142    1.725   26.528    11.204   FAILED
 754   21    5  12.022    0.152    1.860   21.109    12.022   FAILED
 755   21    4   6.472    0.070    0.889   21.636     6.472   FAILED
 759   21    0  11.194    0.131    1.417   18.547    11.194   FAILED
 760   20   39   6.921    0.175    0.823    7.387     6.921   FAILED
 762   20   37  10.555    0.133    1.510   17.595    10.555   FAILED
 766   20   33  10.187    0.582    1.413    2.664    10.187   FAILED
 770   20   29  32.404    0.527    4.159    9.224    32.404   FAILED
 771   20   28  26.007    0.354    2.912    8.082    26.007   FAILED
 772   20   27  21.638    0.294    1.977    6.622    21.638   FAILED
 773   20   26  16.004    0.384    3.113   14.502    16.004   FAILED
 774   20   25  21.615    0.290    2.910   11.803    21.615   FAILED
 775   20   24  16.635    0.237    2.689   15.381    16.635   FAILED
 776   20   23  43.322    1.295    4.539    3.368    43.322   FAILED
 777   20   22  18.944    0.248    2.260   10.397    18.944   FAILED
 778   20   21  19.018    0.292    2.760   11.155    19.018   FAILED
 781   20   18  13.957    0.752    5.000    5.476    13.957   FAILED
 782   20   17  21.134    0.277    2.633   11.570    21.134   FAILED
 783   20   16  18.725    0.342    3.065   13.666    18.725   FAILED
 784   20   15  38.243    0.586    5.000    7.306    38.243   FAILED
 785   20   14  13.301    0.182    2.334   20.396    13.301   FAILED
 786   20   13  23.322    0.299    2.766   10.123    23.322   FAILED
 787   20   12  34.712    0.452    5.000   11.334    34.712   FAILED
 788   20   11  23.219    0.307    2.967   11.344    23.219   FAILED
 789   20   10  26.880    0.334    3.218   10.783    26.880   FAILED
 791   20    8   6.840    0.119    0.785   11.574     6.840   FAILED
 800   19   39   6.564    0.116    0.911   12.711     6.564   FAILED
 805   19   34   6.023    0.061    0.848   25.524     6.023   FAILED
 806   19   33   6.947    0.084    0.949   25.207     6.947   FAILED
 807   19   32   5.386    0.053    0.575   27.742     5.386   FAILED
 808   19   31  11.983    0.142    1.293    9.719    11.983   FAILED
 809   19   30   6.958    0.014    0.874   14.923     6.958   FAILED
 810   19   29  23.851    0.360    2.639    7.114    23.851   FAILED
 811   19   28  35.244    0.525    5.000    8.755    35.244   FAILED
 812   19   27  20.157    0.284    2.443    8.523    20.157   FAILED
 813   19   26  28.939    4.119    4.885    1.463    28.939   FAILED
 814   19   25  30.511   34.383    0.008    0.926    30.511   SUCCESS
 815   19   24  19.146    0.269    1.886    8.358    19.146   FAILED
 816   19   23  30.992    0.531    4.512    8.295    30.992   FAILED
 817   19   22  30.500    0.000    0.000    1.061    30.500   FAILED
 818   19   21  25.268    0.294    2.183    7.596    25.268   FAILED
 821   19   18  37.975    0.956    4.997    4.171    37.975   FAILED
 822   19   17  20.561    0.315    2.910   12.139    20.561   FAILED
 823   19   16  31.404    0.496    4.331    9.471    31.404   FAILED
 824   19   15  23.165    0.410    4.461   15.371    23.165   FAILED
 825   19   14  24.351    0.366    3.035   11.125    24.351   FAILED
 826   19   13  24.884    0.415    4.024   11.014    24.884   FAILED
 827   19   12  23.610    0.354    3.074   10.071    23.610   FAILED
 828   19   11  29.029    0.445    3.431    8.317    29.029   FAILED
 829   19   10  18.629    0.256    2.906   14.558    18.629   FAILED
 831   19    8   6.860    0.076    1.058   22.169     6.860   FAILED
 832   19    7  10.180    0.102    1.616   19.629    10.180   FAILED
 838   19    1  10.380    0.102    1.417   17.270    10.380   FAILED
 839   19    0  11.515    0.158    1.730   18.646    11.515   FAILED
 840   18   39   5.368    0.050    0.580   20.163     5.368   FAILED
 841   18   38   5.175    0.019    0.497   18.996     5.175   FAILED
 845   18   34   5.896    0.151    0.736    8.623     5.896   FAILED
 846   18   33   6.981    0.072    1.004   20.610     6.981   FAILED
 850   18   29  19.886    0.264    2.183    9.057    19.886   FAILED
 851   18   28  18.502    0.199    2.009   12.079    18.502   FAILED
 852   18   27  24.135    0.363    2.873    7.528    24.135   FAILED
 853   18   26  21.207    0.321    3.189   11.936    21.207   FAILED
 854   18   25  17.792    0.213    2.092   12.039    17.792   FAILED
 855   18   24  18.990    0.278    2.338    9.924    18.990   FAILED
 856   18   23  29.025    0.395    3.554    9.429    29.025   FAILED
 857   18   22  42.221    0.743    5.000    4.075    42.221   FAILED
 858   18   21  18.675    0.363    2.887   10.891    18.675   FAILED
 859   18   20  14.589    0.072    3.557   18.220    14.589   FAILED
 860   18   19  35.753    0.563    5.000    8.077    35.753   FAILED
 861   18   18  30.170    0.436    3.879    9.074    30.170   FAILED
 862   18   17  22.512    0.758    5.000   13.438    22.512   FAILED
 863   18   16  14.327    0.181    2.295   19.141    14.327   FAILED
 865   18   14  20.297    0.307    2.619    9.800    20.297   FAILED
 866   18   13  17.211    0.281    2.921   15.630    17.211   FAILED
 867   18   12  36.490    0.687    4.764    8.660    36.490   FAILED
 868   18   11  17.238    0.157    4.592   17.833    17.238   FAILED
 869   18   10  24.446    0.351    3.616   11.698    24.446   FAILED
 875   18    4  12.138    0.182    2.217   19.249    12.138   FAILED
 884   17   35   6.498    0.060    0.909   27.548     6.498   FAILED
 885   17   34  10.710    0.081    1.252   18.464    10.710   FAILED
 886   17   33   6.141    0.057    0.806   24.867     6.141   FAILED
 887   17   32   6.074    0.051    0.788   26.990     6.074   FAILED
 889   17   30   5.946    0.052    0.734   44.306     5.946   FAILED
 890   17   29  28.963    0.459    4.180    9.432    28.963   FAILED
 891   17   28  19.208    0.251    2.465   11.827    19.208   FAILED
 892   17   27  36.453    0.657    5.000    6.182    36.453   FAILED
 893   17   26  20.929    0.285    2.218    7.621    20.929   FAILED
 894   17   25  23.116    0.428    3.770   14.316    23.116   FAILED
 895   17   24  38.455    0.994    4.014    3.221    38.455   FAILED
 896   17   23  25.387    0.296    2.641    9.551    25.387   FAILED
 897   17   22  20.214    0.343    5.000   19.473    20.214   FAILED
 898   17   21  15.082    0.215    4.059   19.224    15.082   FAILED
 899   17   20  19.752    0.275    2.401    9.232    19.752   FAILED
 900   17   19  14.290    3.124    5.000    6.738    14.290   FAILED
 902   17   17  22.676    0.293    2.736    9.758    22.676   FAILED
 903   17   16  23.378    0.357    3.636   11.958    23.378   FAILED
 904   17   15  23.828    0.520    5.000   14.523    23.828   FAILED
 905   17   14  12.425    0.164    2.981   22.717    12.425   FAILED
 906   17   13  28.748    0.365    3.674   11.560    28.748   FAILED
 907   17   12  16.100    0.198    2.330   19.019    16.100   FAILED
 908   17   11  16.094    0.273    2.801   18.726    16.094   FAILED
 909   17   10  42.031    0.639    3.356    4.040    42.031   FAILED
 910   17    9  10.850    0.134    1.706   24.746    10.850   FAILED
 916   17    3  10.689    0.127    1.518   20.371    10.689   FAILED
 919   17    0  11.426    0.148    1.693   18.904    11.426   FAILED
 922   16   37   6.635    0.091    0.846   18.116     6.635   FAILED
 926   16   33   6.640    0.139    1.067   10.589     6.640   FAILED
 927   16   32   6.744    0.057    0.886   34.512     6.744   FAILED
 928   16   31   6.234    0.054    0.885   29.852     6.234   FAILED
 929   16   30   5.152    0.034    0.479   40.657     5.152   FAILED
 930   16   29  13.484    0.204    2.729   20.967    13.484   FAILED
 931   16   28  19.562    0.243    2.403   11.980    19.562   FAILED
 932   16   27  17.174    0.194    3.569   18.651    17.174   FAILED
 933   16   26  12.979    0.174    3.202   20.745    12.979   FAILED
 934   16   25  14.610    0.199    2.645   19.309    14.610   FAILED
 935   16   24  18.790    0.306    1.632    4.734    18.790   FAILED
 936   16   23  16.979    0.209    2.707   18.650    16.979   FAILED
 937   16   22  28.809    0.440    4.363   12.442    28.809   FAILED
 938   16   21  26.115    0.322    3.000   10.770    26.115   FAILED
 939   16   20   6.861    0.333    1.067    2.789     6.861   FAILED
 940   16   19  32.802    0.484    4.494    9.820    32.802   FAILED
 941   16   18  21.908    0.301    2.877   11.144    21.908   FAILED
 942   16   17  16.859    0.297    3.706   17.499    16.859   FAILED
 943   16   16  21.954    0.458    2.829    9.645    21.954   FAILED
 944   16   15  24.477    0.376    4.114   13.583    24.477   FAILED
 945   16   14  27.579    0.360    3.386   10.589    27.579   FAILED
 946   16   13  23.013    0.342    3.036   10.488    23.013   FAILED
 947   16   12  25.499    0.388    3.580   10.656    25.499   FAILED
 948   16   11  16.573    0.293    2.918   14.604    16.573   FAILED
 949   16   10  22.127    0.357    3.238   10.190    22.127   FAILED
 950   16    9  11.123    0.129    1.466   19.305    11.123   FAILED
 956   16    3  10.075    0.126    1.485   19.367    10.075   FAILED
 960   15   39   6.123    0.068    0.905   25.048     6.123   FAILED
 967   15   32   6.847    0.068    1.097   33.513     6.847   FAILED
 968   15   31  11.918    0.140    2.517   22.744    11.918   FAILED
 970   15   29  24.238    0.321    2.772    8.749    24.238   FAILED
 971   15   28  14.905    0.279    3.989   20.437    14.905   FAILED
 972   15   27  25.328    0.338    3.328   11.571    25.328   FAILED
 973   15   26   5.373    0.232    0.681    5.342     5.373   FAILED
 974   15   25  20.530    0.299    2.860   11.458    20.530   FAILED
 975   15   24  30.647    0.417    3.872   10.290    30.647   FAILED
 976   15   23  28.374    0.516    3.721    6.317    28.374   FAILED
 977   15   22  19.844    0.265    2.379   10.361    19.844   FAILED
 978   15   21  21.597    0.320    2.902   10.717    21.597   FAILED
 979   15   20  32.206    0.502    5.000   10.568    32.206   FAILED
 980   15   19  18.306    0.264    2.140   10.657    18.306   FAILED
 981   15   18  24.988    0.292    2.621    9.168    24.988   FAILED
 982   15   17  19.770    0.283    2.536   11.801    19.770   FAILED
 983   15   16  18.693    0.040    3.992   18.591    18.693   FAILED
 984   15   15  35.863    0.502    3.644    6.574    35.863   FAILED
 985   15   14  31.710    0.517    5.000   10.691    31.710   FAILED
 986   15   13  22.162    0.301    2.799   11.190    22.162   FAILED
 987   15   12  31.397    0.443    4.286   10.439    31.397   FAILED
 988   15   11  21.919    0.381    3.685   11.470    21.919   FAILED
 989   15   10  19.277    0.287    2.686   11.856    19.277   FAILED
 991   15    8   6.452    0.138    0.847   11.215     6.452   FAILED
 996   15    3  11.216    0.116    1.694   20.882    11.216   FAILED
 999   15    0  10.959    0.136    1.448   17.368    10.959   FAILED
1000   14   39   5.608    0.001    0.667   24.079     5.608   SUCCESS
1001   14   38  10.413    0.118    1.108   16.243    10.413   FAILED
1006   14   33   6.127    0.056    0.819   21.757     6.127   FAILED
1007   14   32   5.689    0.070    0.739   22.765     5.689   FAILED
1010   14   29  13.665    0.182    3.368   21.163    13.665   FAILED
1011   14   28  20.476    0.283    2.500   11.794    20.476   FAILED
1012   14   27  18.841    0.240    2.486   12.761    18.841   FAILED
1013   14   26  25.343    0.351    2.969   10.015    25.343   FAILED
1014   14   25  34.447    0.508    4.966   10.657    34.447   FAILED
1015   14   24  11.304    0.163    2.285   24.189    11.304   FAILED
1016   14   23  26.748    0.125    2.937    9.109    26.748   SUCCESS
1017   14   22  23.897    0.286    2.981   11.761    23.897   FAILED
1018   14   21  20.923    0.288    2.428   10.270    20.923   FAILED
1019   14   20  22.859    0.293    2.590    9.439    22.859   FAILED
1020   14   19  21.566    0.776    2.533    3.996    21.566   FAILED
1021   14   18  26.478    0.406    3.597    8.943    26.478   FAILED
1022   14   17  20.476    0.313    2.878   12.716    20.476   FAILED
1023   14   16   5.404    0.245    0.611    3.229     5.404   FAILED
1024   14   15  23.671    0.359    3.324   11.254    23.671   FAILED
1025   14   14  16.815    0.016    3.597   19.262    16.815   FAILED
1026   14   13  33.565    0.579    5.000    7.920    33.565   FAILED
1027   14   12  28.706    0.393    4.094   12.033    28.706   FAILED
1028   14   11  26.675    0.292    2.677   10.018    26.675   FAILED
1029   14   10  38.337    0.730    3.198    3.344    38.337   FAILED
1035   14    4   6.936    0.092    0.911   18.542     6.936   FAILED
1040   13   39  10.408    0.182    1.218    7.994    10.408   FAILED
1045   13   34   6.788    0.067    0.979   20.560     6.788   FAILED
1046   13   33   6.154    0.060    0.897   31.918     6.154   FAILED
1047   13   32   6.094    0.143    0.835    6.949     6.094   FAILED
1048   13   31   6.725    0.067    0.865   20.209     6.725   FAILED
1050   13   29  24.995    0.306    2.916   10.681    24.995   FAILED
1051   13   28  34.749    0.693    4.331    7.912    34.749   FAILED
1052   13   27  19.336    0.250    2.529   12.208    19.336   FAILED
1053   13   26  30.533    0.440    3.874    8.864    30.533   FAILED
1054   13   25  22.009    0.301    2.865   11.340    22.009   FAILED
1055   13   24  12.749    0.169    3.044   21.448    12.749   FAILED
1056   13   23  14.602    0.169    3.014   22.535    14.602   FAILED
1057   13   22  35.699    0.528    5.000    9.070    35.699   FAILED
1058   13   21  20.248    0.296    2.554   10.541    20.248   FAILED
1059   13   20  32.604    0.511    4.684   10.057    32.604   FAILED
1060   13   19  34.915    0.463    4.092    8.783    34.915   FAILED
1061   13   18  20.790    0.291    2.792   10.936    20.790   FAILED
1062   13   17  24.316    0.327    2.515    8.451    24.316   FAILED
1063   13   16  23.370    0.350    3.167   10.696    23.370   FAILED
1064   13   15  27.828    0.383    3.546   10.165    27.828   FAILED
1065   13   14  35.770    0.603    4.174    8.266    35.770   FAILED
1066   13   13  31.433    0.485    4.265    9.415    31.433   FAILED
1067   13   12  29.060    0.405    3.654   10.888    29.060   FAILED
1068   13   11  28.083    0.454    4.392   10.817    28.083   FAILED
1069   13   10  25.114    0.396    3.398   10.158    25.114   FAILED
1070   13    9  12.356    0.182    2.313   18.385    12.356   FAILED
1074   13    5  10.662    0.136    1.571   20.957    10.662   FAILED
1082   12   37   6.373    0.088    0.946   24.281     6.373   FAILED
1083   12   36   6.725    0.075    1.114   24.266     6.725   FAILED
1084   12   35   5.531    0.012    0.661   22.813     5.531   FAILED
1085   12   34   6.372    0.061    0.822   29.129     6.372   FAILED
1087   12   32   6.863    0.071    1.090   26.835     6.863   FAILED
1089   12   30   6.248    0.089    0.773   17.209     6.248   FAILED
1090   12   29  15.248    0.215    2.180   13.942    15.248   FAILED
1091   12   28  24.842    0.276    2.596    9.451    24.842   FAILED
1092   12   27  18.201    0.294    3.858   16.208    18.201   FAILED
1093   12   26   5.469    0.273    0.748    4.444     5.469   FAILED
1094   12   25  18.857    0.283    2.840   12.709    18.857   FAILED
1095   12   24  28.995    0.432    3.745    8.835    28.995   FAILED
1096   12   23  19.729    0.258    2.473   11.923    19.729   FAILED
1097   12   22  27.162    0.331    3.273   10.605    27.162   FAILED
1098   12   21  23.500    0.000    0.000    4.394    23.500   FAILED
1099   12   20  15.275    0.186    3.240   17.802    15.275   FAILED
1100   12   19  24.495    0.321    3.132   12.184    24.495   FAILED
1101   12   18  22.054    0.305    2.757    9.214    22.054   FAILED
1102   12   17  21.598    0.430    3.918   12.839    21.598   FAILED
1103   12   16  19.754    0.231    2.198   11.021    19.754   FAILED
1104   12   15  25.504    0.334    3.138    9.908    25.504   FAILED
1105   12   14   6.246    0.337    1.044    4.172     6.246   FAILED
1106   12   13  46.082    1.858    3.815    1.551    46.082   FAILED
1108   12   11  23.715    0.369    3.257   10.474    23.715   FAILED
1109   12   10  25.190    0.407    3.684    9.233    25.190   FAILED
1110   12    9  10.178    0.126    1.482   21.027    10.178   FAILED
1112   12    7  10.682    0.130    1.481   18.972    10.682   FAILED
1121   11   38   5.926    0.059    0.749   25.764     5.926   FAILED
1125   11   34   6.185    0.064    0.818   18.994     6.185   FAILED
1128   11   31   5.252    0.006    0.524   24.983     5.252   FAILED
1130   11   29  22.376    0.516    2.717    4.069    22.376   FAILED
1131   11   28  22.373    0.336    3.181   11.561    22.373   FAILED
1132   11   27  23.115    0.259    2.378   10.260    23.115   FAILED
1133   11   26  12.667    0.130    2.147   21.790    12.667   FAILED
1134   11   25  29.077    0.431    4.286   10.771    29.077   FAILED
1135   11   24  27.127    0.348    3.352   10.172    27.127   FAILED
1136   11   23  38.726    0.724    3.435    4.490    38.726   FAILED
1137   11   22  24.613    0.307    2.583    8.271    24.613   FAILED
1138   11   21  22.824    0.440    2.650    9.689    22.824   FAILED
1139   11   20  24.943    0.439    3.791   12.329    24.943   FAILED
1140   11   19  29.743    0.373    3.793   10.877    29.743   FAILED
1141   11   18  26.809    0.357    3.444    9.937    26.809   FAILED
1142   11   17  28.258    0.410    3.832    9.592    28.258   FAILED
1143   11   16  19.120    0.026    2.889   12.492    19.120   SUCCESS
1145   11   14   6.900    0.485    1.317    2.158     6.900   FAILED
1146   11   13  31.656    0.537    4.666    9.660    31.656   FAILED
1147   11   12  37.221    0.807    4.783    6.043    37.221   FAILED
1148   11   11  24.352    0.330    2.649    7.723    24.352   FAILED
1149   11   10  14.349    0.170    2.666   17.358    14.349   FAILED
1151   11    8   8.559    0.096    0.892   15.543     8.559   SUCCESS
1153   11    6  10.689    0.128    1.818   15.937    10.689   FAILED
1156   11    3  10.081    0.097    1.087   14.202    10.081   FAILED
1159   11    0   6.353    0.013    0.809   19.965     6.353   FAILED
1167   10   32  10.355    0.547    1.640    3.403    10.355   FAILED
1169   10   30   6.507    0.058    0.848   27.473     6.507   FAILED
1170   10   29  15.230    0.243    2.249   13.695    15.230   FAILED
1171   10   28  24.448    0.345    3.002    9.120    24.448   FAILED
1172   10   27  24.130    0.331    3.099    9.830    24.130   FAILED
1173   10   26  30.049    0.362    3.632   10.530    30.049   FAILED
1174   10   25  18.303    0.241    2.123   10.502    18.303   FAILED
1175   10   24  16.001    0.221    2.748   16.794    16.001   FAILED
1176   10   23  23.578    0.368    3.422   11.126    23.578   FAILED
1177   10   22  20.937    0.240    2.207    9.986    20.937   FAILED
1178   10   21  27.067    0.419    3.605   10.692    27.067   FAILED
1179   10   20  25.665    0.339    3.203    9.702    25.665   FAILED
1180   10   19  18.909    0.263    2.192   10.192    18.909   FAILED
1181   10   18  18.639    0.286    2.767   11.887    18.639   FAILED
1182   10   17  25.132    0.377    2.868    7.432    25.132   FAILED
1183   10   16  29.236    0.415    3.811    9.301    29.236   FAILED
1184   10   15  25.441    0.963    5.000   12.876    25.441   FAILED
1185   10   14   6.348    0.339    1.010    5.438     6.348   FAILED
1186   10   13  33.801    0.634    4.680    8.360    33.801   FAILED
1187   10   12  28.092    0.334    2.926    8.612    28.092   FAILED
1188   10   11  33.437    0.509    4.449    8.677    33.437   FAILED
1189   10   10  22.236    0.297    2.636    8.661    22.236   FAILED
1190   10    9  11.533    0.147    1.699   17.573    11.533   FAILED
1192   10    7   6.524    0.067    0.990   26.450     6.524   FAILED
1196   10    3  11.646    0.112    1.510   17.387    11.646   FAILED
1199   10    0   6.322    0.119    0.751   11.782     6.322   FAILED
1201    9   38   5.822    0.054    0.723   24.625     5.822   FAILED
1202    9   37  11.829    0.147    1.466   13.219    11.829   FAILED
1206    9   33   6.668    0.077    0.775   17.710     6.668   FAILED
1209    9   30   6.718    0.066    0.867   22.351     6.718   FAILED
1210    9   29   5.546    0.049    0.661   35.737     5.546   FAILED
1211    9   28   6.223    0.097    0.923   16.150     6.223   FAILED
1214    9   25   5.305    0.043    0.572   32.498     5.305   FAILED
1215    9   24   6.484    0.062    0.964   28.824     6.484   FAILED
1219    9   20   6.484    0.065    0.929   29.074     6.484   FAILED
1222    9   17   6.468    0.632    1.286    3.080     6.468   FAILED
1224    9   15   6.247    0.091    0.900   24.622     6.247   FAILED
1226    9   13  11.276    0.158    1.624   18.236    11.276   FAILED
1234    9    5  12.752    0.174    1.930   19.698    12.752   FAILED
1239    9    0  10.472    0.542    1.606    3.029    10.472   FAILED
1241    8   38   6.370    0.199    0.828    7.166     6.370   FAILED
1243    8   36   6.409    0.074    0.840   17.304     6.409   FAILED
1247    8   32  11.235    0.142    1.600   17.257    11.235   FAILED
1248    8   31   6.762    0.072    0.821   16.911     6.762   FAILED
1249    8   30   6.453    0.071    0.834   19.401     6.453   FAILED
1250    8   29   5.816    0.056    0.716   29.154     5.816   FAILED
1255    8   24   6.919    0.073    1.003   25.571     6.919   FAILED
1256    8   23   5.658    0.055    0.633   25.754     5.658   FAILED
1257    8   22   5.851    0.057    0.745   25.443     5.851   FAILED
1259    8   20  10.642    0.306    1.068    3.542    10.642   FAILED
1260    8   19  10.080    0.173    1.262   10.647    10.080   FAILED
1261    8   18   5.893    0.057    0.708   21.954     5.893   FAILED
1263    8   16   5.988    0.062    0.772   20.019     5.988   FAILED
1265    8   14  12.467    0.182    1.674   16.549    12.467   FAILED
1269    8   10   5.214    0.051    0.500   27.434     5.214   FAILED
1270    8    9  10.406    0.095    1.325   20.618    10.406   FAILED
1272    8    7  10.848    0.112    1.583   17.994    10.848   FAILED
1274    8    5  11.197    0.128    1.744   15.860    11.197   FAILED
1275    8    4  10.621    0.107    1.450   20.181    10.621   FAILED
1281    7   38   6.189    0.064    0.842   26.788     6.189   FAILED
1284    7   35   6.716    0.204    1.183   13.315     6.716   FAILED
1286    7   33   6.092    0.059    0.756   23.369     6.092   FAILED
1287    7   32   6.069    0.087    0.763   21.100     6.069   FAILED
1289    7   30  10.079    0.108    1.231   14.316    10.079   FAILED
1290    7   29   6.522    0.062    0.883   26.920     6.522   FAILED
1291    7   28   6.074    0.059    0.755   24.601     6.074   FAILED
1299    7   20   6.883    0.076    1.068   26.362     6.883   FAILED
1300    7   19   5.908    0.057    0.753   25.557     5.908   FAILED
1303    7   16  10.497    0.164    2.394   16.686    10.497   FAILED
1304    7   15  12.678    0.197    2.035   14.688    12.678   FAILED
1305    7   14  12.715    0.247    1.928   12.469    12.715   FAILED
1306    7   13  12.064    0.188    1.921   15.392    12.064   FAILED
1309    7   10  11.219    0.176    2.666   18.820    11.219   FAILED
1310    7    9   6.776    0.073    0.902   20.172     6.776   FAILED
1314    7    5   6.622    0.069    0.972   24.756     6.622   FAILED
1323    6   36   4.622    0.305    0.205    7.432     4.622   FAILED
1324    6   35  10.043    0.130    1.896   16.226    10.043   FAILED
1328    6   31  11.652    0.733    1.648    3.226    11.652   FAILED
1331    6   28   6.316    0.079    0.843   17.954     6.316   FAILED
1333    6   26   6.410    0.050    0.865   13.455     6.410   FAILED
1336    6   23   6.298    0.089    0.872   13.180     6.298   FAILED
1343    6   16  10.976    0.169    1.754   15.142    10.976   FAILED
1344    6   15   6.983    0.104    0.659    8.111     6.983   FAILED
1345    6   14  12.301    0.016    2.691   14.517    12.301   FAILED
1349    6   10  10.001    0.138    2.054   18.059    10.001   FAILED
1351    6    8  14.152    0.012    1.973   15.071    14.152   FAILED
1360    5   39   5.732    0.083    0.676   14.494     5.732   FAILED
1361    5   38   6.408    0.076    0.861   23.665     6.408   FAILED
1362    5   37   5.646    0.079    0.637   14.489     5.646   FAILED
1366    5   33   6.418    0.080    0.870   16.123     6.418   FAILED
1369    5   30   6.468    0.075    0.861   18.710     6.468   FAILED
1382    5   17   5.979    0.015    0.714   15.865     5.979   FAILED
1384    5   15  10.903    0.013    1.761   16.720    10.903   FAILED
1385    5   14  11.869    0.169    2.405   16.853    11.869   FAILED
1389    5   10   5.230    0.079    0.490   21.185     5.230   FAILED
1391    5    8  12.157    0.253    3.397   12.873    12.157   FAILED
1392    5    7   6.859    0.100    0.928   22.166     6.859   FAILED
1393    5    6  11.419    0.173    1.722   15.575    11.419   FAILED
1394    5    5  12.568    0.165    2.241   14.224    12.568   FAILED
1397    5    2  10.352    0.112    1.403   16.278    10.352   FAILED
1401    4   38   6.664    0.074    0.885   22.979     6.664   FAILED
1406    4   33   6.481    0.072    0.869   17.835     6.481   FAILED
1409    4   30   6.574    0.093    0.848   13.994     6.574   FAILED
1410    4   29   6.580    0.078    1.027   21.859     6.580   FAILED
1412    4   27  10.821    0.103    1.186   13.995    10.821   FAILED
1413    4   26   5.721    0.138    0.703    8.236     5.721   FAILED
1414    4   25  11.178    0.253    0.985    5.277    11.178   FAILED
1418    4   21   6.092    0.059    0.817   29.811     6.092   FAILED
1422    4   17   6.231    0.103    0.765   13.631     6.231   FAILED
1423    4   16   5.954    0.074    0.859   17.584     5.954   FAILED
1425    4   14  10.420    0.141    1.449   16.849    10.420   FAILED
1428    4   11  10.470    0.150    1.510   16.240    10.470   FAILED
1429    4   10   6.986    0.108    1.198   17.094     6.986   FAILED
1430    4    9  10.310    0.160    1.621   15.203    10.310   FAILED
1436    4    3  11.083    0.134    1.361   17.193    11.083   FAILED
1438    4    1  12.622    0.189    1.926   14.856    12.622   FAILED
1439    4    0  12.079    0.018    1.835   14.521    12.079   FAILED
1444    3   35  11.066    0.139    1.338   14.186    11.066   FAILED
1450    3   29  10.270    0.131    1.338   17.893    10.270   FAILED
1455    3   24   6.051    0.096    0.750   11.292     6.051   FAILED
1457    3   22  10.569    0.368    1.698    5.619    10.569   FAILED
1462    3   17  10.600    0.194    1.092    7.604    10.600   FAILED
1471    3    8   6.940    0.077    1.044   24.437     6.940   FAILED
1480    2   39  10.141    0.178    2.006   13.306    10.141   FAILED
1481    2   38   6.052    0.112    0.783   11.744     6.052   FAILED
1483    2   36  10.745    0.120    1.197   12.757    10.745   FAILED
1498    2   21   7.168    0.116    0.953   12.110     7.168   SUCCESS
1499    2   20  10.854    0.140    1.445   16.720    10.854   FAILED
1500    2   19  11.631    0.195    2.106   14.987    11.631   SUCCESS
1502    2   17  10.975    0.175    1.922   17.982    10.975   FAILED
1504    2   15   7.099    0.119    0.910   13.562     7.099   SUCCESS
1506    2   13  10.016    0.145    1.537   19.054    10.016   FAILED
1507    2   12  10.474    0.109    1.426   19.585    10.474   FAILED
1508    2   11  10.679    0.127    1.753   16.621    10.679   FAILED
1514    2    5   6.984    0.199    0.916    6.190     6.984   FAILED
1516    2    3  10.026    0.135    1.683   16.122    10.026   FAILED
1524    1   35  10.660    0.133    1.380   13.582    10.660   FAILED
1525    1   34   6.979    0.113    0.942   13.895     6.979   FAILED
1534    1   25  10.983    0.148    1.401   15.312    10.983   FAILED
1535    1   24   6.003    0.076    0.781   15.625     6.003   FAILED
1544    1   15  10.959    0.176    1.635   16.668    10.959   FAILED
1552    1    7  10.057    0.176    1.667   14.570    10.057   FAILED
1558    1    1  11.498    0.164    1.733   11.892    11.498   FAILED
1560    0   39  10.711    0.239    1.573    9.748    10.711   FAILED
1566    0   33  10.088    0.179    1.281   10.652    10.088   FAILED
1571    0   28  10.850    0.154    1.561   11.513    10.850   FAILED
1574    0   25   6.739    0.137    0.876   11.463     6.739   FAILED
1582    0   17  10.040    0.186    1.633   13.535    10.040   FAILED
1591    0    8  11.184    0.173    1.430   11.667    11.184   FAILED
1592    0    7   6.940    0.129    0.898    7.974     6.940   FAILED
1593    0    6   6.728    0.017    0.859   13.897     6.728   FAILED
1595    0    4  13.754    0.271    2.450   11.093    13.754   FAILED
1597    0    2  11.497    0.173    1.398   12.185    11.497   FAILED
1598    0    1  10.021    0.138    1.484   15.103    10.021   FAILED
