// index column row  mean  error sigma   chi2/ndf width  status
   3   39   36  10.371    0.446    1.172    4.858    10.371   FAILED
   9   39   30  10.197    0.529    1.634    2.660    10.197   SUCCESS
  10   39   29  10.861    0.292    0.809    5.184    10.861   FAILED
  15   39   24   6.881    1.027    2.404    2.949     6.881   FAILED
  17   39   22  11.500    0.000    0.000   -0.731    11.500   FAILED
  19   39   20  12.375    0.394    0.515    5.078    12.375   FAILED
  20   39   19  10.151    0.502    1.371    4.408    10.151   FAILED
  24   39   15   6.279    0.342    0.885    5.001     6.279   FAILED
  30   39    9  10.194    0.371    1.265    5.706    10.194   FAILED
  31   39    8  10.582    0.098    1.218    5.321    10.582   FAILED
  36   39    3  10.108    0.388    0.901    4.291    10.108   FAILED
  38   39    1   6.797    0.335    0.696    5.701     6.797   FAILED
  45   38   34  11.655    0.395    1.272    3.862    11.655   FAILED
  56   38   23   6.010    0.625    0.965    4.515     6.010   FAILED
  63   38   16  10.075    0.398    1.108    4.925    10.075   FAILED
  64   38   15   6.853    0.391    0.376   -5.773     6.853   FAILED
  70   38    9   6.909    0.314    0.828    6.082     6.909   FAILED
  72   38    7   5.774    0.406    0.920    5.065     5.774   FAILED
  75   38    4   2.156    0.156    0.687    9.602     2.156   FAILED
  76   38    3  10.495    0.424    0.719    4.230    10.495   FAILED
  79   38    0   6.869    0.312    0.395      inf     6.869   FAILED
  83   37   36  11.173    0.379    0.868    5.435    11.173   FAILED
  84   37   35  10.603    0.428    1.074    4.186    10.603   FAILED
  88   37   31   6.748    0.393    0.635    4.837     6.748   FAILED
  91   37   28  10.502    0.243    1.082    5.031    10.502   FAILED
  92   37   27  11.034    0.375    1.136    4.251    11.034   FAILED
  95   37   24  10.108    0.523    1.393    4.073    10.108   FAILED
  99   37   20  10.816    0.456    1.086    3.828    10.816   FAILED
 101   37   18   5.812    0.335    0.894    5.770     5.812   FAILED
 104   37   15   1.979    0.129    0.599   10.395     1.979   FAILED
 106   37   13   5.270    0.586    2.022    4.104     5.270   FAILED
 108   37   11   5.841    0.014    0.642    6.764     5.841   FAILED
 109   37   10  10.403    0.373    1.112    4.876    10.403   FAILED
 116   37    3   6.425   35.026    0.003    4.447     6.425   SUCCESS
 117   37    2  11.041    2.948    2.260      inf    11.041   FAILED
 118   37    1  10.559    0.191    0.100   -2.923    10.559   FAILED
 119   37    0  13.500    0.000    0.000   -0.731    13.500   FAILED
 124   36   35   5.950    0.361    0.694    4.956     5.950   FAILED
 131   36   28  10.277    0.448    1.202    3.839    10.277   FAILED
 133   36   26  10.203    0.414    0.929    4.028    10.203   FAILED
 135   36   24  10.967    0.390    1.126    4.430    10.967   FAILED
 142   36   17   6.496    0.325    0.857    5.930     6.496   FAILED
 144   36   15  10.450    0.714    1.122    3.738    10.450   FAILED
 147   36   12  10.383    0.523    1.567    4.062    10.383   FAILED
 150   36    9  10.017    0.558    1.240    3.027    10.017   FAILED
 151   36    8  10.858    0.508    1.472    3.969    10.858   FAILED
 152   36    7  10.209    0.361    1.009    6.106    10.209   FAILED
 154   36    5  10.533    0.228    1.205    3.799    10.533   FAILED
 156   36    3  10.201    0.787    1.260    6.531    10.201   FAILED
 157   36    2   8.500    0.000    0.000      inf     8.500   FAILED
 158   36    1   7.500    0.011    0.002    6.007     7.500   SUCCESS
 159   36    0  11.749    0.809    0.412   -2.923    11.749   FAILED
 163   35   36   6.657    0.500    1.576    4.098     6.657   FAILED
 169   35   30  10.406    0.434    1.201    4.317    10.406   FAILED
 173   35   26  10.676    0.470    1.210    3.639    10.676   FAILED
 177   35   22  10.682    0.051    0.304   -2.923    10.682   FAILED
 178   35   21   6.934    0.393    1.104    5.556     6.934   FAILED
 188   35   11  10.852    0.305    0.968    4.552    10.852   FAILED
 200   34   39   6.937    0.338    0.985    5.302     6.937   FAILED
 201   34   38   6.481    0.272    0.855    6.040     6.481   FAILED
 203   34   36   6.411    0.425    1.468    5.235     6.411   FAILED
 205   34   34  10.024    0.823    0.994    2.557    10.024   FAILED
 208   34   31  11.136    0.173    0.736    4.622    11.136   FAILED
 209   34   30  10.519    0.403    1.300    4.693    10.519   FAILED
 211   34   28   6.157    0.317    0.982    7.414     6.157   FAILED
 215   34   24  10.194    0.052    1.176    5.606    10.194   FAILED
 218   34   21   6.671    0.576    0.668      inf     6.671   FAILED
 222   34   17  10.535    0.387    1.161    4.536    10.535   FAILED
 229   34   10  10.408    0.132    1.382    5.034    10.408   FAILED
 242   33   37   3.675    0.436    1.675    6.241     3.675   FAILED
 247   33   32   6.273    0.403    0.836    3.468     6.273   FAILED
 248   33   31  10.083    0.623    1.933    3.811    10.083   SUCCESS
 250   33   29   6.963    0.256    0.599    6.727     6.963   FAILED
 253   33   26   7.500    0.000    0.000      inf     7.500   SUCCESS
 256   33   23  10.027    0.464    1.305    3.792    10.027   FAILED
 262   33   17   6.608    0.395    0.583    6.014     6.608   FAILED
 263   33   16   6.650    0.253    0.631    6.439     6.650   FAILED
 275   33    4  10.378    0.656    1.409    3.948    10.378   FAILED
 278   33    1   6.746    0.748    0.409   -2.923     6.746   FAILED
 279   33    0  11.500    0.000    0.000   -0.731    11.500   FAILED
 280   32   39   6.863    0.545    0.785    3.270     6.863   FAILED
 281   32   38  10.264    0.546    1.225    3.338    10.264   FAILED
 282   32   37   6.839    0.519    0.832    4.826     6.839   FAILED
 284   32   35   2.548    0.181    0.755    9.396     2.548   FAILED
 287   32   32   6.349    0.271    0.746    7.419     6.349   FAILED
 295   32   24  10.806    0.502    1.480    3.850    10.806   FAILED
 297   32   22   6.581    0.276    0.835    5.440     6.581   FAILED
 302   32   17   6.401   32.973    0.000    3.774     6.401   SUCCESS
 307   32   12  10.410    0.423    1.072    3.988    10.410   FAILED
 312   32    7   9.258    1.038    0.791      inf     9.258   FAILED
 315   32    4  10.518    0.452    0.590    5.078    10.518   FAILED
 318   32    1  10.180    1.141    1.854    2.667    10.180   FAILED
 321   31   38   2.631    0.000    0.198    3.366     2.631   SUCCESS
 322   31   37   5.396    0.237    1.799    3.941     5.396   FAILED
 325   31   34   5.329    0.578    1.823    4.243     5.329   FAILED
 327   31   32   6.395    0.257    0.423   13.590     6.395   FAILED
 329   31   30   5.695    0.357    0.568   12.594     5.695   FAILED
 330   31   29  10.266    1.046    0.778      inf    10.266   FAILED
 332   31   27   7.835    0.000    0.344    9.467     7.835   SUCCESS
 333   31   26   7.839    0.403    0.307      inf     7.839   FAILED
 334   31   25  10.308    0.481    1.972    3.307    10.308   FAILED
 337   31   22   8.839    0.147    0.307      inf     8.839   FAILED
 341   31   18  10.860    0.247    1.374    3.598    10.860   FAILED
 352   31    7  10.232    0.449    0.837    3.310    10.232   FAILED
 357   31    2  11.550    1.428    2.409    3.104    11.550   FAILED
 362   30   37  11.679    0.071    0.300   -2.923    11.679   FAILED
 364   30   35  10.518    0.407    0.650    3.098    10.518   FAILED
 367   30   32   1.935    0.063    0.480   28.640     1.935   FAILED
 368   30   31   3.000    0.266    0.921    6.411     3.000   FAILED
 371   30   28  10.172    0.951    1.835    2.278    10.172   FAILED
 375   30   24  10.137    0.648    1.415    3.333    10.137   FAILED
 376   30   23   6.746    0.755    0.998    2.863     6.746   FAILED
 383   30   16  10.675    0.521    1.136    3.808    10.675   FAILED
 385   30   14  11.923    0.410    1.888    3.052    11.923   FAILED
 389   30   10  10.024    0.602    1.146    3.863    10.024   FAILED
 397   30    2  10.061    0.560    0.832    4.185    10.061   FAILED
 400   29   39   6.764    0.558    1.314    3.572     6.764   FAILED
 401   29   38  10.559    0.191    0.100   -2.923    10.559   FAILED
 404   29   35   6.810    0.375    0.760    3.460     6.810   FAILED
 406   29   33   1.719    0.062    0.478   18.017     1.719   FAILED
 407   29   32   8.063    0.000    0.007    3.873     8.063   SUCCESS
 409   29   30   6.278    0.374    0.818    4.284     6.278   FAILED
 410   29   29  10.877    0.977    2.474    2.987    10.877   FAILED
 411   29   28  10.295    4.938    2.048    4.578    10.295   SUCCESS
 412   29   27  11.822    0.446    1.094    3.353    11.822   FAILED
 413   29   26  10.182    0.189    0.923    5.251    10.182   FAILED
 414   29   25  11.999    0.474    1.152    4.447    11.999   FAILED
 415   29   24  10.130    0.020    1.525    3.188    10.130   FAILED
 418   29   21  10.234    0.741    1.946    3.270    10.234   FAILED
 419   29   20  11.583    0.443    1.246    4.433    11.583   FAILED
 420   29   19  11.179    0.751    1.925    3.343    11.179   FAILED
 421   29   18  10.780    0.350    1.659    3.259    10.780   FAILED
 422   29   17  12.087    0.521    1.342    3.985    12.087   FAILED
 423   29   16  12.651    0.595    1.446    3.238    12.651   FAILED
 424   29   15  11.676    0.725    1.885    3.768    11.676   FAILED
 425   29   14  11.884    0.569    1.447    3.447    11.884   FAILED
 426   29   13  10.703    0.468    1.277    3.537    10.703   FAILED
 427   29   12  10.756    0.574    1.578    4.680    10.756   FAILED
 428   29   11  10.497    0.722    1.634    3.332    10.497   FAILED
 429   29   10  10.841    0.510    1.170    3.052    10.841   FAILED
 433   29    6  11.353    0.524    0.963    3.298    11.353   FAILED
 441   28   38   2.003    0.191    0.648    7.418     2.003   SUCCESS
 444   28   35   5.942    0.156    1.411    5.278     5.942   FAILED
 450   28   29  10.217    0.443    0.952    4.279    10.217   FAILED
 452   28   27  12.262    0.710    1.736    4.289    12.262   FAILED
 453   28   26  11.463    0.442    1.027    4.147    11.463   FAILED
 454   28   25  10.227    0.592    1.350    4.442    10.227   FAILED
 455   28   24  11.556    0.544    1.216    4.851    11.556   FAILED
 456   28   23  11.024    0.640    1.481    5.248    11.024   FAILED
 458   28   21  11.523    0.605    1.378    3.444    11.523   FAILED
 459   28   20  10.644    0.614    1.342    3.106    10.644   FAILED
 460   28   19  10.282    0.583    1.372    3.688    10.282   FAILED
 461   28   18  10.900    0.539    1.256    3.340    10.900   FAILED
 462   28   17  10.824    0.494    1.098    2.867    10.824   FAILED
 464   28   15  11.816    0.083    1.807    3.206    11.816   FAILED
 465   28   14  11.710    0.705    1.579    3.318    11.710   FAILED
 466   28   13  12.069    0.907    1.984    2.900    12.069   FAILED
 467   28   12  10.052    0.776    1.383    2.483    10.052   FAILED
 468   28   11  12.123    1.059    1.832    3.470    12.123   FAILED
 469   28   10  12.004    1.146    2.071    2.622    12.004   FAILED
 471   28    8   7.549    0.759    0.097    9.331     7.549   SUCCESS
 475   28    4  11.854    1.321    2.538    2.599    11.854   FAILED
 477   28    2  10.575    0.116    1.047    2.722    10.575   FAILED
 479   28    0   7.786    0.241    0.293      inf     7.786   FAILED
 483   27   36  11.301    0.552    0.929    3.274    11.301   FAILED
 484   27   35  10.876    0.461    0.821    4.464    10.876   FAILED
 489   27   30  11.104    0.377    0.942    4.303    11.104   FAILED
 490   27   29  10.986    0.639    1.697    3.885    10.986   FAILED
 491   27   28  11.904    0.577    1.674    3.941    11.904   FAILED
 492   27   27  10.370    0.739    1.778    3.440    10.370   FAILED
 493   27   26  13.292    0.748    1.699    2.854    13.292   FAILED
 494   27   25   9.895    0.563    1.040    3.325     9.895   SUCCESS
 495   27   24  10.989    0.797    1.913    3.044    10.989   FAILED
 496   27   23  10.413    0.410    1.403    3.340    10.413   FAILED
 497   27   22  13.558    0.995    1.566    3.504    13.558   FAILED
 498   27   21  10.350    0.537    1.227    3.876    10.350   FAILED
 499   27   20  10.817    0.472    1.059    3.457    10.817   FAILED
 500   27   19  11.690    0.590    1.309    3.449    11.690   FAILED
 501   27   18  11.585    0.702    1.511    3.586    11.585   FAILED
 502   27   17  10.494    0.853    2.024    2.946    10.494   FAILED
 503   27   16  11.462    0.897    1.976    3.084    11.462   FAILED
 504   27   15  11.097    0.143    1.367    3.626    11.097   FAILED
 505   27   14  12.525    1.189    2.465    3.629    12.525   FAILED
 506   27   13  11.828    0.627    1.079    3.972    11.828   FAILED
 507   27   12  10.507    0.370    0.645    4.478    10.507   FAILED
 508   27   11  10.800    0.422    0.841    3.792    10.800   FAILED
 509   27   10  11.436    0.447    0.911    3.794    11.436   FAILED
 512   27    7  10.003    0.576    0.921    3.952    10.003   FAILED
 515   27    4  10.391    0.282    1.038    2.988    10.391   FAILED
 518   27    1  10.768    0.173    1.207    2.832    10.768   FAILED
 519   27    0   8.500    0.046    0.005   -3.858     8.500   SUCCESS
 525   26   34   9.655    1.405    1.116      inf     9.655   FAILED
 526   26   33  10.121    0.236    0.921    4.515    10.121   FAILED
 528   26   31  10.761    0.723    1.608    2.855    10.761   FAILED
 530   26   29  10.762    0.367    0.720    4.270    10.762   FAILED
 532   26   27  10.430    0.532    1.243    4.008    10.430   FAILED
 533   26   26  11.290    0.641    1.447    3.436    11.290   FAILED
 535   26   24  11.336    0.686    1.603    2.734    11.336   FAILED
 536   26   23  11.536    0.424    1.015    4.286    11.536   FAILED
 537   26   22  18.331    0.728    1.710    3.436    18.331   FAILED
 538   26   21  12.630    0.609    1.416    3.229    12.630   FAILED
 539   26   20  11.394    0.553    1.325    3.437    11.394   FAILED
 540   26   19  10.315    0.515    1.276    3.654    10.315   FAILED
 541   26   18  10.897    0.692    1.582    3.696    10.897   FAILED
 542   26   17  11.709    0.088    1.569    4.442    11.709   FAILED
 543   26   16  10.741    0.624    1.462    2.819    10.741   FAILED
 544   26   15  10.020    0.551    1.392    3.960    10.020   FAILED
 545   26   14  11.923    0.962    2.278    3.567    11.923   FAILED
 546   26   13  10.607    0.699    1.469    3.451    10.607   FAILED
 547   26   12  12.243    0.848    1.929    3.319    12.243   FAILED
 548   26   11  10.868    0.232    1.832    3.459    10.868   FAILED
 549   26   10  11.480    0.705    1.590    2.465    11.480   FAILED
 550   26    9  11.711    0.757    1.617    2.559    11.711   FAILED
 553   26    6  11.711    0.981    1.674    2.823    11.711   FAILED
 560   25   39  11.500    0.000    0.000   -0.731    11.500   FAILED
 561   25   38   6.938    0.467    0.839    4.464     6.938   FAILED
 562   25   37   6.776    0.258    0.857    3.676     6.776   FAILED
 564   25   35   6.891    0.191    0.980    3.469     6.891   FAILED
 565   25   34  10.083    0.600    1.180    3.051    10.083   FAILED
 569   25   30  10.880    0.505    1.045    3.931    10.880   FAILED
 570   25   29  10.550    0.770    1.950    3.465    10.550   FAILED
 571   25   28  10.173    0.673    1.436    3.601    10.173   FAILED
 572   25   27  11.592    0.871    1.827    2.961    11.592   FAILED
 573   25   26  11.384    0.656    1.875    2.478    11.384   FAILED
 574   25   25  11.359    0.529    1.022    4.972    11.359   FAILED
 575   25   24  11.129    0.814    1.489    2.594    11.129   FAILED
 576   25   23  12.234    0.741    1.251    5.461    12.234   FAILED
 577   25   22  10.471    0.875    1.480    2.823    10.471   FAILED
 578   25   21  12.060    1.762    3.117    2.360    12.060   FAILED
 579   25   20  14.298    1.160    1.914    2.355    14.298   FAILED
 580   25   19  13.039    0.563    0.887    3.751    13.039   FAILED
 581   25   18  11.522    0.864    1.567    3.135    11.522   FAILED
 582   25   17  10.041    0.497    1.310    2.776    10.041   FAILED
 583   25   16  12.894    0.836    1.492    2.770    12.894   FAILED
 584   25   15  12.293    0.379    1.957    3.259    12.293   FAILED
 585   25   14  11.448    0.564    0.800    6.014    11.448   FAILED
 586   25   13  31.415    1.152    1.665    2.712    31.415   FAILED
 587   25   12  11.599    0.992    1.557    2.511    11.599   FAILED
 588   25   11  10.206    1.069    1.768    3.087    10.206   FAILED
 589   25   10  10.564    0.808    1.210    2.511    10.564   FAILED
 592   25    7  10.744    0.634    1.115    2.986    10.744   FAILED
 593   25    6  10.585    0.635    1.445    2.986    10.585   FAILED
 596   25    3   8.502    0.072    0.006    5.652     8.502   SUCCESS
 597   25    2  10.709    0.369    0.624    3.996    10.709   FAILED
 598   25    1   6.125    0.084    0.438    6.041     6.125   FAILED
 599   25    0  10.459    0.496    0.769    4.837    10.459   FAILED
 600   24   39   9.861    0.536    0.402      inf     9.861   FAILED
 601   24   38   6.347    0.542    0.685    3.546     6.347   FAILED
 603   24   36  10.109    1.977    1.572      inf    10.109   FAILED
 604   24   35   6.879    0.505    0.377      inf     6.879   FAILED
 605   24   34  11.155    0.771    1.351    2.636    11.155   FAILED
 606   24   33  10.651    1.087    1.959    2.986    10.651   FAILED
 608   24   31  10.483    1.175    2.244    2.903    10.483   FAILED
 609   24   30   7.495   55.821    0.001   -0.731     7.495   SUCCESS
 610   24   29  10.046    0.420    0.774    3.443    10.046   FAILED
 611   24   28  12.270    0.348    1.299    3.638    12.270   FAILED
 613   24   26  10.844    0.788    1.557    3.463    10.844   FAILED
 614   24   25  11.353    0.445    1.105    4.445    11.353   FAILED
 615   24   24  10.718    0.393    0.781    4.442    10.718   FAILED
 616   24   23  10.515    0.755    1.535    2.470    10.515   FAILED
 617   24   22  10.969    0.597    1.269    3.948    10.969   FAILED
 618   24   21  12.263    0.187    1.622    3.626    12.263   FAILED
 619   24   20  10.278    0.841    1.591    2.372    10.278   FAILED
 620   24   19  13.251    1.069    1.826    2.243    13.251   FAILED
 621   24   18  10.931    0.290    1.551    3.668    10.931   FAILED
 622   24   17  10.300    0.755    1.335    2.979    10.300   FAILED
 623   24   16  11.255    0.815    1.345    3.738    11.255   FAILED
 625   24   14  11.400    1.121    1.814    2.899    11.400   FAILED
 626   24   13  10.045    0.632    1.126    3.861    10.045   FAILED
 627   24   12  11.342    0.711    1.341    2.902    11.342   FAILED
 628   24   11  10.448    0.772    1.447    3.307    10.448   FAILED
 629   24   10  10.831    0.891    1.619    2.896    10.831   FAILED
 633   24    6  10.732    1.197    1.873    3.282    10.732   FAILED
 634   24    5  10.784    0.324    1.309    3.095    10.784   FAILED
 636   24    3   6.823    0.440    0.407    6.781     6.823   FAILED
 637   24    2  11.139    1.185    1.222    3.653    11.139   FAILED
 640   23   39   6.130    0.467    0.489    5.845     6.130   FAILED
 641   23   38  10.139    0.446    0.806    4.461    10.139   FAILED
 650   23   29  10.752    0.336    0.608    4.492    10.752   FAILED
 651   23   28  10.658    0.525    1.020    3.465    10.658   FAILED
 652   23   27  21.800    1.470    2.728    2.768    21.800   FAILED
 653   23   26  11.054    0.471    0.809    3.478    11.054   FAILED
 654   23   25  10.702    0.275    1.448    4.808    10.702   FAILED
 655   23   24  10.434    0.472    0.671    3.259    10.434   FAILED
 656   23   23  10.598    0.923    1.893    3.282    10.598   FAILED
 657   23   22  11.351    0.227    1.501    4.234    11.351   FAILED
 658   23   21  11.967    0.480    0.809    4.230    11.967   FAILED
 659   23   20  11.103    0.753    1.477    2.939    11.103   FAILED
 660   23   19  12.220    0.517    1.144    3.616    12.220   FAILED
 661   23   18  10.485    0.456    0.948    3.953    10.485   FAILED
 662   23   17  10.086    0.508    1.836    2.979    10.086   FAILED
 663   23   16  11.799    0.644    1.195    2.910    11.799   FAILED
 664   23   15  11.726    0.813    1.544    2.902    11.726   FAILED
 665   23   14  11.640    0.459    0.661    3.270    11.640   FAILED
 666   23   13  10.810    0.621    0.887    2.919    10.810   FAILED
 667   23   12  10.741    0.513    0.873    4.230    10.741   FAILED
 668   23   11  12.163    0.636    1.158    4.230    12.163   FAILED
 669   23   10  10.316    0.710    1.342    2.902    10.316   FAILED
 672   23    7  10.419    0.397    0.730    4.070    10.419   FAILED
 674   23    5  10.543    0.602    0.992    3.749    10.543   FAILED
 680   22   39   6.768    0.424    0.823    6.014     6.768   FAILED
 681   22   38  10.040    0.123    0.541    6.558    10.040   FAILED
 691   22   28  11.079    0.369    0.512    6.014    11.079   FAILED
 692   22   27  10.045    0.256    0.969    3.293    10.045   FAILED
 693   22   26  11.566    0.711    1.104    2.908    11.566   FAILED
 695   22   24  10.661    0.616    0.942    3.095    10.661   FAILED
 697   22   22  10.951    0.397    0.693    3.653    10.951   FAILED
 699   22   20  11.204    0.742    1.221    3.291    11.204   FAILED
 700   22   19  10.635    0.627    0.930    3.504    10.635   FAILED
 702   22   17  10.659    0.346    1.390    3.492    10.659   FAILED
 703   22   16  11.755    0.632    1.166    2.594    11.755   FAILED
 704   22   15  10.835    0.693    1.309    3.874    10.835   FAILED
 705   22   14  11.842    0.378    0.677    5.827    11.842   FAILED
 706   22   13  12.225    0.563    0.955    3.470    12.225   FAILED
 707   22   12  11.126    0.591    1.103    3.470    11.126   FAILED
 708   22   11  11.000    0.798    1.601    2.846    11.000   FAILED
 709   22   10  10.940    0.821    1.350    2.489    10.940   FAILED
 710   22    9  11.117    1.004    1.465    3.270    11.117   FAILED
 712   22    7  11.322    0.464    0.644    4.185    11.322   FAILED
 718   22    1   9.484   34.467    0.000    3.254     9.484   SUCCESS
 719   22    0  10.470    0.574    0.811    6.063    10.470   FAILED
 720   21   39  10.068    0.938    1.544    2.489    10.068   FAILED
 724   21   35   6.338   31.601    0.005    2.925     6.338   SUCCESS
 730   21   29  10.845    0.626    1.113    3.478    10.845   FAILED
 731   21   28  12.230    0.963    1.729    2.995    12.230   FAILED
 732   21   27  11.083    0.828    1.381    2.489    11.083   FAILED
 733   21   26  11.523    0.971    1.674    2.360    11.523   FAILED
 735   21   24  10.199    0.830    1.400    2.823    10.199   FAILED
 736   21   23  10.457    0.583    1.060    2.910    10.457   FAILED
 737   21   22  11.307    0.633    1.219    3.863    11.307   FAILED
 738   21   21  10.642    0.912    1.638    2.483    10.642   FAILED
 739   21   20  12.198    1.314    2.532    2.599    12.198   FAILED
 740   21   19  13.043    1.105    1.731    2.314    13.043   FAILED
 741   21   18  11.888    0.829    1.703    2.504    11.888   FAILED
 742   21   17  11.592    1.207    1.665    2.348    11.592   FAILED
 743   21   16  11.906    0.624    0.948    2.899    11.906   FAILED
 744   21   15  11.337    0.879    1.388    2.908    11.337   FAILED
 745   21   14  10.251    0.910    1.372    3.270    10.251   FAILED
 747   21   12  10.025    0.901    1.437    3.095    10.025   FAILED
 748   21   11  12.147    0.624    0.970    2.667    12.147   FAILED
 750   21    9  11.321    0.244    1.940    3.504    11.321   FAILED
 756   21    3   8.254    0.958    0.735      inf     8.254   FAILED
 762   20   37  10.500    0.009    0.002      inf    10.500   FAILED
 765   20   34   9.097    0.260    0.385      inf     9.097   FAILED
 766   20   33   9.476   55.144    0.004   -0.731     9.476   SUCCESS
 767   20   32   8.223    1.349    1.261      inf     8.223   FAILED
 769   20   30  10.299    0.405    0.492    4.611    10.299   FAILED
 770   20   29  13.022    0.833    0.995    2.557    13.022   FAILED
 771   20   28  10.156    1.253    1.880    2.712    10.156   FAILED
 772   20   27  10.489    1.416    2.031    3.025    10.489   FAILED
 773   20   26  12.185    0.680    0.700    4.121    12.185   FAILED
 775   20   24  12.410    1.025    1.178    4.121    12.410   FAILED
 776   20   23  11.839    0.367    0.403      inf    11.839   FAILED
 777   20   22  10.377    0.668    0.958    3.873    10.377   FAILED
 781   20   18  10.211    0.835    1.025    3.234    10.211   FAILED
 782   20   17  10.373    0.916    1.131    4.589    10.373   FAILED
 784   20   15  10.539    1.232    0.903    3.494    10.539   FAILED
 785   20   14  10.625    0.649    0.732    4.121    10.625   FAILED
 786   20   13  11.476    0.952    1.141    6.781    11.476   FAILED
 787   20   12  10.677    2.241    2.359    3.653    10.677   FAILED
 788   20   11  29.135    1.642    1.521    2.179    29.135   FAILED
 789   20   10  12.561    0.405    0.570    5.573    12.561   FAILED
 791   20    8   6.563    0.464    0.609    5.057     6.563   FAILED
 795   20    4   9.064    0.290    0.333      inf     9.064   FAILED
 796   20    3   7.167    0.450    0.457      inf     7.167   FAILED
