// index column row  mean  error sigma   chi2/ndf width
   0   39   39  10.015      0.395    1.418    3.206    10.015   
   1   39   38   8.018      0.367    1.243    2.860     8.018   
   2   39   37  10.108      0.568    1.198    3.465    10.108   
   3   39   36  10.577      0.088    1.074    3.663    10.577   
   4   39   35   7.433      0.407    0.848    4.469     7.433   
   5   39   34   8.102      0.358    0.796    6.182     8.102   
   6   39   33   9.682      0.428    1.034    3.959     9.682   
   7   39   32   8.094      0.304    0.487    4.011     8.094   
   8   39   31   8.953      0.686    1.804    3.186     8.953   
   9   39   30  10.835      1.037    1.802    2.366    10.835   
  10   39   29  11.266      0.286    1.073    3.992    11.266   
  11   39   28   8.472      0.469    1.047    3.860     8.472   
  12   39   27   8.371      0.331    0.874    6.802     8.371   
  13   39   26   9.334      0.528    1.409    5.765     9.334   
  14   39   25   8.820      0.459    1.129    5.082     8.820   
  15   39   24   7.639      0.748    1.857    3.172     7.639   
  16   39   23   9.914      0.591    1.143    3.052     9.914   
  17   39   22  11.500      0.000    0.000      inf    11.500   
  18   39   21   8.781      0.374    0.732    4.248     8.781   
  19   39   20   8.582      0.766    1.182    3.504     8.582   
  20   39   19   9.240      0.446    1.500    5.846     9.240   
  21   39   18   9.330      0.323    0.982    4.726     9.330   
  22   39   17   9.447     20.482    0.004    2.672     9.447   
  23   39   16   7.570      0.346    0.945    4.687     7.570   
  24   39   15   6.118      0.258    0.807    9.583     6.118   
  25   39   14   8.529      0.288    0.946    6.541     8.529   
  26   39   13   8.495     21.775    0.000    5.218     8.495   
  27   39   12   7.772     30.190    0.015    4.102     7.772   
  28   39   11  10.465      0.119    1.053    5.018    10.465   
  29   39   10   7.558      1.160    0.883    3.077     7.558   
  30   39    9   9.697      0.429    1.164    3.627     9.697   
  31   39    8   9.435      0.327    0.929    5.172     9.435   
  32   39    7   9.079      0.187    0.420    6.058     9.079   
  33   39    6   9.449      0.500    1.333    4.548     9.449   
  34   39    5   9.388      0.415    1.137    5.293     9.388   
  35   39    4   9.405     24.682    0.004   -0.731     9.405   
  36   39    3   9.236      0.622    1.593    3.766     9.236   
  37   39    2  10.008      0.509    1.332    3.991    10.008   
  38   39    1   7.125      0.550    0.907    3.134     7.125   
  39   39    0   9.342     20.059    0.000    3.643     9.342   
  40   38   39   7.883      0.268    0.837    5.230     7.883   
  41   38   38   9.116      0.441    1.044    4.443     9.116   
  42   38   37   7.977      0.325    0.747    6.663     7.977   
  43   38   36   9.392      0.475    1.213    4.430     9.392   
  44   38   35   8.040      0.444    0.983    4.010     8.040   
  45   38   34  10.488      0.530    1.488    3.785    10.488   
  46   38   33  10.320      0.468    1.344    3.762    10.320   
  47   38   32   9.351      0.306    0.832    5.577     9.351   
  48   38   31   9.448      0.581    1.802    4.254     9.448   
  49   38   30   8.177      0.268    0.810    5.687     8.177   
  50   38   29   9.529      0.369    1.064    4.523     9.529   
  51   38   28   7.489      0.306    0.818    5.941     7.489   
  52   38   27   9.347      0.327    1.062    4.675     9.347   
  53   38   26   7.002      0.250    0.414    8.384     7.002   
  54   38   25  10.122      0.269    0.753    4.807    10.122   
  55   38   24   7.724      0.092    0.792    5.423     7.724   
  56   38   23   7.093      0.397    0.766    4.971     7.093   
  57   38   22   9.321      0.393    0.987    4.710     9.321   
  58   38   21   9.430      0.538    1.257    4.024     9.430   
  59   38   20   7.609      0.348    0.837    4.191     7.609   
  60   38   19   8.399      0.160    0.858    6.203     8.399   
  61   38   18   8.293      0.355    0.906    5.592     8.293   
  62   38   17   8.230      0.457    1.163    3.693     8.230   
  63   38   16   9.499      0.405    1.221    4.981     9.499   
  64   38   15   7.534      0.547    0.661    3.234     7.534   
  65   38   14   7.568      0.311    0.874    6.604     7.568   
  66   38   13   8.500      0.000    0.000    3.886     8.500   
  67   38   12   9.019      0.307    1.014    5.549     9.019   
  68   38   11   8.341      0.312    1.039    5.905     8.341   
  69   38   10   8.571      0.337    1.182    6.011     8.571   
  70   38    9   6.994      0.224    0.745    6.279     6.994   
  71   38    8   8.500      0.002    0.001    5.096     8.500   
  72   38    7   6.267      0.265    0.700    6.058     6.267   
  73   38    6   9.129      0.029    1.303    5.786     9.129   
  74   38    5   8.576      0.068    1.015    5.520     8.576   
  75   38    4   7.163      0.460    1.269    4.325     7.163   
  76   38    3   9.440      0.475    1.019    4.839     9.440   
  77   38    2   8.566      0.443    1.494    5.856     8.566   
  78   38    1  10.685      0.215    0.234    8.696    10.685   
  79   38    0   6.476     21.273    0.002   -0.725     6.476   
  80   37   39   7.047      0.237    0.773    6.289     7.047   
  81   37   38   9.205     24.450    0.002      inf     9.205   
  82   37   37   8.766      0.266    1.475    4.689     8.766   
  83   37   36  10.206      0.467    1.345    3.855    10.206   
  84   37   35  10.744      0.561    1.639    3.886    10.744   
  85   37   34   8.688      0.463    1.459    4.339     8.688   
  86   37   33  10.253      0.438    1.272    4.514    10.253   
  87   37   32   9.560      0.465    1.565    4.667     9.560   
  88   37   31   5.374     21.600    0.004    6.829     5.374   
  89   37   30   9.692      0.050    1.638    4.244     9.692   
  90   37   29   9.750      0.455    1.154    3.277     9.750   
  91   37   28  10.712      0.045    1.343    4.342    10.712   
  92   37   27  10.662      0.333    1.077    4.968    10.662   
  93   37   26  10.988      0.444    1.496    4.213    10.988   
  94   37   25   7.267      0.473    0.905    2.794     7.267   
  95   37   24   9.871      0.251    1.144    5.315     9.871   
  96   37   23  10.535      0.325    1.047    3.331    10.535   
  97   37   22   8.802      0.482    1.466    3.742     8.802   
  98   37   21   8.969      0.373    1.030    5.172     8.969   
  99   37   20  10.111      0.303    0.839    4.158    10.111   
 100   37   19   7.556     22.663    0.014    3.407     7.556   
 101   37   18   5.874      0.257    0.788    6.056     5.874   
 102   37   17   7.785      0.231    1.030    5.196     7.785   
 103   37   16   7.578      0.388    1.319    5.617     7.578   
 104   37   15   8.252      0.518    1.480    3.713     8.252   
 105   37   14   9.112      0.467    1.754    7.049     9.112   
 106   37   13   9.135      0.570    2.032    5.584     9.135   
 107   37   12   9.212      0.350    1.078    4.341     9.212   
 108   37   11   6.401      0.246    0.765    6.053     6.401   
 109   37   10   8.280     31.714    0.000    4.274     8.280   
 110   37    9   8.811      0.405    1.277    4.432     8.811   
 111   37    8   9.719      0.351    1.111    4.702     9.719   
 112   37    7   8.534      0.284    0.909    7.122     8.534   
 113   37    6   8.002      0.388    0.797    4.471     8.002   
 114   37    5   8.736      0.364    1.156    5.637     8.736   
 115   37    4   8.929      0.389    0.465    5.078     8.929   
 116   37    3   7.933      0.596    1.080    5.484     7.933   
 117   37    2   9.470      0.413    0.699    5.461     9.470   
 118   37    1   9.500      0.000    0.000    6.451     9.500   
 119   37    0  11.500      0.000    0.000   -0.731    11.500   
 120   36   39   8.717      0.262    0.801    6.166     8.717   
 121   36   38  11.215      0.187    0.541    4.649    11.215   
 122   36   37   9.796      0.420    1.536    8.687     9.796   
 123   36   36   9.674      0.357    1.246    5.418     9.674   
 124   36   35   6.001      0.274    0.652    4.952     6.001   
 125   36   34  10.131      0.255    0.822    5.977    10.131   
 126   36   33   7.846      0.294    0.699    4.667     7.846   
 127   36   32   8.496      0.383    0.901    3.932     8.496   
 128   36   31   9.103      0.370    1.081    4.864     9.103   
 129   36   30   9.913      0.259    0.922    3.993     9.913   
 130   36   29   8.033      0.395    0.811    5.453     8.033   
 131   36   28   9.872      0.431    1.191    4.136     9.872   
 132   36   27   9.091      0.492    1.325    4.869     9.091   
 133   36   26  10.194      0.185    0.898    4.160    10.194   
 134   36   25   9.827      0.530    0.851    2.909     9.827   
 135   36   24  11.129      0.441    1.180    4.835    11.129   
 136   36   23   7.065      0.368    0.760    4.652     7.065   
 137   36   22   7.878      0.549    1.638    4.970     7.878   
 138   36   21  10.408      0.423    1.275    4.521    10.408   
 139   36   20   7.987      0.276    0.798    4.995     7.987   
 140   36   19   9.165      0.359    1.113    4.517     9.165   
 141   36   18   8.200     24.649    0.005    3.524     8.200   
 142   36   17   7.178      0.259    0.743    4.907     7.178   
 143   36   16   8.893      0.561    1.526    3.137     8.893   
 144   36   15  10.049      0.546    0.963    3.135    10.049   
 145   36   14  10.392      0.531    1.056    3.626    10.392   
 146   36   13   7.615      0.371    0.594    3.762     7.615   
 147   36   12  10.625      0.476    1.390    3.777    10.625   
 148   36   11   8.375      0.420    1.115    4.679     8.375   
 149   36   10  10.060      0.493    1.375    3.880    10.060   
 150   36    9   9.816      0.587    1.389    2.868     9.816   
 151   36    8   8.500      0.000    0.000    5.072     8.500   
 152   36    7  10.238      0.307    0.759    4.084    10.238   
 153   36    6   8.499      0.239    1.277    4.477     8.499   
 154   36    5  10.690      0.470    1.309    4.541    10.690   
 155   36    4  10.190      0.520    0.947    4.464    10.190   
 156   36    3   8.118     24.033    0.010    2.115     8.118   
 157   36    2   8.183      0.584    0.516    3.571     8.183   
 158   36    1  10.566      0.179    0.126      inf    10.566   
 159   36    0  10.110      1.275    1.254    3.653    10.110   
 160   35   39   7.802      0.484    1.478    4.621     7.802   
 161   35   38   7.827      0.328    0.813    4.726     7.827   
 162   35   37   7.456      0.312    0.820    8.428     7.456   
 163   35   36   7.106      0.275    1.170    4.235     7.106   
 164   35   35   8.049      0.411    1.129    6.080     8.049   
 165   35   34   8.217      0.108    0.832    4.985     8.217   
 166   35   33   8.669      0.353    0.997    5.703     8.669   
 167   35   32   9.820      0.420    1.038    4.065     9.820   
 168   35   31   8.598      0.149    0.965    5.552     8.598   
 169   35   30  10.371      0.459    1.389    5.182    10.371   
 170   35   29   9.487      0.424    1.277    4.617     9.487   
 171   35   28   8.356      0.503    1.441    4.227     8.356   
 172   35   27   9.684      0.386    1.161    4.635     9.684   
 173   35   26  10.305      0.407    1.122    3.799    10.305   
 174   35   25   6.794      0.333    1.006    6.278     6.794   
 175   35   24   9.485      0.575    1.654    4.657     9.485   
 176   35   23  10.551      0.500    1.387    4.037    10.551   
 177   35   22  15.000     16.295    3.000   -0.000    15.000   
 178   35   21   8.491     34.859    0.001    5.350     8.491   
 179   35   20   9.557      0.441    1.093    4.183     9.557   
 180   35   19   8.102      0.001    0.424   10.611     8.102   
 181   35   18   9.579      0.520    1.366    3.986     9.579   
 182   35   17   9.598      0.449    1.226    5.542     9.598   
 183   35   16   7.870      0.205    0.775    6.747     7.870   
 184   35   15   8.911      0.319    0.930    5.865     8.911   
 185   35   14   8.225      0.269    1.134    6.530     8.225   
 186   35   13   9.690      0.393    1.254    5.526     9.690   
 187   35   12   7.137      0.402    1.147    4.229     7.137   
 188   35   11  10.648      0.358    1.589    4.427    10.648   
 189   35   10   9.222      0.569    1.210    3.451     9.222   
 190   35    9   8.167      0.194    0.494    4.671     8.167   
 191   35    8   8.285      0.422    0.820    3.729     8.285   
 192   35    7   8.639      0.388    1.149    5.534     8.639   
 193   35    6   8.917      0.438    1.299    4.615     8.917   
 194   35    5   9.765      0.163    0.749    7.914     9.765   
 195   35    4   8.355     35.193    0.010    3.698     8.355   
 196   35    3   8.670      0.154    0.944    4.021     8.670   
 197   35    2   9.637      0.856    1.560    3.674     9.637   
 198   35    1  10.311      0.973    1.452    2.712    10.311   
 199   35    0   9.465      0.669    0.797    4.589     9.465   
 200   34   39   7.020      0.254    0.741   10.155     7.020   
 201   34   38   6.212      0.270    0.790    7.083     6.212   
 202   34   37   8.397      0.405    0.870    3.607     8.397   
 203   34   36   6.694      0.287    0.888    7.752     6.694   
 204   34   35   9.206      0.316    1.052    5.419     9.206   
 205   34   34   8.675      0.234    0.227    3.658     8.675   
 206   34   33   8.882      0.263    1.287    5.185     8.882   
 207   34   32  10.455      0.414    1.124    4.616    10.455   
 208   34   31  11.224      0.113    1.077    2.636    11.224   
 209   34   30   9.591      0.414    1.193    4.425     9.591   
 210   34   29   8.656      0.367    1.376    3.207     8.656   
 211   34   28   5.806      0.096    0.683    9.912     5.806   
 212   34   27   8.318      0.237    1.020    4.946     8.318   
 213   34   26  10.271      0.363    0.987    3.910    10.271   
 214   34   25   8.583      0.499    1.427    4.529     8.583   
 215   34   24  11.112      0.418    1.027    4.191    11.112   
 216   34   23   7.962      0.341    0.691    4.467     7.962   
 217   34   22   8.387      0.383    1.094    6.232     8.387   
 218   34   21   7.690      0.693    0.776    2.923     7.690   
 219   34   20   9.486      0.496    1.267    3.447     9.486   
 220   34   19  10.248      0.470    1.200    3.550    10.248   
 221   34   18   8.279      0.156    0.780    6.414     8.279   
 222   34   17   8.503      0.032    0.005    4.107     8.503   
 223   34   16   9.574      0.342    0.924    4.328     9.574   
 224   34   15   8.001      0.292    0.809    3.045     8.001   
 225   34   14   8.005     29.863    0.012    5.854     8.005   
 226   34   13   8.594      0.343    0.871    5.044     8.594   
 227   34   12   9.740      0.359    1.017    4.757     9.740   
 228   34   11   8.561      0.294    0.860    7.076     8.561   
 229   34   10   9.768      0.447    1.334    4.169     9.768   
 230   34    9   7.949      0.233    0.607    4.351     7.949   
 231   34    8  37.876      8.217    4.866    2.168    37.876   
 232   34    7   9.126      0.378    1.246    5.058     9.126   
 233   34    6   8.852      0.519    0.730    5.573     8.852   
 234   34    5   7.495      0.294    0.562    6.458     7.495   
 235   34    4   8.710      0.524    1.250    4.281     8.710   
 236   34    3   9.476      0.521    0.959    3.096     9.476   
 237   34    2  39.955      5.774    3.873    5.477    39.955   
 238   34    1   9.890      0.582    0.771    5.078     9.890   
 239   34    0  10.500      0.000    0.000      inf    10.500   
 240   33   39   9.602      0.354    0.974    4.803     9.602   
 241   33   38  10.158      0.460    1.331    4.060    10.158   
 242   33   37   7.376      0.521    1.675    5.302     7.376   
 243   33   36   7.612      0.485    1.479    4.017     7.612   
 244   33   35   9.738      0.713    1.844    3.022     9.738   
 245   33   34  10.758      0.532    2.114    3.959    10.758   
 246   33   33   9.324      0.106    2.096    3.505     9.324   
 247   33   32   6.480      0.239    0.553    6.944     6.480   
 248   33   31   9.483      0.698    1.940    3.826     9.483   
 249   33   30   9.154      0.398    1.134    4.650     9.154   
 250   33   29   7.117      0.295    0.781    5.157     7.117   
 251   33   28   6.232      0.353    0.481    3.842     6.232   
 252   33   27   8.529      0.602    0.777    9.631     8.529   
 253   33   26   8.603      0.896    1.193    5.078     8.603   
 254   33   25   7.954      0.564    1.263    3.450     7.954   
 255   33   24   8.447      0.376    0.839    4.298     8.447   
 256   33   23   9.969      0.404    1.225    4.982     9.969   
 257   33   22   9.617      0.373    1.208    5.127     9.617   
 258   33   21   8.417      0.264    0.712    4.938     8.417   
 259   33   20   7.164      0.485    0.972    3.782     7.164   
 260   33   19   9.707      0.532    1.617    4.009     9.707   
 261   33   18   8.211      0.383    1.253    7.241     8.211   
 262   33   17   7.119      0.434    0.590    3.270     7.119   
 263   33   16   6.978      0.254    0.675    4.705     6.978   
 264   33   15  11.139      0.273    1.446    4.320    11.139   
 265   33   14   9.015      0.570    1.588    3.926     9.015   
 266   33   13   9.137      0.518    1.118    3.976     9.137   
 267   33   12   9.428      0.501    0.938    3.853     9.428   
 268   33   11  10.279      0.414    1.183    4.642    10.279   
 269   33   10   7.682      0.277    0.842    6.419     7.682   
 270   33    9   8.531      0.418    0.791    3.626     8.531   
 271   33    8   8.851      0.090    1.183    5.220     8.851   
 272   33    7   9.901      0.349    1.100    4.307     9.901   
 273   33    6   8.500      0.000    0.000   10.679     8.500   
 274   33    5   8.487      0.224    0.915    4.856     8.487   
 275   33    4  10.483      0.496    1.101    3.441    10.483   
 276   33    3   8.985      0.759    1.559    2.889     8.985   
 277   33    2  10.958      0.288    1.266    3.095    10.958   
 278   33    1   7.967      0.386    0.418    3.423     7.967   
 279   33    0   8.499      0.026    0.005   -4.624     8.499   
 280   32   39   6.004      0.490    0.766    3.704     6.004   
 281   32   38  10.796      0.466    1.344    4.637    10.796   
 282   32   37   8.282      0.220    0.572    3.858     8.282   
 283   32   36   8.006      0.320    0.833    5.133     8.006   
 284   32   35   6.255      0.355    0.949    6.083     6.255   
 285   32   34  18.500      0.018    0.001   -0.731    18.500   
 286   32   33  10.072      0.391    1.450    4.297    10.072   
 287   32   32   6.648      0.272    0.644    7.175     6.648   
 288   32   31   8.550      0.237    0.650    4.295     8.550   
 289   32   30   9.286      0.416    1.098    4.870     9.286   
 290   32   29   8.500      0.000    0.000    3.029     8.500   
 291   32   28   7.184      0.435    0.797    3.676     7.184   
 292   32   27   7.662      0.374    0.687    4.698     7.662   
 293   32   26   9.041      0.257    0.679    6.101     9.041   
 294   32   25   8.885      0.414    1.133    4.311     8.885   
 295   32   24  11.241      0.459    1.480    3.627    11.241   
 296   32   23   8.927      0.319    0.739    6.921     8.927   
 297   32   22   6.472      0.282    0.632    6.687     6.472   
 298   32   21   9.191      0.308    0.882    5.992     9.191   
 299   32   20   8.920      0.106    0.753    6.591     8.920   
 300   32   19  10.545      0.333    0.981    4.308    10.545   
 301   32   18   8.719      0.254    0.593    5.826     8.719   
 302   32   17   8.174     23.988    0.011   -0.728     8.174   
 303   32   16   9.132      0.483    1.508    4.423     9.132   
 304   32   15   9.250      0.293    0.593    4.314     9.250   
 305   32   14  10.213     25.377    0.005    3.352    10.213   
 306   32   13   7.516      0.451    1.134    3.784     7.516   
 307   32   12  10.501      0.539    1.715    4.512    10.501   
 308   32   11   8.909      0.190    1.056    4.432     8.909   
 309   32   10   9.773      0.355    0.973    4.331     9.773   
 310   32    9   8.202      0.465    1.188    4.184     8.202   
 311   32    8   7.998      0.524    1.136    4.116     7.998   
 312   32    7   7.459      0.000    0.001      inf     7.459   
 313   32    6   9.802      0.510    1.061    3.308     9.802   
 314   32    5   9.489      0.463    0.084    2.434     9.489   
 315   32    4   8.949      0.453    0.756    3.983     8.949   
 316   32    3  10.314      0.280    0.968    3.282    10.314   
 317   32    2   8.176      0.818    1.057    2.791     8.176   
 318   32    1  10.502      0.702    1.630    4.589    10.502   
 319   32    0   8.775      0.348    0.327    6.781     8.775   
 320   31   39   9.373      0.096    1.143    4.451     9.373   
 321   31   38   7.607      0.606    1.704    3.523     7.607   
 322   31   37   1.147      8.667    0.013    2.434     1.147   
 323   31   36   6.823      0.377    1.060    4.923     6.823   
 324   31   35   7.994      0.261    1.048    4.999     7.994   
 325   31   34   7.030      0.416    1.368    5.955     7.030   
 326   31   33   8.973      0.361    1.012    5.566     8.973   
 327   31   32   6.503      0.382    0.706    4.059     6.503   
 328   31   31   7.521      0.338    0.848    4.080     7.521   
 329   31   30   5.475      0.020    0.475    6.558     5.475   
 330   31   29  10.551      0.839    1.122    6.781    10.551   
 331   31   28   7.240      0.392    1.080    5.043     7.240   
 332   31   27   7.684      0.291    0.791    5.054     7.684   
 333   31   26   8.897      1.401    2.488    3.653     8.897   
 334   31   25   9.905      0.400    1.425    4.611     9.905   
 335   31   24   9.089      0.290    0.849    5.444     9.089   
 336   31   23   8.173      0.167    0.546    3.749     8.173   
 337   31   22   8.671      0.666    0.896    3.858     8.671   
 338   31   21   8.717      0.406    0.725    4.461     8.717   
 339   31   20   9.661      0.211    1.289    4.208     9.661   
 340   31   19   8.153      0.411    1.006    5.245     8.153   
 341   31   18   9.061      0.373    0.830    5.236     9.061   
 342   31   17   8.163      0.385    0.755    4.972     8.163   
 343   31   16   8.203      0.073    1.217    5.661     8.203   
 344   31   15   9.171      0.307    1.261    4.412     9.171   
 345   31   14   7.962      0.379    0.692    4.475     7.962   
 346   31   13   8.371      0.443    1.197    3.839     8.371   
 347   31   12   7.941      0.443    0.725    4.841     7.941   
 348   31   11  10.191      0.441    1.198    3.621    10.191   
 349   31   10   8.131      0.324    0.727    5.241     8.131   
 350   31    9   8.672      0.271    0.653    6.041     8.672   
 351   31    8   8.044      0.368    0.809    6.179     8.044   
 352   31    7   9.542      0.415    0.992    5.092     9.542   
 353   31    6   8.168      0.432    0.964    4.607     8.168   
 354   31    5   8.174      0.528    0.959    5.791     8.174   
 355   31    4   8.324      0.472    0.921    3.633     8.324   
 356   31    3   9.693      0.110    0.708    4.073     9.693   
 357   31    2   9.381      0.673    1.263    3.036     9.381   
 358   31    1   9.959      0.571    0.832    3.259     9.959   
 359   31    0   8.266      1.734    1.845    6.781     8.266   
 360   30   39   8.764      0.364    1.095    5.779     8.764   
 361   30   38   9.238      0.352    1.086    4.986     9.238   
 362   30   37  10.023      0.602    0.877    3.469    10.023   
 363   30   36   8.743      0.458    1.570    4.682     8.743   
 364   30   35  10.475      0.361    1.178    5.305    10.475   
 365   30   34   8.579      0.323    0.951    5.428     8.579   
 366   30   33  10.237     21.763    0.001    4.976    10.237   
 367   30   32   5.529      0.310    1.010    8.675     5.529   
 368   30   31   6.097      0.345    1.188    5.777     6.097   
 369   30   30   8.410      0.302    0.863    5.015     8.410   
 370   30   29   8.795      0.402    1.214    6.142     8.795   
 371   30   28   9.985      0.434    1.188    4.311     9.985   
 372   30   27   9.973      0.433    0.753    3.487     9.973   
 373   30   26   8.379      0.497    1.017    4.453     8.379   
 374   30   25   9.435      0.489    1.095    3.238     9.435   
 375   30   24  11.161      0.602    1.595    4.204    11.161   
 376   30   23   7.976      0.420    0.919    4.733     7.976   
 377   30   22   8.921      0.317    0.358    4.981     8.921   
 378   30   21  10.914      0.379    1.048    4.437    10.914   
 379   30   20   9.124      0.433    1.137    3.995     9.124   
 380   30   19  10.335      0.621    1.708    3.792    10.335   
 381   30   18   7.775      0.340    0.770    3.682     7.775   
 382   30   17   9.370      0.296    0.603    5.710     9.370   
 383   30   16  11.079      0.262    1.137    4.550    11.079   
 384   30   15  10.514      1.361    2.131    2.908    10.514   
 385   30   14  11.435      0.549    1.400    3.342    11.435   
 386   30   13   8.213      0.312    0.748    5.840     8.213   
 387   30   12   7.638      0.338    0.645    6.452     7.638   
 388   30   11   7.497     31.564    0.000      inf     7.497   
 389   30   10   9.572      0.118    0.960    4.299     9.572   
 390   30    9   8.067      0.352    0.745    4.115     8.067   
 391   30    8   9.373      0.364    0.671    6.433     9.373   
 392   30    7   9.226      0.485    0.828    7.523     9.226   
 393   30    6   7.803      0.415    0.748    4.464     7.803   
 394   30    5   9.088      0.590    0.892    3.493     9.088   
 395   30    4   8.564      0.711    1.200    2.628     8.564   
 396   30    3   9.210     22.306    0.002   -6.623     9.210   
 397   30    2   8.551      0.359    0.553    4.515     8.551   
 398   30    1  10.765      1.053    1.373    2.338    10.765   
 399   30    0   9.405     24.682    0.004   -0.731     9.405   
 400   29   39   8.407      0.564    1.620    4.330     8.407   
 401   29   38   8.763      0.839    0.425   -2.923     8.763   
 402   29   37   9.097      0.367    1.148    4.581     9.097   
 403   29   36   8.413     34.551    0.000    2.072     8.413   
 404   29   35   6.510      0.358    0.837    5.462     6.510   
 405   29   34   6.780      0.258    0.363    3.766     6.780   
 406   29   33   7.804      0.576    1.760    3.812     7.804   
 407   29   32   9.471      1.060    1.443   -2.923     9.471   
 408   29   31   7.589      0.228    1.052    4.857     7.589   
 409   29   30   5.982      0.144    0.633    8.929     5.982   
 410   29   29  10.947      0.289    2.171    4.227    10.947   
 411   29   28  10.568      0.440    1.289    4.751    10.568   
 412   29   27  11.381      0.405    1.324    4.840    11.381   
 413   29   26  11.256      0.380    1.177    4.913    11.256   
 414   29   25  12.536      0.037    1.536    4.514    12.536   
 415   29   24  10.017      0.537    1.760    3.857    10.017   
 416   29   23  10.247      0.462    1.405    4.338    10.247   
 417   29   22   9.924      0.431    1.258    4.858     9.924   
 418   29   21  10.884      0.513    1.551    4.239    10.884   
 419   29   20  11.740      0.433    1.216    4.412    11.740   
 420   29   19  11.084      0.558    1.626    3.971    11.084   
 421   29   18  10.813      0.500    1.861    3.652    10.813   
 422   29   17  10.092      0.440    1.343    3.817    10.092   
 423   29   16  11.200      0.028    1.208    5.088    11.200   
 424   29   15  11.164      0.493    1.475    3.790    11.164   
 425   29   14  10.403      0.620    1.761    3.586    10.403   
 426   29   13  10.569      0.468    1.318    4.129    10.569   
 427   29   12   9.943      0.433    1.252    4.752     9.943   
 428   29   11  11.285      0.379    1.706    3.984    11.285   
 429   29   10  12.008      0.545    1.583    4.810    12.008   
 430   29    9   9.305      0.493    1.171    3.706     9.305   
 431   29    8   7.917     23.925    0.013    5.293     7.917   
 432   29    7   8.448     28.265    0.000    3.648     8.448   
 433   29    6  10.337      0.321    0.612    3.897    10.337   
 434   29    5   9.535      0.687    1.408    3.317     9.535   
 435   29    4  11.558      0.737    1.166    3.751    11.558   
 436   29    3   9.202      0.791    1.381    2.628     9.202   
 437   29    2   6.593      0.771    1.094    3.873     6.593   
 438   29    1   9.424     23.780    0.031   -3.851     9.424   
 439   29    0   7.459      1.218    0.038   -0.729     7.459   
 440   28   39   7.257      0.424    1.001    4.926     7.257   
 441   28   38   7.154      0.681    1.286    3.317     7.154   
 442   28   37   8.731      0.513    1.151    3.375     8.731   
 443   28   36   9.185      0.587    1.484    3.776     9.185   
 444   28   35   7.169      0.354    0.904    6.614     7.169   
 445   28   34   7.327      0.434    0.866    4.261     7.327   
 446   28   33   9.538      0.674    1.055    4.554     9.538   
 447   28   32  10.042      0.320    0.829    6.828    10.042   
 448   28   31   9.894      0.429    1.093    4.313     9.894   
 449   28   30   6.641      0.332    0.239      inf     6.641   
 450   28   29  10.462      0.627    1.500    3.799    10.462   
 451   28   28  10.496      0.158    1.137    3.975    10.496   
 452   28   27  12.675      0.536    1.196    2.800    12.675   
 453   28   26  11.178      0.046    0.838    6.219    11.178   
 454   28   25   8.419     35.726    0.004    3.750     8.419   
 455   28   24  11.048      0.631    1.519    4.170    11.048   
 456   28   23  11.428      0.587    1.526    4.184    11.428   
 457   28   22  11.606      0.707    1.827    2.832    11.606   
 458   28   21  11.459      0.416    1.064    4.865    11.459   
 459   28   20  12.081      0.519    1.371    3.736    12.081   
 460   28   19   9.991      0.724    1.804    2.958     9.991   
 461   28   18  10.979      0.560    1.415    4.075    10.979   
 462   28   17  10.697      0.422    1.030    4.064    10.697   
 463   28   16  10.099      0.458    1.161    4.723    10.099   
 464   28   15  10.810      0.417    1.020    5.091    10.810   
 465   28   14  11.114      0.582    1.436    3.828    11.114   
 466   28   13  11.178      0.118    1.420    4.185    11.178   
 467   28   12  11.256      0.063    1.022    4.448    11.256   
 468   28   11  11.866      0.691    1.271    2.840    11.866   
 469   28   10  12.236      0.419    0.848    4.442    12.236   
 470   28    9   7.463      0.524    0.974    2.902     7.463   
 471   28    8   8.500      0.000    0.000    5.623     8.500   
 472   28    7   9.882      0.613    1.179    3.043     9.882   
 473   28    6   9.697      0.831    1.611    3.454     9.697   
 474   28    5   9.092      0.325    0.468    4.868     9.092   
 475   28    4   9.144      0.461    0.845    2.910     9.144   
 476   28    3   9.986      0.572    1.098    4.722     9.986   
 477   28    2   8.487      0.663    1.125    2.986     8.487   
 478   28    1   9.910      0.606    0.830    3.858     9.910   
 479   28    0   9.232     12.196    2.131    6.781     9.232   
 480   27   39   8.344      0.837    1.133    2.525     8.344   
 481   27   38  11.500      0.000    0.000      inf    11.500   
 482   27   37   8.227      0.345    1.179    3.465     8.227   
 483   27   36  10.577      0.809    1.098    3.546    10.577   
 484   27   35  11.430      0.416    0.991    3.042    11.430   
 485   27   34   9.600      0.333    0.769    5.829     9.600   
 486   27   33   7.227      0.239    0.542   13.417     7.227   
 487   27   32  10.510      0.340    1.272    4.294    10.510   
 488   27   31   7.877      0.509    1.151    3.227     7.877   
 489   27   30  10.235      0.593    1.327    3.124    10.235   
 490   27   29  11.586      0.171    1.059    4.294    11.586   
 491   27   28  10.387      0.516    1.487    3.918    10.387   
 492   27   27  11.328      0.601    1.394    3.574    11.328   
 493   27   26  10.821      0.024    1.098    3.202    10.821   
 494   27   25  10.676      0.559    1.176    4.641    10.676   
 495   27   24  11.760      0.753    1.753    3.121    11.760   
 496   27   23  10.288      0.710    1.661    4.015    10.288   
 497   27   22  15.000     16.295    3.000   -0.000    15.000   
 498   27   21  10.983      0.643    1.508    4.013    10.983   
 499   27   20  10.844      0.688    1.714    3.351    10.844   
 500   27   19  11.961      0.434    0.972    4.015    11.961   
 501   27   18  11.748      0.796    1.755    2.844    11.748   
 502   27   17  11.184      0.875    2.117    3.152    11.184   
 503   27   16  11.487      0.387    0.915    4.533    11.487   
 504   27   15  10.845      0.398    0.822    5.685    10.845   
 505   27   14  11.551      0.555    1.392    3.434    11.551   
 506   27   13  11.948      0.504    1.439    3.454    11.948   
 507   27   12   9.985      0.289    1.377    4.298     9.985   
 508   27   11  10.702      0.600    1.488    4.571    10.702   
 509   27   10  10.699      0.527    1.306    4.429    10.699   
 510   27    9   9.988      0.673    1.316    4.048     9.988   
 511   27    8   8.726      0.521    1.204    3.691     8.726   
 512   27    7   7.786      0.306    0.595    4.424     7.786   
 513   27    6   7.742      0.612    0.748    3.234     7.742   
 514   27    5   9.214      0.604    1.276    3.469     9.214   
 515   27    4   9.188      0.328    1.009    3.610     9.188   
 516   27    3   9.139      0.536    1.064    3.799     9.139   
 517   27    2   8.884      0.729    1.516    3.802     8.884   
 518   27    1   8.931      0.596    1.155    3.042     8.931   
 519   27    0   8.422     24.188    0.006      inf     8.422   
 520   26   39   7.568      0.547    1.373    3.775     7.568   
 521   26   38   8.145      0.544    0.846    4.529     8.145   
 522   26   37   9.259      0.393    0.745    2.912     9.259   
 523   26   36   6.354      0.292    0.611    6.195     6.354   
 524   26   35   8.939      0.489    1.066    4.123     8.939   
 525   26   34   9.650      0.923    0.843      inf     9.650   
 526   26   33   8.910     25.252    0.007    3.358     8.910   
 527   26   32   9.232     10.709    3.001    4.456     9.232   
 528   26   31   9.887      0.460    1.081    4.154     9.887   
 529   26   30   8.012      0.288    0.497    4.726     8.012   
 530   26   29  11.955      1.046    2.193    2.548    11.955   
 531   26   28  10.303      0.483    1.019    2.912    10.303   
 532   26   27  10.224      0.421    0.947    4.007    10.224   
 533   26   26  11.419      0.690    1.617    4.147    11.419   
 534   26   25   9.436      0.874    2.239    2.827     9.436   
 535   26   24  11.380      0.584    1.537    3.868    11.380   
 536   26   23  10.877      0.560    1.370    4.291    10.877   
 537   26   22  21.415      7.605    1.694    1.035    21.415   
 538   26   21  11.756      0.507    1.140    3.570    11.756   
 539   26   20  12.990      0.685    1.544    3.119    12.990   
 540   26   19  10.637      0.596    1.352    3.117    10.637   
 541   26   18  10.985      0.447    1.389    3.668    10.985   
 542   26   17  11.128      0.657    1.503    4.012    11.128   
 543   26   16  10.412      0.228    1.459    3.724    10.412   
 544   26   15   9.454      0.575    1.166    3.443     9.454   
 545   26   14  12.405      0.651    1.288    3.470    12.405   
 546   26   13  11.971      0.886    1.782    2.839    11.971   
 547   26   12  12.608      1.688    2.766    2.126    12.608   
 548   26   11  10.505      0.189    0.722    4.450    10.505   
 549   26   10  11.787      1.104    1.978    2.890    11.787   
 550   26    9  12.802      0.497    0.677    2.116    12.802   
 551   26    8  10.420      0.134    1.308    3.875    10.420   
 552   26    7  10.812      0.543    0.835    4.515    10.812   
 553   26    6  10.731      0.591    0.884    3.504    10.731   
 554   26    5   9.021      0.697    1.408    2.568     9.021   
 555   26    4   9.571      0.683    1.227    3.135     9.571   
 556   26    3  10.323      0.000    0.963    2.908    10.323   
 557   26    2  11.155      0.676    1.187    3.142    11.155   
 558   26    1   8.965      0.301    0.454    4.841     8.965   
 559   26    0   7.901      0.426    1.280    2.628     7.901   
 560   25   39   9.973      0.644    0.880    3.025     9.973   
 561   25   38   6.991      0.291    0.466    3.944     6.991   
 562   25   37   7.208      0.076    0.531    5.167     7.208   
 563   25   36   9.826      0.541    1.060    3.470     9.826   
 564   25   35   7.053      0.429    0.836    6.477     7.053   
 565   25   34   7.598      0.018    0.029    4.050     7.598   
 566   25   33  10.449      0.089    0.566    8.652    10.449   
 567   25   32   9.513      0.550    1.001    3.665     9.513   
 568   25   31   9.269      0.237    1.172    3.036     9.269   
 569   25   30   7.508      0.740    0.000    4.260     7.508   
 570   25   29  11.539      1.037    2.078    2.470    11.539   
 571   25   28  11.379      0.242    1.487    2.964    11.379   
 572   25   27   8.500      0.000    0.000    5.177     8.500   
 573   25   26  11.351      0.065    1.556    3.197    11.351   
 574   25   25  11.804      0.474    1.009    4.652    11.804   
 575   25   24  11.595      0.676    1.469    3.209    11.595   
 576   25   23  11.627      0.504    1.051    3.948    11.627   
 577   25   22  10.570      0.581    1.213    5.680    10.570   
 578   25   21  12.590      0.053    1.158    3.583    12.590   
 579   25   20  11.425      0.078    1.040    3.791    11.425   
 580   25   19  10.905      0.538    1.122    3.094    10.905   
 581   25   18  11.947      0.626    2.055    2.478    11.947   
 582   25   17  10.672      0.778    1.757    3.734    10.672   
 583   25   16  11.531      0.061    1.365    3.227    11.531   
 584   25   15  10.079      0.729    1.584    3.015    10.079   
 585   25   14  10.821      0.612    1.301    2.894    10.821   
 586   25   13  30.500      0.808    0.725    1.804    30.500   
 587   25   12  11.645      0.759    1.413    4.048    11.645   
 588   25   11  11.838      0.768    1.573    2.686    11.838   
 589   25   10  11.531      0.891    1.699    3.050    11.531   
 590   25    9   8.731      0.375    0.643    4.245     8.731   
 591   25    8   7.019      0.494    0.795    3.738     7.019   
 592   25    7   9.282      0.509    0.953    3.463     9.282   
 593   25    6  10.113      0.526    1.105    3.791    10.113   
 594   25    5   6.413     31.169    0.003    3.503     6.413   
 595   25    4   9.147      0.570    0.905    3.095     9.147   
 596   25    3   9.964      0.451    0.735    4.823     9.964   
 597   25    2   9.162      0.650    1.069    3.282     9.162   
 598   25    1   7.089      0.415    0.491    8.696     7.089   
 599   25    0   9.581      0.372    0.586    3.766     9.581   
 600   24   39   8.948      0.410    0.370      inf     8.948   
 601   24   38   6.919      0.040    0.744    5.622     6.919   
 602   24   37   9.611      0.610    1.433    3.052     9.611   
 603   24   36   8.244      0.475    0.584    3.803     8.244   
 604   24   35   6.706      0.247    0.235      inf     6.706   
 605   24   34   8.984      0.386    0.763    3.811     8.984   
 606   24   33  11.830      0.728    1.379    2.716    11.830   
 607   24   32   9.009      0.311    0.323      inf     9.009   
 608   24   31   9.368      0.617    1.619    3.459     9.368   
 609   24   30  12.500      0.003    0.000   -0.731    12.500   
 610   24   29  11.527      0.711    1.477    2.801    11.527   
 611   24   28  11.797      0.426    0.906    3.738    11.797   
 612   24   27   9.502      0.685    1.454    3.603     9.502   
 613   24   26  10.575      0.918    1.913    3.319    10.575   
 614   24   25  10.901      0.691    1.512    2.905    10.901   
 615   24   24  10.912      0.895    1.808    3.176    10.912   
 616   24   23  10.754      0.430    0.846    3.782    10.754   
 617   24   22  12.091      0.696    1.392    3.171    12.091   
 618   24   21   9.883      0.835    1.873    4.113     9.883   
 619   24   20  13.003      0.630    1.313    2.899    13.003   
 620   24   19  10.867      0.688    1.533    3.319    10.867   
 621   24   18   8.328     23.629    0.001    4.479     8.328   
 622   24   17  12.226      0.652    1.526    3.683    12.226   
 623   24   16  10.580      0.558    1.181    3.201    10.580   
 624   24   15  10.377      0.654    1.430    4.103    10.377   
 625   24   14  10.877      0.203    0.769    4.643    10.877   
 626   24   13  10.955      0.801    1.421    2.745    10.955   
 627   24   12  11.418      0.035    1.061    3.732    11.418   
 628   24   11  10.403      0.569    1.157    3.960    10.403   
 629   24   10  10.620      0.137    1.074    2.902    10.620   
 630   24    9   8.149      0.772    1.356    2.366     8.149   
 631   24    8   9.348      0.630    1.223    3.875     9.348   
 632   24    7   7.304      0.544    0.918    4.000     7.304   
 633   24    6   8.694      0.476    0.907    3.619     8.694   
 634   24    5   8.552      0.905    1.247    2.390     8.552   
 635   24    4   8.983      0.463    0.773    3.305     8.983   
 636   24    3   8.884      0.247    0.395    5.484     8.884   
 637   24    2   9.381      0.555    0.911    4.860     9.381   
 638   24    1   9.656      1.054    1.684    2.355     9.656   
 639   24    0   7.459      1.218    0.038   -0.729     7.459   
 640   23   39   6.188      0.481    0.485    6.781     6.188   
 641   23   38   9.819      0.503    1.039    3.791     9.819   
 642   23   37   8.408      0.774    0.701    3.621     8.408   
 643   23   36   7.794      0.199    1.058    3.319     7.794   
 644   23   35   8.807      0.498    0.899    3.224     8.807   
 645   23   34   9.140     23.178    0.000    3.413     9.140   
 646   23   33  10.164      1.962    2.232    4.121    10.164   
 647   23   32   8.773      0.421    0.823    5.187     8.773   
 648   23   31   7.075      0.323    0.512    7.467     7.075   
 649   23   30   9.715      0.639    1.446    3.125     9.715   
 650   23   29  11.833      0.179    1.461    3.223    11.833   
 651   23   28  11.362      0.471    0.995    3.015    11.362   
 652   23   27  23.160      1.497    2.729    2.676    23.160   
 653   23   26  11.469      0.600    1.312    4.114    11.469   
 654   23   25  11.253      0.615    1.201    3.087    11.253   
 655   23   24  11.163      1.010    1.873    2.599    11.163   
 656   23   23  10.891      0.364    0.779    4.278    10.891   
 657   23   22  12.804      0.928    1.924    3.309    12.804   
 658   23   21  11.100      0.704    1.409    3.621    11.100   
 659   23   20   9.356      0.706    1.239    3.142     9.356   
 660   23   19  11.835      0.622    1.216    3.182    11.835   
 661   23   18  10.529      0.760    1.464    2.722    10.529   
 662   23   17   9.637      1.127    2.137    2.355     9.637   
 663   23   16  11.206      0.403    1.715    6.568    11.206   
 664   23   15  11.439      1.000    1.382    3.025    11.439   
 665   23   14  12.477      1.089    1.670    2.504    12.477   
 666   23   13  10.127      0.990    1.377    2.682    10.127   
 667   23   12  11.260      0.673    1.050    3.095    11.260   
 668   23   11   9.661      1.194    1.981    3.738     9.661   
 669   23   10   9.580      0.831    1.323    3.738     9.580   
 670   23    9   9.176      0.444    0.845    3.482     9.176   
 671   23    8   9.839      0.747    1.252    2.703     9.839   
 672   23    7  10.827      1.020    1.945    2.605    10.827   
 673   23    6   9.441      0.793    1.057    3.546     9.441   
 674   23    5   9.791      0.602    0.974    3.983     9.791   
 675   23    4  10.493      0.298    1.106    4.051    10.493   
 676   23    3   9.887      0.408    1.442    4.073     9.887   
 677   23    2   8.585      0.461    0.631    3.873     8.585   
 678   23    1  15.000     16.295    3.000   -0.000    15.000   
 679   23    0   6.933      0.091    0.374   11.590     6.933   
 680   22   39   5.004      0.000    0.000    3.561     5.004   
 681   22   38  10.644      0.725    1.069    3.414    10.644   
 682   22   37   9.068      0.757    1.124    4.515     9.068   
 683   22   36   9.184      0.898    1.080    2.557     9.184   
 684   22   35  15.000     16.295    3.000   -0.000    15.000   
 685   22   34   7.794      0.682    1.161    2.830     7.794   
 686   22   33   7.372      0.571    0.584    2.256     7.372   
 687   22   32   8.102      0.942    1.050    4.121     8.102   
 688   22   31   9.090      0.762    0.942    8.750     9.090   
 689   22   30   8.596      0.560    0.800    4.185     8.596   
 690   22   29   8.957      0.420    1.284    3.504     8.957   
 691   22   28  12.337      0.382    1.104    3.489    12.337   
 692   22   27  11.449      0.668    1.105    3.291    11.449   
 693   22   26  10.603      0.073    1.143    3.738    10.603   
 694   22   25  10.517      1.037    1.967    2.910    10.517   
 695   22   24  10.840      0.742    1.180    4.515    10.840   
 696   22   23  11.170      1.207    1.825    2.721    11.170   
 697   22   22   8.872      0.304    0.900    3.274     8.872   
 698   22   21  11.532      0.337    1.360    3.898    11.532   
 699   22   20  10.373      0.562    1.022    3.326    10.373   
 700   22   19  11.291      0.674    1.315    3.037    11.291   
 701   22   18  11.390      0.184    0.721    4.722    11.390   
 702   22   17   9.623      0.660    1.277    3.169     9.623   
 703   22   16  10.999      0.898    1.738    3.051    10.999   
 704   22   15  11.906      0.932    1.709    2.477    11.906   
 705   22   14   9.766      1.203    2.208    2.260     9.766   
 706   22   13  12.031      0.810    1.305    3.749    12.031   
 707   22   12  11.663      0.739    1.371    3.447    11.663   
 708   22   11  10.720      0.211    0.842    4.695    10.720   
 709   22   10  10.023      0.632    1.220    4.082    10.023   
 710   22    9  10.207      0.966    1.828    2.903    10.207   
 711   22    8   8.873      0.648    1.235    3.042     8.873   
 712   22    7  10.975      0.783    1.583    2.833    10.975   
 713   22    6   7.864      0.408    0.781    4.954     7.864   
 714   22    5  11.466      0.866    1.609    4.483    11.466   
 715   22    4   9.169      0.453    0.828    3.461     9.169   
 716   22    3   9.461      0.607    1.042    2.998     9.461   
 717   22    2   9.954      0.822    1.106    3.873     9.954   
 718   22    1   8.371     33.712    0.010    2.629     8.371   
 719   22    0   8.707      0.247    0.726    3.546     8.707   
 720   21   39   9.154      0.722    0.941    2.970     9.154   
 721   21   38  15.000     16.295    3.000   -0.000    15.000   
 722   21   37   7.508      0.414    0.552    5.078     7.508   
 723   21   36   9.310      0.220    1.138    2.823     9.310   
 724   21   35  15.000     16.295    3.000   -0.000    15.000   
 725   21   34   8.381      0.446    0.889    3.638     8.381   
 726   21   33   7.109      0.331    0.491    6.531     7.109   
 727   21   32   7.381      0.370    0.489    5.078     7.381   
 728   21   31  15.000     16.295    3.000   -0.000    15.000   
 729   21   30   7.885      1.403    0.014    6.209     7.885   
 730   21   29  12.100      0.591    0.935    2.605    12.100   
 731   21   28  11.309      1.096    2.112    2.917    11.309   
 732   21   27  12.569      0.838    1.556    2.599    12.569   
 733   21   26  12.193      0.981    1.746    2.628    12.193   
 734   21   25  11.153      0.703    1.143    2.816    11.153   
 735   21   24  11.814      0.650    0.789    2.228    11.814   
 736   21   23  10.945      0.835    1.502    3.144    10.945   
 737   21   22  10.863      0.794    1.385    2.979    10.863   
 738   21   21  11.550      0.988    1.663    2.495    11.550   
 739   21   20  10.269      0.385    1.099    3.104    10.269   
 740   21   19  11.759      0.642    1.103    3.291    11.759   
 741   21   18  10.178     25.628    0.002    3.800    10.178   
 742   21   17  11.339      0.526    0.665    3.546    11.339   
 743   21   16  12.090      0.834    1.179    3.270    12.090   
 744   21   15  10.790      1.247    1.817    2.712    10.790   
 745   21   14  10.922      0.310    0.842    3.546    10.922   
 746   21   13  11.613      1.837    2.325    2.791    11.613   
 747   21   12  13.153      0.572    0.635    4.589    13.153   
 748   21   11  13.733      0.571    0.745    9.685    13.733   
 749   21   10  12.847      1.792    2.726    2.221    12.847   
 750   21    9   9.220      0.489    0.984    3.036     9.220   
 751   21    8   8.346     34.587    0.010    4.591     8.346   
 752   21    7   8.177      0.182    1.316    3.259     8.177   
 753   21    6   9.456      0.582    0.843    2.908     9.456   
 754   21    5   8.829      0.446    0.407    6.781     8.829   
 755   21    4   5.581      0.140    0.153      inf     5.581   
 756   21    3   9.052      0.776    0.899    7.716     9.052   
 757   21    2   9.016      0.836    1.087    5.057     9.016   
 758   21    1   8.311      0.423    0.511    4.611     8.311   
 759   21    0  10.031      0.511    0.515    4.461    10.031   
 760   20   39   8.341      0.789    0.704    5.845     8.341   
 761   20   38   8.270      0.646    0.821    3.036     8.270   
 762   20   37   8.952      0.696    1.155    4.823     8.952   
 763   20   36   9.200      0.681    1.093    3.697     9.200   
 764   20   35   8.571      0.978    1.431    3.259     8.571   
 765   20   34   9.720      0.625    0.788    9.631     9.720   
 766   20   33  15.000     16.295    3.000   -0.000    15.000   
 767   20   32   9.282     24.008    0.001    7.104     9.282   
 768   20   31   8.475      0.576    0.969    3.436     8.475   
 769   20   30   9.340     20.320    0.001    2.851     9.340   
 770   20   29  12.473      0.769    1.456    2.599    12.473   
 771   20   28  10.517      0.690    1.390    3.621    10.517   
 772   20   27  10.145      0.554    1.101    3.782    10.145   
 773   20   26   7.516      0.244    0.000    6.531     7.516   
 774   20   25  15.000     16.295    3.000   -0.000    15.000   
 775   20   24  12.712      0.445    0.848    3.626    12.712   
 776   20   23  11.527      0.731    1.518    3.461    11.527   
 777   20   22   9.695      0.625    1.240    4.253     9.695   
 778   20   21  10.080      0.790    1.643    3.619    10.080   
 779   20   20  15.000     16.295    3.000   -0.000    15.000   
 780   20   19  15.000     16.295    3.000   -0.000    15.000   
 781   20   18  10.952      0.763    1.211    3.515    10.952   
 782   20   17  10.882      0.298    1.103    5.809    10.882   
 783   20   16  10.758      1.048    1.947    2.762    10.758   
 784   20   15  11.565      0.570    1.083    3.043    11.565   
 785   20   14   8.436     30.500    0.003    3.872     8.436   
 786   20   13  10.243      0.682    1.298    3.878    10.243   
 787   20   12  10.806      0.614    1.107    3.300    10.806   
 788   20   11  29.595      1.958    5.000    2.495    29.595   
 789   20   10  10.655      0.741    1.386    4.477    10.655   
 790   20    9   8.898      0.522    1.473    3.087     8.898   
 791   20    8   7.972     23.951    0.013      inf     7.972   
 792   20    7   9.511      0.394    0.551    5.546     9.511   
 793   20    6   9.792      0.618    0.798    5.078     9.792   
 794   20    5   8.116      0.610    0.916    3.501     8.116   
 795   20    4   8.101      0.616    0.870    3.858     8.101   
 796   20    3  10.506      0.344    0.553    8.750    10.506   
 797   20    2   9.286      0.693    0.589    3.608     9.286   
 798   20    1   9.424     23.780    0.031   -3.851     9.424   
 799   20    0   8.174     23.988    0.011   -0.728     8.174   
