// index column row  mean  error sigma   chi2/ndf width  status
   4   39   35   6.938    3.283    0.424   16.655     6.938   FAILED
  31   39    8   8.488    0.855    0.487   23.491     8.488   SUCCESS
  35   39    4   8.671    1.674    0.347   20.852     8.671   SUCCESS
  41   38   38  10.230    0.665    0.816   19.046    10.230   FAILED
  51   38   28   6.802    3.181    0.422   20.427     6.802   FAILED
  88   37   31   6.568    3.897    0.470   14.482     6.568   FAILED
 106   37   13   8.910    0.196    0.522   20.809     8.910   SUCCESS
 108   37   11   7.716    1.233    0.541   26.876     7.716   SUCCESS
 116   37    3   6.926    3.644    0.526   14.338     6.926   FAILED
 146   36   13   6.972    0.107    0.335   25.317     6.972   FAILED
 152   36    7  10.332    0.180    0.618   25.113    10.332   FAILED
 160   35   39  10.387    1.600    0.553   25.687    10.387   FAILED
 161   35   38   6.966    3.137    0.451   22.345     6.966   FAILED
 174   35   25   8.605    1.381    0.566   19.939     8.605   SUCCESS
 180   35   19   5.000    5.746    0.144   32.199     5.000   FAILED
 184   35   15   8.044    1.347    0.326   26.652     8.044   SUCCESS
 191   35    8   6.967    0.046    0.284   26.061     6.967   FAILED
 196   35    3   8.698    0.518    0.513   26.437     8.698   SUCCESS
 203   34   36   6.998    2.534    0.444   25.536     6.998   FAILED
 205   34   34   6.271    2.664    0.492   21.357     6.271   FAILED
 214   34   25   5.000    0.246    0.390   -0.731     5.000   FAILED
 218   34   21   6.857    1.359    0.528   15.850     6.857   FAILED
 224   34   15   8.116    0.499    0.486   20.885     8.116   SUCCESS
 239   34    0   9.192    0.240    0.337   26.941     9.192   SUCCESS
 244   33   35   8.450    0.405    0.439   23.705     8.450   SUCCESS
 251   33   28   6.982    0.093    0.359   19.974     6.982   FAILED
 259   33   20   6.844    0.960    0.482   24.571     6.844   FAILED
 261   33   18   8.778    1.189    0.242   25.865     8.778   SUCCESS
 270   33    9   8.365    1.725    0.510   11.295     8.365   SUCCESS
 279   33    0   8.897    0.169    0.495   22.499     8.897   SUCCESS
 280   32   39   7.207    0.283    0.380   16.172     7.207   SUCCESS
 282   32   37   6.897    0.602    0.394   24.272     6.897   FAILED
 285   32   34   6.487    0.760    0.751    5.435     6.487   SUCCESS
 288   32   31   7.696    0.254    0.407   22.534     7.696   SUCCESS
 301   32   18   6.514    0.078    0.748   17.198     6.514   FAILED
 302   32   17   6.931    0.053    0.442   11.615     6.931   FAILED
 310   32    9   8.065    1.033    0.430   22.723     8.065   SUCCESS
 317   32    2   6.596    0.875    0.478   27.378     6.596   FAILED
 327   31   32   6.217    0.240    0.544   24.017     6.217   FAILED
 329   31   30   5.438   14.323    0.305   16.208     5.438   FAILED
 330   31   29   5.883    0.955    0.444   19.400     5.883   FAILED
 337   31   22   7.606    0.519    0.520   12.556     7.606   SUCCESS
 340   31   19   9.314    1.023    0.538   23.930     9.314   SUCCESS
 376   30   23   6.897    0.120    0.391   27.987     6.897   FAILED
 388   30   11   6.067    3.080    0.382   22.894     6.067   FAILED
 389   30   10  10.306    1.324    0.841   23.714    10.306   FAILED
 391   30    8   8.373    0.513    0.464   23.815     8.373   SUCCESS
 395   30    4   8.534    1.142    0.480   25.664     8.534   SUCCESS
 412   29   27  10.382    0.116    0.415   31.373    10.382   FAILED
 424   29   15  10.789    1.076    0.211   27.219    10.789   FAILED
 427   29   12  10.399    0.610    0.421   24.671    10.399   FAILED
 429   29   10  10.693    0.165    0.548   25.233    10.693   FAILED
 437   29    2   8.905    0.579    0.400   22.014     8.905   SUCCESS
 439   29    0   6.229    3.249    0.272   27.608     6.229   FAILED
 449   28   30   5.730    1.160    0.245   19.232     5.730   FAILED
 465   28   14   9.883    0.310    0.379   23.273     9.883   SUCCESS
 468   28   11  10.162    1.885    0.485   22.133    10.162   FAILED
 469   28   10  10.622    0.382    0.638   24.122    10.622   FAILED
 472   28    7  10.085    1.366    0.559   28.774    10.085   FAILED
 475   28    4  10.039    0.121    0.401   30.701    10.039   FAILED
 490   27   29  10.083    0.481    0.413   31.279    10.083   FAILED
 493   27   26   9.534    1.546    0.685   24.002     9.534   SUCCESS
 495   27   24  10.210    0.475    0.525   26.931    10.210   FAILED
 497   27   22  10.323    0.674    0.508   30.255    10.323   FAILED
 498   27   21  11.568    0.182    0.679   27.192    11.568   FAILED
 499   27   20  10.008    0.286    0.567   28.796    10.008   FAILED
 500   27   19  10.171    0.380    0.510   28.977    10.171   FAILED
 501   27   18  10.568    0.594    0.648   29.460    10.568   FAILED
 502   27   17  10.690    0.127    0.739   25.844    10.690   FAILED
 504   27   15  10.102    0.116    0.608   23.143    10.102   FAILED
 505   27   14  11.207    0.426    0.477   24.005    11.207   FAILED
 513   27    6   5.896    3.632    0.344   24.061     5.896   FAILED
 519   27    0   6.787    0.077    0.408   34.209     6.787   FAILED
 533   26   26  10.116    0.373    0.479   32.423    10.116   FAILED
 535   26   24  10.610    1.400    0.422   29.266    10.610   FAILED
 538   26   21  10.585    0.435    0.546   28.050    10.585   FAILED
 541   26   18  10.169    0.439    0.777   27.132    10.169   FAILED
 542   26   17  10.582    0.118    0.704   28.513    10.582   FAILED
 544   26   15  11.541    0.512    0.541   25.122    11.541   FAILED
 545   26   14  11.407    0.186    0.572   26.215    11.407   FAILED
 547   26   12  10.159    1.682    0.516   24.306    10.159   FAILED
 549   26   10  10.771    1.757    0.578   23.506    10.771   FAILED
 556   26    3  10.316    0.108    0.484   29.162    10.316   FAILED
 559   26    0  10.020    0.135    0.640   23.285    10.020   FAILED
 560   25   39   6.905    0.013    0.384   19.653     6.905   FAILED
 575   25   24  10.298    0.109    0.586   28.547    10.298   FAILED
 576   25   23  10.324    0.126    0.784   29.699    10.324   FAILED
 588   25   11   7.372    1.480    0.357   32.329     7.372   SUCCESS
 589   25   10  11.495    0.332    0.508   23.898    11.495   FAILED
 592   25    7  10.729    0.111    0.429   31.373    10.729   FAILED
 603   24   36   6.331    0.017    0.283   40.583     6.331   FAILED
 604   24   35   6.596    0.574    0.423   14.034     6.596   FAILED
 609   24   30   6.981    1.295    0.361   23.155     6.981   FAILED
 614   24   25  10.223    0.384    0.475   27.510    10.223   SUCCESS
 623   24   16  10.822    0.122    0.496   27.336    10.822   FAILED
 624   24   15  10.438    0.125    0.463   29.971    10.438   FAILED
 628   24   11  10.038    0.113    0.406   25.803    10.038   FAILED
 639   24    0   6.385   14.206    0.321    9.188     6.385   FAILED
 646   23   33   6.472    0.560    0.311   24.137     6.472   SUCCESS
 664   23   15  10.073    1.507    0.465   28.619    10.073   FAILED
 669   23   10  10.380    0.135    0.654   29.878    10.380   FAILED
 676   23    3  10.920    0.505    0.676   26.414    10.920   FAILED
 684   22   35   6.119    2.088    0.551    8.505     6.119   FAILED
 690   22   29   8.065    2.839    0.423   33.804     8.065   SUCCESS
 692   22   27  10.252    0.922    0.569   30.600    10.252   FAILED
 695   22   24   6.458    0.222    0.510   29.295     6.458   FAILED
 703   22   16  10.067    0.114    0.524   33.090    10.067   FAILED
 708   22   11   9.399    0.209    0.616   26.854     9.399   SUCCESS
 722   21   37   9.107    0.266    0.477   25.587     9.107   SUCCESS
 728   21   31   6.006    0.203    0.354   14.301     6.006   FAILED
 732   21   27  10.279    0.996    0.719   30.065    10.279   FAILED
 739   21   20  10.766    0.012    0.536   33.130    10.766   FAILED
 740   21   19  10.406    0.129    0.444   29.375    10.406   FAILED
 742   21   17  10.191    0.109    0.442   27.802    10.191   FAILED
 749   21   10  10.677    1.112    0.678   30.368    10.677   FAILED
 750   21    9  10.711    0.436    0.689   30.787    10.711   FAILED
 766   20   33   5.348    1.580    0.893    9.254     5.348   FAILED
 771   20   28  10.022    0.288    0.433   28.944    10.022   FAILED
 776   20   23  10.804    0.122    0.572   31.684    10.804   FAILED
 781   20   18  10.043    0.653    0.651   31.284    10.043   FAILED
 784   20   15  10.617    0.114    0.516   30.720    10.617   FAILED
 787   20   12  10.763    1.690    0.575   26.645    10.763   FAILED
 807   19   32   7.741    1.137    0.623   19.776     7.741   SUCCESS
 817   19   22  10.116    0.098    0.718   35.112    10.116   FAILED
 823   19   16  10.050    1.470    0.532   27.659    10.050   FAILED
 825   19   14  10.451    0.432    0.444   30.267    10.451   FAILED
 827   19   12   9.560    0.418    0.366   26.299     9.560   SUCCESS
 843   18   36  10.044    0.363    0.577   35.722    10.044   FAILED
 845   18   34   5.628    0.075    0.282   28.562     5.628   FAILED
 847   18   32   6.405    0.244    0.238   22.814     6.405   FAILED
 857   18   22  10.298    1.604    0.570   33.547    10.298   FAILED
 860   18   19  10.231    0.114    0.597   29.736    10.231   FAILED
 861   18   18  10.484    0.135    0.335   31.026    10.484   FAILED
 864   18   15  10.368    1.824    0.482   30.111    10.368   FAILED
 865   18   14  10.549    1.710    0.578   27.283    10.549   FAILED
 867   18   12   9.857    1.299    0.523   24.908     9.857   SUCCESS
 869   18   10  10.137    1.676    0.481   25.007    10.137   SUCCESS
 875   18    4   9.526    1.369    0.529   27.797     9.526   SUCCESS
 882   17   37  10.065    0.672    0.425   33.815    10.065   FAILED
 895   17   24  10.485    0.307    0.502   30.757    10.485   FAILED
 897   17   22  10.015    0.686    0.340   29.518    10.015   FAILED
 900   17   19  10.451    0.579    0.863   25.751    10.451   FAILED
 908   17   11   9.490    1.492    0.383   26.891     9.490   SUCCESS
 909   17   10  10.371    0.020    0.734   26.514    10.371   FAILED
 914   17    5   8.149    0.063    0.447   22.455     8.149   SUCCESS
 932   16   27  10.010    0.460    0.607   28.200    10.010   FAILED
 938   16   21  11.309    0.303    0.725   31.284    11.309   FAILED
 939   16   20  10.289    0.542    0.452   28.269    10.289   FAILED
 942   16   17  10.257    0.464    0.610   26.759    10.257   FAILED
 946   16   13   9.189    1.349    0.733   27.385     9.189   SUCCESS
 961   15   38   6.021    4.450    0.324   18.289     6.021   FAILED
 973   15   26  10.343    0.186    0.359   35.076    10.343   FAILED
 976   15   23   9.823    1.268    0.410   32.838     9.823   SUCCESS
 985   15   14  11.583    0.127    0.773   29.862    11.583   FAILED
 991   15    8   6.549    3.299    0.604   17.038     6.549   FAILED
 995   15    4   8.304    1.709    0.586   26.283     8.304   SUCCESS
1011   14   28   6.135    0.378    1.274   30.723     6.135   FAILED
1013   14   26   9.485    0.221    0.425   31.785     9.485   SUCCESS
1021   14   18  10.057    0.032    0.648   26.332    10.057   FAILED
1029   14   10  10.303    0.123    0.587   28.518    10.303   FAILED
1038   14    1   7.560    0.087    0.304   30.189     7.560   SUCCESS
1039   14    0   8.727    0.473    0.416   27.078     8.727   SUCCESS
1040   13   39   6.779    2.263    0.462   30.018     6.779   FAILED
1047   13   32   6.550    0.176    0.376   16.804     6.550   SUCCESS
1049   13   30  10.612    0.602    0.601   32.624    10.612   FAILED
1050   13   29  10.550    0.903    0.555   29.807    10.550   FAILED
1065   13   14  10.556    0.543    0.558   26.745    10.556   FAILED
1067   13   12   9.203    0.335    0.348   28.973     9.203   SUCCESS
1072   13    7   8.934    0.145    0.529   24.381     8.934   SUCCESS
1073   13    6  10.013    0.109    0.638   25.140    10.013   FAILED
1078   13    1   8.594    0.193    0.562   27.031     8.594   SUCCESS
1106   12   13  10.554    1.761    0.577   26.251    10.554   FAILED
1107   12   12  10.140    2.523    0.411   26.922    10.140   FAILED
1128   11   31   5.792    3.179    0.316   30.014     5.792   FAILED
1133   11   26   8.345    0.170    0.543   22.446     8.345   SUCCESS
1136   11   23  10.011    1.680    0.608   31.651    10.011   FAILED
1137   11   22   7.982    1.599    0.322   27.446     7.982   SUCCESS
1144   11   15  10.426    0.115    0.550   30.139    10.426   FAILED
1145   11   14  10.450    0.511    0.485   27.639    10.450   FAILED
1147   11   12  10.117    0.116    0.744   26.552    10.117   FAILED
1149   11   10  10.216    0.195    0.566   29.661    10.216   FAILED
1161   10   38   8.868    0.230    0.399   24.481     8.868   SUCCESS
1172   10   27  10.177    0.105    0.389   31.458    10.177   FAILED
1182   10   17  10.289    0.368    0.358   34.628    10.289   FAILED
1185   10   14  10.507    0.576    0.540   26.434    10.507   FAILED
1187   10   12   9.488    0.269    0.552   27.532     9.488   SUCCESS
1194   10    5   6.615    0.249    0.303   26.803     6.615   SUCCESS
1199   10    0   5.484    1.776    0.482   10.452     5.484   FAILED
1212    9   27  10.142    0.894    0.521   26.080    10.142   FAILED
1240    8   39   8.046    0.587    0.392   31.850     8.046   SUCCESS
1251    8   28   6.327    3.307    0.357   18.127     6.327   FAILED
1252    8   27   5.317    5.534    0.225   19.600     5.317   FAILED
1266    8   13   8.863    0.277    0.539   27.564     8.863   SUCCESS
1267    8   12   9.258    1.486    0.435   28.183     9.258   SUCCESS
1268    8   11   8.801    0.194    0.360   27.342     8.801   SUCCESS
1269    8   10   6.930    1.183    0.457   25.378     6.930   FAILED
1270    8    9  10.169    0.290    0.525   24.749    10.169   FAILED
1296    7   23   9.036    0.457    0.635   28.041     9.036   SUCCESS
1302    7   17   6.938    3.760    0.488   14.185     6.938   FAILED
1303    7   16  10.317    1.588    0.418   25.691    10.317   FAILED
1308    7   11   6.539    0.193    0.470   19.393     6.539   FAILED
1310    7    9   6.866    0.063    0.424   29.105     6.866   FAILED
1323    6   36   6.391    1.245    0.310   31.745     6.391   FAILED
1324    6   35  10.384    0.081    0.499   27.972    10.384   FAILED
1332    6   27   6.728    1.037    0.462   21.955     6.728   FAILED
1340    6   19   6.469    4.709    0.487   23.147     6.469   FAILED
1343    6   16  10.130    0.470    0.604   30.939    10.130   FAILED
1344    6   15   6.873    1.131    0.427   28.784     6.873   FAILED
1358    6    1   8.836    1.157    0.542   26.048     8.836   SUCCESS
1362    5   37   6.872    1.154    0.311   30.687     6.872   FAILED
1368    5   31  10.169    1.004    0.675   25.648    10.169   FAILED
1375    5   24   6.228    4.660    1.259    3.150     6.228   FAILED
1380    5   19  20.016    0.015    0.000   -0.731    20.016   FAILED
1384    5   15  10.007    0.488    0.590   26.985    10.007   FAILED
1389    5   10   6.945    0.406    0.550   20.384     6.945   SUCCESS
1407    4   32   6.039    0.952    0.603   15.663     6.039   FAILED
1418    4   21   9.454    0.600    0.287   24.476     9.454   SUCCESS
1431    4    8   7.769    0.323    0.369   26.916     7.769   SUCCESS
1444    3   35  10.051    0.382    0.570   25.072    10.051   FAILED
1455    3   24   7.062    0.270    0.314   18.732     7.062   SUCCESS
1459    3   20  10.443    0.281    0.579   23.348    10.443   FAILED
1460    3   19   6.997    2.191    0.577   20.895     6.997   FAILED
1464    3   15  10.206    0.107    0.731   22.856    10.206   FAILED
1475    3    4  10.024    0.509    0.470   28.765    10.024   FAILED
1481    2   38   5.823    3.729    0.424   21.345     5.823   FAILED
1508    2   11  10.148    1.723    0.436   25.882    10.148   FAILED
1514    2    5   6.352    3.791    0.388   15.984     6.352   FAILED
1515    2    4   6.878    3.805    0.406   18.518     6.878   FAILED
1524    1   35  10.215    0.182    0.323   32.013    10.215   FAILED
1526    1   33   6.546    2.087    0.418   11.682     6.546   FAILED
1527    1   32   6.656    3.674    0.373   24.232     6.656   FAILED
1536    1   23   7.797    1.360    0.443   25.774     7.797   SUCCESS
1553    1    6  10.531    0.119    0.826   22.757    10.531   FAILED
1557    1    2   8.220    0.243    0.566   14.790     8.220   SUCCESS
1561    0   38   8.224    0.497    0.705   15.999     8.224   SUCCESS
1568    0   31   9.014    0.225    0.629   24.431     9.014   SUCCESS
1569    0   30   6.665    2.357    0.573   20.617     6.665   FAILED
1583    0   16   8.339    1.337    0.404   22.206     8.339   SUCCESS
1592    0    7   6.042    0.935    0.418   24.081     6.042   FAILED
1593    0    6   8.172    0.479    0.541   21.825     8.172   SUCCESS
1597    0    2   9.827    0.384    0.468   17.215     9.827   SUCCESS
