111231
111232
111233
111234
111235
111236
111238
111239
111240
111241
111242
111243
111244
111245
111246
111247
111251
111252
111253
111254
111258
111263
111264
111265
111266
111267
111268
111270
111271
111273
111274
111275
111276
111277
111278
111279
111282
111283
111284
111285
111286
111287
111288
111289
111291
111292
111293
111294
111295
111296
111297
111298
111299
111300
111301
111302
111303
111304
111306
111307
111308
111309
111310
111311
111312
111325
111331
111332
111333
111337
111338
111339
111340
111343
111344
111345
111346
111348
111349
111350
111352
111353
111354
111357
111358
111359
111360
111361
111362
111365
111366
111367
111368
111369
111370
111371
111372
111374
111377
111378
111379
111380
111381
111382
111385
111386
111387
111388
111389
111390
111391
111392
111394
111395
111396
111398
111399
111400
