111721
111722
111724
111725
111729
111730
111732
111733
111738
111741
111742
111743
111744
111745
111747
111748
111750
111751
111753
111754
111757
111764
111765
111768
111769
111773
111776
111779
111782
111784
111787
111788
111791
111793
111796
111797
111798
111799
111800
111802
111806
111807
111808
111816
111817
111819
111825
111827
111828
111829
111830
111834
111835
111836
111837
111839
111840
111841
111842
111851
111854
111855
111858
111861
111862
111868
111870
111874
111875
111878
111879
111881
111882
111886
111890
111891
111894
111895
111897
111898
111899
111901
111902
111903
111904
111905
111907
111916
111918
111920
111922
111923
111925
111926
111935
111937
111938
111939
111940
111941
111943
111945
111946
111947
111948
111949
111951
111952
111953
111954
111957
111958
111959
111961
111964
111969
111970
111973
111975
111979
111985
111990
111991
111992
111994
111995
111996
112000
112001
