111231
111233
111236
111240
111241
111242
111244
111245
111246
111247
111251
111252
111253
111254
111258
111263
111264
111265
111266
111270
111271
111273
111274
111276
111277
111278
111279
111284
111286
111288
111289
111293
111295
111296
111297
111299
111301
111302
111303
111304
111306
111307
111308
111309
111310
111311
111312
111325
111331
111333
111337
111339
111340
111343
111344
111346
111348
111349
111352
111354
111357
111362
111365
111368
111371
111374
111377
111379
111380
111385
111386
111387
111388
111389
111390
111392
111394
111395
111398
111399
111400
