110803
110804
110805
110806
110807
110809
110811
110816
110817
110818
110819
110821
110824
110825
110828
110831
110833
110834
110835
110836
110837
110841
110842
110843
110844
110845
110847
110848
110849
110850
110851
110857
110859
110860
110861
110862
110863
110864
110866
110870
110871
110872
110873
110876
110879
110881
110882
110896
110897
110899
110900
110901
110902
110903
110904
110909
110910
110911
110912
110913
110914
110915
110916
110917
110918
110920
110921
110922
110924
110925
110926
110927
