111402
111403
111406
111407
111408
111409
111411
111412
111414
111415
111416
111417
111418
111420
111421
111422
111423
111425
111426
111427
111428
111429
111431
111432
111434
111435
111436
111439
111440
111441
111442
111444
111445
111447
111448
111449
111450
111451
111452
111453
111454
111456
111458
111459
111462
111463
111464
111473
111474
111476
111477
111479
111481
111482
111483
111484
111485
111486
111487
111488
111490
111491
111493
111494
111495
111499
111500
111502
111503
111505
111506
111507
111509
111511
111515
111522
111523
111524
111526
111527
111531
111532
111533
111534
111536
111537
111538
111540
111542
111549
111550
