111551
111552
111555
111556
111560
111561
111563
111564
111566
111567
111568
111574
111577
111578
111579
111583
111591
111593
111598
111599
111600
111601
111604
111605
111608
111609
111610
111612
111613
111614
111616
111619
111620
111621
111622
111623
111627
111629
111630
111633
111634
111635
111636
111638
111639
111641
111642
111646
111647
111649
111650
111651
111652
111654
111655
111657
111658
111659
111660
111662
111664
111669
111670
111671
111680
111681
111682
111684
111685
111686
111688
111690
111691
111692
111699
111701
111702
111703
111704
111705
111706
111707
111708
111711
111713
111714
111716
111717
111718
111719
111720
