110929
110930
110932
110933
110934
110935
110936
110945
110949
110950
110956
110957
110960
110962
110963
110964
110967
110969
110970
110973
110991
110994
110995
110996
110997
110998
111000
111001
111002
111004
111008
111010
111013
111014
111015
111016
111017
111020
111021
111023
111026
111027
111028
111029
111032
111033
111034
111035
111036
111037
111041
111042
111043
111044
111045
111046
111047
111050
111052
111053
111056
111057
111061
111065
111067
111069
111071
111072
111073
111074
111075
111079
111080
