111081
111092
111094
111095
111096
111097
111098
111100
111102
111103
111106
111107
111108
111113
111115
111116
111117
111118
111119
111121
111122
111123
111126
111127
111129
111141
111142
111143
111144
111147
111149
111152
111154
111155
111157
111159
111160
111161
111162
111166
111167
111168
111174
111175
111176
111177
111179
111180
111182
111183
111185
111186
111189
111190
111191
111193
111194
111195
111196
111197
111201
111202
111203
111204
111205
111207
111208
111209
111211
111212
111215
111216
111223
111224
111225
111227
111228
111229
111230
