#row 1 Col 23 -> 37
22 0   88 0   92 4
23 0   92 0   96 4
24 0   96 0  100 4
25 0  100 0  104 4
26 0  104 0  108 4
27 0  108 0  112 4
28 0  112 0  116 4
29 0  116 0  120 4
30 0  120 0  124 4
31 0  124 0  128 4
32 0  128 0  132 4
33 0  132 0  136 4
34 0  136 0  140 4
35 0  140 0  144 4
36 0  144 0  148 4

#row 2 Col 20 -> 40
19 1   76 4   80 8
20 1   80 4   84 8
21 1   84 4   88 8
22 1   88 4   92 8
23 1   92 4   96 8
24 1   96 4  100 8
25 1  100 4  104 8
26 1  104 4  108 8
27 1  108 4  112 8
28 1  112 4  116 8
29 1  116 4  120 8
30 1  120 4  124 8
31 1  124 4  128 8
32 1  128 4  132 8
33 1  132 4  136 8
34 1  136 4  140 8
35 1  140 4  144 8
36 1  144 4  148 8
37 1  148 4  152 8
38 1  152 4  156 8
39 1  156 4  160 8

#row 3 Col 18 -> 42
17 2   68 8   72 12
18 2   72 8   76 12
19 2   76 8   80 12
20 2   80 8   84 12
21 2   84 8   88 12
22 2   88 8   92 12
23 2   92 8   96 12
24 2   96 8  100 12
25 2  100 8  104 12
26 2  104 8  108 12
27 2  108 8  112 12
28 2  112 8  116 12
29 2  116 8  120 12
30 2  120 8  124 12
31 2  124 8  128 12
32 2  128 8  132 12
33 2  132 8  136 12
34 2  136 8  140 12
35 2  140 8  144 12
36 2  144 8  148 12
37 2  148 8  152 12
38 2  152 8  156 12
39 2  156 8  160 12
40 2  160 8  164 12
41 2  164 8  168 12

#row 4 Col 16 -> 44
15 3   60 12   64 16
16 3   64 12   68 16
17 3   68 12   72 16
18 3   72 12   76 16
19 3   76 12   80 16
20 3   80 12   84 16
21 3   84 12   88 16
22 3   88 12   92 16
23 3   92 12   96 16
24 3   96 12  100 16
25 3  100 12  104 16
26 3  104 12  108 16
27 3  108 12  112 16
28 3  112 12  116 16
29 3  116 12  120 16
30 3  120 12  124 16
31 3  124 12  128 16
32 3  128 12  132 16
33 3  132 12  136 16
34 3  136 12  140 16
35 3  140 12  144 16
36 3  144 12  148 16
37 3  148 12  152 16
38 3  152 12  156 16
39 3  156 12  160 16
40 3  160 12  164 16
41 3  164 12  168 16
42 3  168 12  172 16
43 3  172 12  176 16

#row 5 Col 14 -> 46
13 4   52 16   56 20
14 4   56 16   60 20
15 4   60 16   64 20
16 4   64 16   68 20
17 4   68 16   72 20
18 4   72 16   76 20
19 4   76 16   80 20
20 4   80 16   84 20
21 4   84 16   88 20
22 4   88 16   92 20
23 4   92 16   96 20
24 4   96 16  100 20
25 4  100 16  104 20
26 4  104 16  108 20
27 4  108 16  112 20
28 4  112 16  116 20
29 4  116 16  120 20
30 4  120 16  124 20
31 4  124 16  128 20
32 4  128 16  132 20
33 4  132 16  136 20
34 4  136 16  140 20
35 4  140 16  144 20
36 4  144 16  148 20
37 4  148 16  152 20
38 4  152 16  156 20
39 4  156 16  160 20
40 4  160 16  164 20
41 4  164 16  168 20
42 4  168 16  172 20
43 4  172 16  176 20
44 4  176 16  180 20
45 4  180 16  184 20

#row 6 Col 13 -> 47
12 5   48 20   52 24
13 5   52 20   56 24
14 5   56 20   60 24
15 5   60 20   64 24
16 5   64 20   68 24
17 5   68 20   72 24
18 5   72 20   76 24
19 5   76 20   80 24
20 5   80 20   84 24
21 5   84 20   88 24
22 5   88 20   92 24
23 5   92 20   96 24
24 5   96 20  100 24
25 5  100 20  104 24
26 5  104 20  108 24
27 5  108 20  112 24
28 5  112 20  116 24
29 5  116 20  120 24
30 5  120 20  124 24
31 5  124 20  128 24
32 5  128 20  132 24
33 5  132 20  136 24
34 5  136 20  140 24
35 5  140 20  144 24
36 5  144 20  148 24
37 5  148 20  152 24
38 5  152 20  156 24
39 5  156 20  160 24
40 5  160 20  164 24
41 5  164 20  168 24
42 5  168 20  172 24
43 5  172 20  176 24
44 5  176 20  180 24
45 5  180 20  184 24
46 5  184 20  188 24

#row 7 Col 11 -> 49
10 6   40 24   44 28
11 6   44 24   48 28
12 6   48 24   52 28
13 6   52 24   56 28
14 6   56 24   60 28
15 6   60 24   64 28
16 6   64 24   68 28
17 6   68 24   72 28
18 6   72 24   76 28
19 6   76 24   80 28
20 6   80 24   84 28
21 6   84 24   88 28
22 6   88 24   92 28
23 6   92 24   96 28
24 6   96 24  100 28
25 6  100 24  104 28
26 6  104 24  108 28
27 6  108 24  112 28
28 6  112 24  116 28
29 6  116 24  120 28
30 6  120 24  124 28
31 6  124 24  128 28
32 6  128 24  132 28
33 6  132 24  136 28
34 6  136 24  140 28
35 6  140 24  144 28
36 6  144 24  148 28
37 6  148 24  152 28
38 6  152 24  156 28
39 6  156 24  160 28
40 6  160 24  164 28
41 6  164 24  168 28
42 6  168 24  172 28
43 6  172 24  176 28
44 6  176 24  180 28
45 6  180 24  184 28
46 6  184 24  188 28
47 6  188 24  192 28
48 6  192 24  196 28

#row 8 Col 10 -> 50
 9 7   36 28   40 32
10 7   40 28   44 32
11 7   44 28   48 32
12 7   48 28   52 32
13 7   52 28   56 32
14 7   56 28   60 32
15 7   60 28   64 32
16 7   64 28   68 32
17 7   68 28   72 32
18 7   72 28   76 32
19 7   76 28   80 32
20 7   80 28   84 32
21 7   84 28   88 32
22 7   88 28   92 32
23 7   92 28   96 32
24 7   96 28  100 32
25 7  100 28  104 32
26 7  104 28  108 32
27 7  108 28  112 32
28 7  112 28  116 32
29 7  116 28  120 32
30 7  120 28  124 32
31 7  124 28  128 32
32 7  128 28  132 32
33 7  132 28  136 32
34 7  136 28  140 32
35 7  140 28  144 32
36 7  144 28  148 32
37 7  148 28  152 32
38 7  152 28  156 32
39 7  156 28  160 32
40 7  160 28  164 32
41 7  164 28  168 32
42 7  168 28  172 32
43 7  172 28  176 32
44 7  176 28  180 32
45 7  180 28  184 32
46 7  184 28  188 32
47 7  188 28  192 32
48 7  192 28  196 32
49 7  196 28  200 32

#row 9 Col 9 -> 51
 8 8   32 32   36 36
 9 8   36 32   40 36
10 8   40 32   44 36
11 8   44 32   48 36
12 8   48 32   52 36
13 8   52 32   56 36
14 8   56 32   60 36
15 8   60 32   64 36
16 8   64 32   68 36
17 8   68 32   72 36
18 8   72 32   76 36
19 8   76 32   80 36
20 8   80 32   84 36
21 8   84 32   88 36
22 8   88 32   92 36
23 8   92 32   96 36
24 8   96 32  100 36
25 8  100 32  104 36
26 8  104 32  108 36
27 8  108 32  112 36
28 8  112 32  116 36
29 8  116 32  120 36
30 8  120 32  124 36
31 8  124 32  128 36
32 8  128 32  132 36
33 8  132 32  136 36
34 8  136 32  140 36
35 8  140 32  144 36
36 8  144 32  148 36
37 8  148 32  152 36
38 8  152 32  156 36
39 8  156 32  160 36
40 8  160 32  164 36
41 8  164 32  168 36
42 8  168 32  172 36
43 8  172 32  176 36
44 8  176 32  180 36
45 8  180 32  184 36
46 8  184 32  188 36
47 8  188 32  192 36
48 8  192 32  196 36
49 8  196 32  200 36
50 8  200 32  204 36

#row 10 Col 8 -> 52
 7 9   28 36   32 40
 8 9   32 36   36 40
 9 9   36 36   40 40
10 9   40 36   44 40
11 9   44 36   48 40
12 9   48 36   52 40
13 9   52 36   56 40
14 9   56 36   60 40
15 9   60 36   64 40
16 9   64 36   68 40
17 9   68 36   72 40
18 9   72 36   76 40
19 9   76 36   80 40
20 9   80 36   84 40
21 9   84 36   88 40
22 9   88 36   92 40
23 9   92 36   96 40
24 9   96 36  100 40
25 9  100 36  104 40
26 9  104 36  108 40
27 9  108 36  112 40
28 9  112 36  116 40
29 9  116 36  120 40
30 9  120 36  124 40
31 9  124 36  128 40
32 9  128 36  132 40
33 9  132 36  136 40
34 9  136 36  140 40
35 9  140 36  144 40
36 9  144 36  148 40
37 9  148 36  152 40
38 9  152 36  156 40
39 9  156 36  160 40
40 9  160 36  164 40
41 9  164 36  168 40
42 9  168 36  172 40
43 9  172 36  176 40
44 9  176 36  180 40
45 9  180 36  184 40
46 9  184 36  188 40
47 9  188 36  192 40
48 9  192 36  196 40
49 9  196 36  200 40
50 9  200 36  204 40
51 9  204 36  208 40

#row 11 Col 7 -> 53
 6 10   24 40   28 44
 7 10   28 40   32 44
 8 10   32 40   36 44
 9 10   36 40   40 44
10 10   40 40   44 44
11 10   44 40   48 44
12 10   48 40   52 44
13 10   52 40   56 44
14 10   56 40   60 44
15 10   60 40   64 44
16 10   64 40   68 44
17 10   68 40   72 44
18 10   72 40   76 44
19 10   76 40   80 44
20 10   80 40   84 44
21 10   84 40   88 44
22 10   88 40   92 44
23 10   92 40   96 44
24 10   96 40  100 44
25 10  100 40  104 44
26 10  104 40  108 44
27 10  108 40  112 44
28 10  112 40  116 44
29 10  116 40  120 44
30 10  120 40  124 44
31 10  124 40  128 44
32 10  128 40  132 44
33 10  132 40  136 44
34 10  136 40  140 44
35 10  140 40  144 44
36 10  144 40  148 44
37 10  148 40  152 44
38 10  152 40  156 44
39 10  156 40  160 44
40 10  160 40  164 44
41 10  164 40  168 44
42 10  168 40  172 44
43 10  172 40  176 44
44 10  176 40  180 44
45 10  180 40  184 44
46 10  184 40  188 44
47 10  188 40  192 44
48 10  192 40  196 44
49 10  196 40  200 44
50 10  200 40  204 44
51 10  204 40  208 44
52 10  208 40  212 44

#row 12 Col 7 -> 53
 6 11   24 44   28 48
 7 11   28 44   32 48
 8 11   32 44   36 48
 9 11   36 44   40 48
10 11   40 44   44 48
11 11   44 44   48 48
12 11   48 44   52 48
13 11   52 44   56 48
14 11   56 44   60 48
15 11   60 44   64 48
16 11   64 44   68 48
17 11   68 44   72 48
18 11   72 44   76 48
19 11   76 44   80 48
20 11   80 44   84 48
21 11   84 44   88 48
22 11   88 44   92 48
23 11   92 44   96 48
24 11   96 44  100 48
25 11  100 44  104 48
26 11  104 44  108 48
27 11  108 44  112 48
28 11  112 44  116 48
29 11  116 44  120 48
30 11  120 44  124 48
31 11  124 44  128 48
32 11  128 44  132 48
33 11  132 44  136 48
34 11  136 44  140 48
35 11  140 44  144 48
36 11  144 44  148 48
37 11  148 44  152 48
38 11  152 44  156 48
39 11  156 44  160 48
40 11  160 44  164 48
41 11  164 44  168 48
42 11  168 44  172 48
43 11  172 44  176 48
44 11  176 44  180 48
45 11  180 44  184 48
46 11  184 44  188 48
47 11  188 44  192 48
48 11  192 44  196 48
49 11  196 44  200 48
50 11  200 44  204 48
51 11  204 44  208 48
52 11  208 44  212 48

#row 13 Col 6 -> 54
 5 12   20 48   24 52
 6 12   24 48   28 52
 7 12   28 48   32 52
 8 12   32 48   36 52
 9 12   36 48   40 52
10 12   40 48   44 52
11 12   44 48   48 52
12 12   48 48   52 52
13 12   52 48   56 52
14 12   56 48   60 52
15 12   60 48   64 52
16 12   64 48   68 52
17 12   68 48   72 52
18 12   72 48   76 52
19 12   76 48   80 52
20 12   80 48   84 52
21 12   84 48   88 52
22 12   88 48   92 52
23 12   92 48   96 52
24 12   96 48  100 52
25 12  100 48  104 52
26 12  104 48  108 52
27 12  108 48  112 52
28 12  112 48  116 52
29 12  116 48  120 52
30 12  120 48  124 52
31 12  124 48  128 52
32 12  128 48  132 52
33 12  132 48  136 52
34 12  136 48  140 52
35 12  140 48  144 52
36 12  144 48  148 52
37 12  148 48  152 52
38 12  152 48  156 52
39 12  156 48  160 52
40 12  160 48  164 52
41 12  164 48  168 52
42 12  168 48  172 52
43 12  172 48  176 52
44 12  176 48  180 52
45 12  180 48  184 52
46 12  184 48  188 52
47 12  188 48  192 52
48 12  192 48  196 52
49 12  196 48  200 52
50 12  200 48  204 52
51 12  204 48  208 52
52 12  208 48  212 52
53 12  212 48  216 52

#row 14 Col 5 -> 55
 4 13   16 52   20 56
 5 13   20 52   24 56
 6 13   24 52   28 56
 7 13   28 52   32 56
 8 13   32 52   36 56
 9 13   36 52   40 56
10 13   40 52   44 56
11 13   44 52   48 56
12 13   48 52   52 56
13 13   52 52   56 56
14 13   56 52   60 56
15 13   60 52   64 56
16 13   64 52   68 56
17 13   68 52   72 56
18 13   72 52   76 56
19 13   76 52   80 56
20 13   80 52   84 56
21 13   84 52   88 56
22 13   88 52   92 56
23 13   92 52   96 56
24 13   96 52  100 56
25 13  100 52  104 56
26 13  104 52  108 56
27 13  108 52  112 56
28 13  112 52  116 56
29 13  116 52  120 56
30 13  120 52  124 56
31 13  124 52  128 56
32 13  128 52  132 56
33 13  132 52  136 56
34 13  136 52  140 56
35 13  140 52  144 56
36 13  144 52  148 56
37 13  148 52  152 56
38 13  152 52  156 56
39 13  156 52  160 56
40 13  160 52  164 56
41 13  164 52  168 56
42 13  168 52  172 56
43 13  172 52  176 56
44 13  176 52  180 56
45 13  180 52  184 56
46 13  184 52  188 56
47 13  188 52  192 56
48 13  192 52  196 56
49 13  196 52  200 56
50 13  200 52  204 56
51 13  204 52  208 56
52 13  208 52  212 56
53 13  212 52  216 56
54 13  216 52  220 56

#row 15 Col 5 -> 55
 4 14   16 56   20 60
 5 14   20 56   24 60
 6 14   24 56   28 60
 7 14   28 56   32 60
 8 14   32 56   36 60
 9 14   36 56   40 60
10 14   40 56   44 60
11 14   44 56   48 60
12 14   48 56   52 60
13 14   52 56   56 60
14 14   56 56   60 60
15 14   60 56   64 60
16 14   64 56   68 60
17 14   68 56   72 60
18 14   72 56   76 60
19 14   76 56   80 60
20 14   80 56   84 60
21 14   84 56   88 60
22 14   88 56   92 60
23 14   92 56   96 60
24 14   96 56  100 60
25 14  100 56  104 60
26 14  104 56  108 60
27 14  108 56  112 60
28 14  112 56  116 60
29 14  116 56  120 60
30 14  120 56  124 60
31 14  124 56  128 60
32 14  128 56  132 60
33 14  132 56  136 60
34 14  136 56  140 60
35 14  140 56  144 60
36 14  144 56  148 60
37 14  148 56  152 60
38 14  152 56  156 60
39 14  156 56  160 60
40 14  160 56  164 60
41 14  164 56  168 60
42 14  168 56  172 60
43 14  172 56  176 60
44 14  176 56  180 60
45 14  180 56  184 60
46 14  184 56  188 60
47 14  188 56  192 60
48 14  192 56  196 60
49 14  196 56  200 60
50 14  200 56  204 60
51 14  204 56  208 60
52 14  208 56  212 60
53 14  212 56  216 60
54 14  216 56  220 60

#row 16 Col 4 -> 57
 3 15   12 60   16 64
 4 15   16 60   20 64
 5 15   20 60   24 64
 6 15   24 60   28 64
 7 15   28 60   32 64
 8 15   32 60   36 64
 9 15   36 60   40 64
10 15   40 60   44 64
11 15   44 60   48 64
12 15   48 60   52 64
13 15   52 60   56 64
14 15   56 60   60 64
15 15   60 60   64 64
16 15   64 60   68 64
17 15   68 60   72 64
18 15   72 60   76 64
19 15   76 60   80 64
20 15   80 60   84 64
21 15   84 60   88 64
22 15   88 60   92 64
23 15   92 60   96 64
24 15   96 60  100 64
25 15  100 60  104 64
26 15  104 60  108 64
27 15  108 60  112 64
28 15  112 60  116 64
29 15  116 60  120 64
30 15  120 60  124 64
31 15  124 60  128 64
32 15  128 60  132 64
33 15  132 60  136 64
34 15  136 60  140 64
35 15  140 60  144 64
36 15  144 60  148 64
37 15  148 60  152 64
38 15  152 60  156 64
39 15  156 60  160 64
40 15  160 60  164 64
41 15  164 60  168 64
42 15  168 60  172 64
43 15  172 60  176 64
44 15  176 60  180 64
45 15  180 60  184 64
46 15  184 60  188 64
47 15  188 60  192 64
48 15  192 60  196 64
49 15  196 60  200 64
50 15  200 60  204 64
51 15  204 60  208 64
52 15  208 60  212 64
53 15  212 60  216 64
54 15  216 60  220 64
55 15  220 60  224 64
56 15  224 60  228 64

#row 17 Col 4 -> 57
 3 16   12 64   16 68
 4 16   16 64   20 68
 5 16   20 64   24 68
 6 16   24 64   28 68
 7 16   28 64   32 68
 8 16   32 64   36 68
 9 16   36 64   40 68
10 16   40 64   44 68
11 16   44 64   48 68
12 16   48 64   52 68
13 16   52 64   56 68
14 16   56 64   60 68
15 16   60 64   64 68
16 16   64 64   68 68
17 16   68 64   72 68
18 16   72 64   76 68
19 16   76 64   80 68
20 16   80 64   84 68
21 16   84 64   88 68
22 16   88 64   92 68
23 16   92 64   96 68
24 16   96 64  100 68
25 16  100 64  104 68
26 16  104 64  108 68
27 16  108 64  112 68
28 16  112 64  116 68
29 16  116 64  120 68
30 16  120 64  124 68
31 16  124 64  128 68
32 16  128 64  132 68
33 16  132 64  136 68
34 16  136 64  140 68
35 16  140 64  144 68
36 16  144 64  148 68
37 16  148 64  152 68
38 16  152 64  156 68
39 16  156 64  160 68
40 16  160 64  164 68
41 16  164 64  168 68
42 16  168 64  172 68
43 16  172 64  176 68
44 16  176 64  180 68
45 16  180 64  184 68
46 16  184 64  188 68
47 16  188 64  192 68
48 16  192 64  196 68
49 16  196 64  200 68
50 16  200 64  204 68
51 16  204 64  208 68
52 16  208 64  212 68
53 16  212 64  216 68
54 16  216 64  220 68
55 16  220 64  224 68
56 16  224 64  228 68

#row 18 Col 3 -> 57
 2 17    8 68   12 72
 3 17   12 68   16 72
 4 17   16 68   20 72
 5 17   20 68   24 72
 6 17   24 68   28 72
 7 17   28 68   32 72
 8 17   32 68   36 72
 9 17   36 68   40 72
10 17   40 68   44 72
11 17   44 68   48 72
12 17   48 68   52 72
13 17   52 68   56 72
14 17   56 68   60 72
15 17   60 68   64 72
16 17   64 68   68 72
17 17   68 68   72 72
18 17   72 68   76 72
19 17   76 68   80 72
20 17   80 68   84 72
21 17   84 68   88 72
22 17   88 68   92 72
23 17   92 68   96 72
24 17   96 68  100 72
25 17  100 68  104 72
26 17  104 68  108 72
27 17  108 68  112 72
28 17  112 68  116 72
29 17  116 68  120 72
30 17  120 68  124 72
31 17  124 68  128 72
32 17  128 68  132 72
33 17  132 68  136 72
34 17  136 68  140 72
35 17  140 68  144 72
36 17  144 68  148 72
37 17  148 68  152 72
38 17  152 68  156 72
39 17  156 68  160 72
40 17  160 68  164 72
41 17  164 68  168 72
42 17  168 68  172 72
43 17  172 68  176 72
44 17  176 68  180 72
45 17  180 68  184 72
46 17  184 68  188 72
47 17  188 68  192 72
48 17  192 68  196 72
49 17  196 68  200 72
50 17  200 68  204 72
51 17  204 68  208 72
52 17  208 68  212 72
53 17  212 68  216 72
54 17  216 68  220 72
55 17  220 68  224 72
56 17  224 68  228 72

#row 19 Col 3 -> 57
 2 18    8 72   12 76
 3 18   12 72   16 76
 4 18   16 72   20 76
 5 18   20 72   24 76
 6 18   24 72   28 76
 7 18   28 72   32 76
 8 18   32 72   36 76
 9 18   36 72   40 76
10 18   40 72   44 76
11 18   44 72   48 76
12 18   48 72   52 76
13 18   52 72   56 76
14 18   56 72   60 76
15 18   60 72   64 76
16 18   64 72   68 76
17 18   68 72   72 76
18 18   72 72   76 76
19 18   76 72   80 76
20 18   80 72   84 76
21 18   84 72   88 76
22 18   88 72   92 76
23 18   92 72   96 76
24 18   96 72  100 76
25 18  100 72  104 76
26 18  104 72  108 76
27 18  108 72  112 76
28 18  112 72  116 76
29 18  116 72  120 76
30 18  120 72  124 76
31 18  124 72  128 76
32 18  128 72  132 76
33 18  132 72  136 76
34 18  136 72  140 76
35 18  140 72  144 76
36 18  144 72  148 76
37 18  148 72  152 76
38 18  152 72  156 76
39 18  156 72  160 76
40 18  160 72  164 76
41 18  164 72  168 76
42 18  168 72  172 76
43 18  172 72  176 76
44 18  176 72  180 76
45 18  180 72  184 76
46 18  184 72  188 76
47 18  188 72  192 76
48 18  192 72  196 76
49 18  196 72  200 76
50 18  200 72  204 76
51 18  204 72  208 76
52 18  208 72  212 76
53 18  212 72  216 76
54 18  216 72  220 76
55 18  220 72  224 76
56 18  224 72  228 76

#row 20 Col 2 -> 58
 1 19    4 76    8 80
 2 19    8 76   12 80
 3 19   12 76   16 80
 4 19   16 76   20 80
 5 19   20 76   24 80
 6 19   24 76   28 80
 7 19   28 76   32 80
 8 19   32 76   36 80
 9 19   36 76   40 80
10 19   40 76   44 80
11 19   44 76   48 80
12 19   48 76   52 80
13 19   52 76   56 80
14 19   56 76   60 80
15 19   60 76   64 80
16 19   64 76   68 80
17 19   68 76   72 80
18 19   72 76   76 80
40 19  160 76  164 80
41 19  164 76  168 80
42 19  168 76  172 80
43 19  172 76  176 80
44 19  176 76  180 80
45 19  180 76  184 80
46 19  184 76  188 80
47 19  188 76  192 80
48 19  192 76  196 80
49 19  196 76  200 80
50 19  200 76  204 80
51 19  204 76  208 80
52 19  208 76  212 80
53 19  212 76  216 80
54 19  216 76  220 80
55 19  220 76  224 80
56 19  224 76  228 80
57 19  228 76  232 80

#row 21 Col 2 -> 58
 1 20    4 80    8 84
 2 20    8 80   12 84
 3 20   12 80   16 84
 4 20   16 80   20 84
 5 20   20 80   24 84
 6 20   24 80   28 84
 7 20   28 80   32 84
 8 20   32 80   36 84
 9 20   36 80   40 84
10 20   40 80   44 84
11 20   44 80   48 84
12 20   48 80   52 84
13 20   52 80   56 84
14 20   56 80   60 84
15 20   60 80   64 84
16 20   64 80   68 84
17 20   68 80   72 84
18 20   72 80   76 84
40 20  160 80  164 84
41 20  164 80  168 84
42 20  168 80  172 84
43 20  172 80  176 84
44 20  176 80  180 84
45 20  180 80  184 84
46 20  184 80  188 84
47 20  188 80  192 84
48 20  192 80  196 84
49 20  196 80  200 84
50 20  200 80  204 84
51 20  204 80  208 84
52 20  208 80  212 84
53 20  212 80  216 84
54 20  216 80  220 84
55 20  220 80  224 84
56 20  224 80  228 84
57 20  228 80  232 84

#row 22 Col 2 -> 58
 1 21    4 84    8 88
 2 21    8 84   12 88
 3 21   12 84   16 88
 4 21   16 84   20 88
 5 21   20 84   24 88
 6 21   24 84   28 88
 7 21   28 84   32 88
 8 21   32 84   36 88
 9 21   36 84   40 88
10 21   40 84   44 88
11 21   44 84   48 88
12 21   48 84   52 88
13 21   52 84   56 88
14 21   56 84   60 88
15 21   60 84   64 88
16 21   64 84   68 88
17 21   68 84   72 88
18 21   72 84   76 88
40 21  160 84  164 88
41 21  164 84  168 88
42 21  168 84  172 88
43 21  172 84  176 88
44 21  176 84  180 88
45 21  180 84  184 88
46 21  184 84  188 88
47 21  188 84  192 88
48 21  192 84  196 88
49 21  196 84  200 88
50 21  200 84  204 88
51 21  204 84  208 88
52 21  208 84  212 88
53 21  212 84  216 88
54 21  216 84  220 88
55 21  220 84  224 88
56 21  224 84  228 88
57 21  228 84  232 88

#row 23 Col 1 -> 59
 0 22    0 88    4 92
 1 22    4 88    8 92
 2 22    8 88   12 92
 3 22   12 88   16 92
 4 22   16 88   20 92
 5 22   20 88   24 92
 6 22   24 88   28 92
 7 22   28 88   32 92
 8 22   32 88   36 92
 9 22   36 88   40 92
10 22   40 88   44 92
11 22   44 88   48 92
12 22   48 88   52 92
13 22   52 88   56 92
14 22   56 88   60 92
15 22   60 88   64 92
16 22   64 88   68 92
17 22   68 88   72 92
18 22   72 88   76 92
40 22  160 88  164 92
41 22  164 88  168 92
42 22  168 88  172 92
43 22  172 88  176 92
44 22  176 88  180 92
45 22  180 88  184 92
46 22  184 88  188 92
47 22  188 88  192 92
48 22  192 88  196 92
49 22  196 88  200 92
50 22  200 88  204 92
51 22  204 88  208 92
52 22  208 88  212 92
53 22  212 88  216 92
54 22  216 88  220 92
55 22  220 88  224 92
56 22  224 88  228 92
57 22  228 88  232 92
58 22  232 88  236 92

#row 24 Col 1 -> 59
 0 23    0 92    4 96
 1 23    4 92    8 96
 2 23    8 92   12 96
 3 23   12 92   16 96
 4 23   16 92   20 96
 5 23   20 92   24 96
 6 23   24 92   28 96
 7 23   28 92   32 96
 8 23   32 92   36 96
 9 23   36 92   40 96
10 23   40 92   44 96
11 23   44 92   48 96
12 23   48 92   52 96
13 23   52 92   56 96
14 23   56 92   60 96
15 23   60 92   64 96
16 23   64 92   68 96
17 23   68 92   72 96
18 23   72 92   76 96
40 23  160 92  164 96
41 23  164 92  168 96
42 23  168 92  172 96
43 23  172 92  176 96
44 23  176 92  180 96
45 23  180 92  184 96
46 23  184 92  188 96
47 23  188 92  192 96
48 23  192 92  196 96
49 23  196 92  200 96
50 23  200 92  204 96
51 23  204 92  208 96
52 23  208 92  212 96
53 23  212 92  216 96
54 23  216 92  220 96
55 23  220 92  224 96
56 23  224 92  228 96
57 23  228 92  232 96
58 23  232 92  236 96

#row 25 Col 1 -> 59
 0 24    0 96    4 100
 1 24    4 96    8 100
 2 24    8 96   12 100
 3 24   12 96   16 100
 4 24   16 96   20 100
 5 24   20 96   24 100
 6 24   24 96   28 100
 7 24   28 96   32 100
 8 24   32 96   36 100
 9 24   36 96   40 100
10 24   40 96   44 100
11 24   44 96   48 100
12 24   48 96   52 100
13 24   52 96   56 100
14 24   56 96   60 100
15 24   60 96   64 100
16 24   64 96   68 100
17 24   68 96   72 100
18 24   72 96   76 100
40 24  160 96  164 100
41 24  164 96  168 100
42 24  168 96  172 100
43 24  172 96  176 100
44 24  176 96  180 100
45 24  180 96  184 100
46 24  184 96  188 100
47 24  188 96  192 100
48 24  192 96  196 100
49 24  196 96  200 100
50 24  200 96  204 100
51 24  204 96  208 100
52 24  208 96  212 100
53 24  212 96  216 100
54 24  216 96  220 100
55 24  220 96  224 100
56 24  224 96  228 100
57 24  228 96  232 100
58 24  232 96  236 100

#row 26 Col 1 -> 59
 0 25    0 100    4 104
 1 25    4 100    8 104
 2 25    8 100   12 104
 3 25   12 100   16 104
 4 25   16 100   20 104
 5 25   20 100   24 104
 6 25   24 100   28 104
 7 25   28 100   32 104
 8 25   32 100   36 104
 9 25   36 100   40 104
10 25   40 100   44 104
11 25   44 100   48 104
12 25   48 100   52 104
13 25   52 100   56 104
14 25   56 100   60 104
15 25   60 100   64 104
16 25   64 100   68 104
17 25   68 100   72 104
18 25   72 100   76 104
40 25  160 100  164 104
41 25  164 100  168 104
42 25  168 100  172 104
43 25  172 100  176 104
44 25  176 100  180 104
45 25  180 100  184 104
46 25  184 100  188 104
47 25  188 100  192 104
48 25  192 100  196 104
49 25  196 100  200 104
50 25  200 100  204 104
51 25  204 100  208 104
52 25  208 100  212 104
53 25  212 100  216 104
54 25  216 100  220 104
55 25  220 100  224 104
56 25  224 100  228 104
57 25  228 100  232 104
58 25  232 100  236 104

#row 27 Col 1 -> 59
 0 26    0 104    4 108
 1 26    4 104    8 108
 2 26    8 104   12 108
 3 26   12 104   16 108
 4 26   16 104   20 108
 5 26   20 104   24 108
 6 26   24 104   28 108
 7 26   28 104   32 108
 8 26   32 104   36 108
 9 26   36 104   40 108
10 26   40 104   44 108
11 26   44 104   48 108
12 26   48 104   52 108
13 26   52 104   56 108
14 26   56 104   60 108
15 26   60 104   64 108
16 26   64 104   68 108
17 26   68 104   72 108
18 26   72 104   76 108
40 26  160 104  164 108
41 26  164 104  168 108
42 26  168 104  172 108
43 26  172 104  176 108
44 26  176 104  180 108
45 26  180 104  184 108
46 26  184 104  188 108
47 26  188 104  192 108
48 26  192 104  196 108
49 26  196 104  200 108
50 26  200 104  204 108
51 26  204 104  208 108
52 26  208 104  212 108
53 26  212 104  216 108
54 26  216 104  220 108
55 26  220 104  224 108
56 26  224 104  228 108
57 26  228 104  232 108
58 26  232 104  236 108

#row 28 Col 1 -> 59
 0 27    0 108    4 112
 1 27    4 108    8 112
 2 27    8 108   12 112
 3 27   12 108   16 112
 4 27   16 108   20 112
 5 27   20 108   24 112
 6 27   24 108   28 112
 7 27   28 108   32 112
 8 27   32 108   36 112
 9 27   36 108   40 112
10 27   40 108   44 112
11 27   44 108   48 112
12 27   48 108   52 112
13 27   52 108   56 112
14 27   56 108   60 112
15 27   60 108   64 112
16 27   64 108   68 112
17 27   68 108   72 112
18 27   72 108   76 112
40 27  160 108  164 112
41 27  164 108  168 112
42 27  168 108  172 112
43 27  172 108  176 112
44 27  176 108  180 112
45 27  180 108  184 112
46 27  184 108  188 112
47 27  188 108  192 112
48 27  192 108  196 112
49 27  196 108  200 112
50 27  200 108  204 112
51 27  204 108  208 112
52 27  208 108  212 112
53 27  212 108  216 112
54 27  216 108  220 112
55 27  220 108  224 112
56 27  224 108  228 112
57 27  228 108  232 112
58 27  232 108  236 112

#row 29 Col 1 -> 59
 0 28    0 112    4 116
 1 28    4 112    8 116
 2 28    8 112   12 116
 3 28   12 112   16 116
 4 28   16 112   20 116
 5 28   20 112   24 116
 6 28   24 112   28 116
 7 28   28 112   32 116
 8 28   32 112   36 116
 9 28   36 112   40 116
10 28   40 112   44 116
11 28   44 112   48 116
12 28   48 112   52 116
13 28   52 112   56 116
14 28   56 112   60 116
15 28   60 112   64 116
16 28   64 112   68 116
17 28   68 112   72 116
18 28   72 112   76 116
40 28  160 112  164 116
41 28  164 112  168 116
42 28  168 112  172 116
43 28  172 112  176 116
44 28  176 112  180 116
45 28  180 112  184 116
46 28  184 112  188 116
47 28  188 112  192 116
48 28  192 112  196 116
49 28  196 112  200 116
50 28  200 112  204 116
51 28  204 112  208 116
52 28  208 112  212 116
53 28  212 112  216 116
54 28  216 112  220 116
55 28  220 112  224 116
56 28  224 112  228 116
57 28  228 112  232 116
58 28  232 112  236 116

#row 30 Col 1 -> 59
 0 29    0 116    4 120
 1 29    4 116    8 120
 2 29    8 116   12 120
 3 29   12 116   16 120
 4 29   16 116   20 120
 5 29   20 116   24 120
 6 29   24 116   28 120
 7 29   28 116   32 120
 8 29   32 116   36 120
 9 29   36 116   40 120
10 29   40 116   44 120
11 29   44 116   48 120
12 29   48 116   52 120
13 29   52 116   56 120
14 29   56 116   60 120
15 29   60 116   64 120
16 29   64 116   68 120
17 29   68 116   72 120
18 29   72 116   76 120
40 29  160 116  164 120
41 29  164 116  168 120
42 29  168 116  172 120
43 29  172 116  176 120
44 29  176 116  180 120
45 29  180 116  184 120
46 29  184 116  188 120
47 29  188 116  192 120
48 29  192 116  196 120
49 29  196 116  200 120
50 29  200 116  204 120
51 29  204 116  208 120
52 29  208 116  212 120
53 29  212 116  216 120
54 29  216 116  220 120
55 29  220 116  224 120
56 29  224 116  228 120
57 29  228 116  232 120
58 29  232 116  236 120

#row 31 Col 1 -> 59
 0 30    0 120    4 124
 1 30    4 120    8 124
 2 30    8 120   12 124
 3 30   12 120   16 124
 4 30   16 120   20 124
 5 30   20 120   24 124
 6 30   24 120   28 124
 7 30   28 120   32 124
 8 30   32 120   36 124
 9 30   36 120   40 124
10 30   40 120   44 124
11 30   44 120   48 124
12 30   48 120   52 124
13 30   52 120   56 124
14 30   56 120   60 124
15 30   60 120   64 124
16 30   64 120   68 124
17 30   68 120   72 124
18 30   72 120   76 124
40 30  160 120  164 124
41 30  164 120  168 124
42 30  168 120  172 124
43 30  172 120  176 124
44 30  176 120  180 124
45 30  180 120  184 124
46 30  184 120  188 124
47 30  188 120  192 124
48 30  192 120  196 124
49 30  196 120  200 124
50 30  200 120  204 124
51 30  204 120  208 124
52 30  208 120  212 124
53 30  212 120  216 124
54 30  216 120  220 124
55 30  220 120  224 124
56 30  224 120  228 124
57 30  228 120  232 124
58 30  232 120  236 124

#row 32 Col 1 -> 59
 0 31    0 124    4 128
 1 31    4 124    8 128
 2 31    8 124   12 128
 3 31   12 124   16 128
 4 31   16 124   20 128
 5 31   20 124   24 128
 6 31   24 124   28 128
 7 31   28 124   32 128
 8 31   32 124   36 128
 9 31   36 124   40 128
10 31   40 124   44 128
11 31   44 124   48 128
12 31   48 124   52 128
13 31   52 124   56 128
14 31   56 124   60 128
15 31   60 124   64 128
16 31   64 124   68 128
17 31   68 124   72 128
18 31   72 124   76 128
40 31  160 124  164 128
41 31  164 124  168 128
42 31  168 124  172 128
43 31  172 124  176 128
44 31  176 124  180 128
45 31  180 124  184 128
46 31  184 124  188 128
47 31  188 124  192 128
48 31  192 124  196 128
49 31  196 124  200 128
50 31  200 124  204 128
51 31  204 124  208 128
52 31  208 124  212 128
53 31  212 124  216 128
54 31  216 124  220 128
55 31  220 124  224 128
56 31  224 124  228 128
57 31  228 124  232 128
58 31  232 124  236 128

#row 33 Col 1 -> 59
 0 32    0 128    4 132
 1 32    4 128    8 132
 2 32    8 128   12 132
 3 32   12 128   16 132
 4 32   16 128   20 132
 5 32   20 128   24 132
 6 32   24 128   28 132
 7 32   28 128   32 132
 8 32   32 128   36 132
 9 32   36 128   40 132
10 32   40 128   44 132
11 32   44 128   48 132
12 32   48 128   52 132
13 32   52 128   56 132
14 32   56 128   60 132
15 32   60 128   64 132
16 32   64 128   68 132
17 32   68 128   72 132
18 32   72 128   76 132
40 32  160 128  164 132
41 32  164 128  168 132
42 32  168 128  172 132
43 32  172 128  176 132
44 32  176 128  180 132
45 32  180 128  184 132
46 32  184 128  188 132
47 32  188 128  192 132
48 32  192 128  196 132
49 32  196 128  200 132
50 32  200 128  204 132
51 32  204 128  208 132
52 32  208 128  212 132
53 32  212 128  216 132
54 32  216 128  220 132
55 32  220 128  224 132
56 32  224 128  228 132
57 32  228 128  232 132
58 32  232 128  236 132

#row 34 Col 1 -> 59
 0 33    0 132    4 136
 1 33    4 132    8 136
 2 33    8 132   12 136
 3 33   12 132   16 136
 4 33   16 132   20 136
 5 33   20 132   24 136
 6 33   24 132   28 136
 7 33   28 132   32 136
 8 33   32 132   36 136
 9 33   36 132   40 136
10 33   40 132   44 136
11 33   44 132   48 136
12 33   48 132   52 136
13 33   52 132   56 136
14 33   56 132   60 136
15 33   60 132   64 136
16 33   64 132   68 136
17 33   68 132   72 136
18 33   72 132   76 136
40 33  160 132  164 136
41 33  164 132  168 136
42 33  168 132  172 136
43 33  172 132  176 136
44 33  176 132  180 136
45 33  180 132  184 136
46 33  184 132  188 136
47 33  188 132  192 136
48 33  192 132  196 136
49 33  196 132  200 136
50 33  200 132  204 136
51 33  204 132  208 136
52 33  208 132  212 136
53 33  212 132  216 136
54 33  216 132  220 136
55 33  220 132  224 136
56 33  224 132  228 136
57 33  228 132  232 136
58 33  232 132  236 136

#row 35 Col 1 -> 59
 0 34    0 136    4 140
 1 34    4 136    8 140
 2 34    8 136   12 140
 3 34   12 136   16 140
 4 34   16 136   20 140
 5 34   20 136   24 140
 6 34   24 136   28 140
 7 34   28 136   32 140
 8 34   32 136   36 140
 9 34   36 136   40 140
10 34   40 136   44 140
11 34   44 136   48 140
12 34   48 136   52 140
13 34   52 136   56 140
14 34   56 136   60 140
15 34   60 136   64 140
16 34   64 136   68 140
17 34   68 136   72 140
18 34   72 136   76 140
40 34  160 136  164 140
41 34  164 136  168 140
42 34  168 136  172 140
43 34  172 136  176 140
44 34  176 136  180 140
45 34  180 136  184 140
46 34  184 136  188 140
47 34  188 136  192 140
48 34  192 136  196 140
49 34  196 136  200 140
50 34  200 136  204 140
51 34  204 136  208 140
52 34  208 136  212 140
53 34  212 136  216 140
54 34  216 136  220 140
55 34  220 136  224 140
56 34  224 136  228 140
57 34  228 136  232 140
58 34  232 136  236 140

#row 36 Col 1 -> 59
 0 35    0 140    4 144
 1 35    4 140    8 144
 2 35    8 140   12 144
 3 35   12 140   16 144
 4 35   16 140   20 144
 5 35   20 140   24 144
 6 35   24 140   28 144
 7 35   28 140   32 144
 8 35   32 140   36 144
 9 35   36 140   40 144
10 35   40 140   44 144
11 35   44 140   48 144
12 35   48 140   52 144
13 35   52 140   56 144
14 35   56 140   60 144
15 35   60 140   64 144
16 35   64 140   68 144
17 35   68 140   72 144
18 35   72 140   76 144
40 35  160 140  164 144
41 35  164 140  168 144
42 35  168 140  172 144
43 35  172 140  176 144
44 35  176 140  180 144
45 35  180 140  184 144
46 35  184 140  188 144
47 35  188 140  192 144
48 35  192 140  196 144
49 35  196 140  200 144
50 35  200 140  204 144
51 35  204 140  208 144
52 35  208 140  212 144
53 35  212 140  216 144
54 35  216 140  220 144
55 35  220 140  224 144
56 35  224 140  228 144
57 35  228 140  232 144
58 35  232 140  236 144

#row 37 Col 1 -> 59
 0 36    0 144    4 148
 1 36    4 144    8 148
 2 36    8 144   12 148
 3 36   12 144   16 148
 4 36   16 144   20 148
 5 36   20 144   24 148
 6 36   24 144   28 148
 7 36   28 144   32 148
 8 36   32 144   36 148
 9 36   36 144   40 148
10 36   40 144   44 148
11 36   44 144   48 148
12 36   48 144   52 148
13 36   52 144   56 148
14 36   56 144   60 148
15 36   60 144   64 148
16 36   64 144   68 148
17 36   68 144   72 148
18 36   72 144   76 148
40 36  160 144  164 148
41 36  164 144  168 148
42 36  168 144  172 148
43 36  172 144  176 148
44 36  176 144  180 148
45 36  180 144  184 148
46 36  184 144  188 148
47 36  188 144  192 148
48 36  192 144  196 148
49 36  196 144  200 148
50 36  200 144  204 148
51 36  204 144  208 148
52 36  208 144  212 148
53 36  212 144  216 148
54 36  216 144  220 148
55 36  220 144  224 148
56 36  224 144  228 148
57 36  228 144  232 148
58 36  232 144  236 148

#row 38 Col 2 -> 58
 1 37    4 148    8 152
 2 37    8 148   12 152
 3 37   12 148   16 152
 4 37   16 148   20 152
 5 37   20 148   24 152
 6 37   24 148   28 152
 7 37   28 148   32 152
 8 37   32 148   36 152
 9 37   36 148   40 152
10 37   40 148   44 152
11 37   44 148   48 152
12 37   48 148   52 152
13 37   52 148   56 152
14 37   56 148   60 152
15 37   60 148   64 152
16 37   64 148   68 152
17 37   68 148   72 152
18 37   72 148   76 152
40 37  160 148  164 152
41 37  164 148  168 152
42 37  168 148  172 152
43 37  172 148  176 152
44 37  176 148  180 152
45 37  180 148  184 152
46 37  184 148  188 152
47 37  188 148  192 152
48 37  192 148  196 152
49 37  196 148  200 152
50 37  200 148  204 152
51 37  204 148  208 152
52 37  208 148  212 152
53 37  212 148  216 152
54 37  216 148  220 152
55 37  220 148  224 152
56 37  224 148  228 152
57 37  228 148  232 152

#row 39 Col 2 -> 58
 1 38    4 152    8 156
 2 38    8 152   12 156
 3 38   12 152   16 156
 4 38   16 152   20 156
 5 38   20 152   24 156
 6 38   24 152   28 156
 7 38   28 152   32 156
 8 38   32 152   36 156
 9 38   36 152   40 156
10 38   40 152   44 156
11 38   44 152   48 156
12 38   48 152   52 156
13 38   52 152   56 156
14 38   56 152   60 156
15 38   60 152   64 156
16 38   64 152   68 156
17 38   68 152   72 156
18 38   72 152   76 156
40 38  160 152  164 156
41 38  164 152  168 156
42 38  168 152  172 156
43 38  172 152  176 156
44 38  176 152  180 156
45 38  180 152  184 156
46 38  184 152  188 156
47 38  188 152  192 156
48 38  192 152  196 156
49 38  196 152  200 156
50 38  200 152  204 156
51 38  204 152  208 156
52 38  208 152  212 156
53 38  212 152  216 156
54 38  216 152  220 156
55 38  220 152  224 156
56 38  224 152  228 156
57 38  228 152  232 156

#row 40 Col 2 -> 58
 1 39    4 156    8 160
 2 39    8 156   12 160
 3 39   12 156   16 160
 4 39   16 156   20 160
 5 39   20 156   24 160
 6 39   24 156   28 160
 7 39   28 156   32 160
 8 39   32 156   36 160
 9 39   36 156   40 160
10 39   40 156   44 160
11 39   44 156   48 160
12 39   48 156   52 160
13 39   52 156   56 160
14 39   56 156   60 160
15 39   60 156   64 160
16 39   64 156   68 160
17 39   68 156   72 160
18 39   72 156   76 160
40 39  160 156  164 160
41 39  164 156  168 160
42 39  168 156  172 160
43 39  172 156  176 160
44 39  176 156  180 160
45 39  180 156  184 160
46 39  184 156  188 160
47 39  188 156  192 160
48 39  192 156  196 160
49 39  196 156  200 160
50 39  200 156  204 160
51 39  204 156  208 160
52 39  208 156  212 160
53 39  212 156  216 160
54 39  216 156  220 160
55 39  220 156  224 160
56 39  224 156  228 160
57 39  228 156  232 160

#row 41 Col 3 -> 57
 2 40    8 160   12 164
 3 40   12 160   16 164
 4 40   16 160   20 164
 5 40   20 160   24 164
 6 40   24 160   28 164
 7 40   28 160   32 164
 8 40   32 160   36 164
 9 40   36 160   40 164
10 40   40 160   44 164
11 40   44 160   48 164
12 40   48 160   52 164
13 40   52 160   56 164
14 40   56 160   60 164
15 40   60 160   64 164
16 40   64 160   68 164
17 40   68 160   72 164
18 40   72 160   76 164
19 40   76 160   80 164
20 40   80 160   84 164
21 40   84 160   88 164
22 40   88 160   92 164
23 40   92 160   96 164
24 40   96 160  100 164
25 40  100 160  104 164
26 40  104 160  108 164
27 40  108 160  112 164
28 40  112 160  116 164
29 40  116 160  120 164
30 40  120 160  124 164
31 40  124 160  128 164
32 40  128 160  132 164
33 40  132 160  136 164
34 40  136 160  140 164
35 40  140 160  144 164
36 40  144 160  148 164
37 40  148 160  152 164
38 40  152 160  156 164
39 40  156 160  160 164
40 40  160 160  164 164
41 40  164 160  168 164
42 40  168 160  172 164
43 40  172 160  176 164
44 40  176 160  180 164
45 40  180 160  184 164
46 40  184 160  188 164
47 40  188 160  192 164
48 40  192 160  196 164
49 40  196 160  200 164
50 40  200 160  204 164
51 40  204 160  208 164
52 40  208 160  212 164
53 40  212 160  216 164
54 40  216 160  220 164
55 40  220 160  224 164
56 40  224 160  228 164

#row 42 Col 3 -> 57
 2 41    8 164   12 168
 3 41   12 164   16 168
 4 41   16 164   20 168
 5 41   20 164   24 168
 6 41   24 164   28 168
 7 41   28 164   32 168
 8 41   32 164   36 168
 9 41   36 164   40 168
10 41   40 164   44 168
11 41   44 164   48 168
12 41   48 164   52 168
13 41   52 164   56 168
14 41   56 164   60 168
15 41   60 164   64 168
16 41   64 164   68 168
17 41   68 164   72 168
18 41   72 164   76 168
19 41   76 164   80 168
20 41   80 164   84 168
21 41   84 164   88 168
22 41   88 164   92 168
23 41   92 164   96 168
24 41   96 164  100 168
25 41  100 164  104 168
26 41  104 164  108 168
27 41  108 164  112 168
28 41  112 164  116 168
29 41  116 164  120 168
30 41  120 164  124 168
31 41  124 164  128 168
32 41  128 164  132 168
33 41  132 164  136 168
34 41  136 164  140 168
35 41  140 164  144 168
36 41  144 164  148 168
37 41  148 164  152 168
38 41  152 164  156 168
39 41  156 164  160 168
40 41  160 164  164 168
41 41  164 164  168 168
42 41  168 164  172 168
43 41  172 164  176 168
44 41  176 164  180 168
45 41  180 164  184 168
46 41  184 164  188 168
47 41  188 164  192 168
48 41  192 164  196 168
49 41  196 164  200 168
50 41  200 164  204 168
51 41  204 164  208 168
52 41  208 164  212 168
53 41  212 164  216 168
54 41  216 164  220 168
55 41  220 164  224 168
56 41  224 164  228 168

#row 43 Col 4 -> 57
 3 42   12 168   16 172
 4 42   16 168   20 172
 5 42   20 168   24 172
 6 42   24 168   28 172
 7 42   28 168   32 172
 8 42   32 168   36 172
 9 42   36 168   40 172
10 42   40 168   44 172
11 42   44 168   48 172
12 42   48 168   52 172
13 42   52 168   56 172
14 42   56 168   60 172
15 42   60 168   64 172
16 42   64 168   68 172
17 42   68 168   72 172
18 42   72 168   76 172
19 42   76 168   80 172
20 42   80 168   84 172
21 42   84 168   88 172
22 42   88 168   92 172
23 42   92 168   96 172
24 42   96 168  100 172
25 42  100 168  104 172
26 42  104 168  108 172
27 42  108 168  112 172
28 42  112 168  116 172
29 42  116 168  120 172
30 42  120 168  124 172
31 42  124 168  128 172
32 42  128 168  132 172
33 42  132 168  136 172
34 42  136 168  140 172
35 42  140 168  144 172
36 42  144 168  148 172
37 42  148 168  152 172
38 42  152 168  156 172
39 42  156 168  160 172
40 42  160 168  164 172
41 42  164 168  168 172
42 42  168 168  172 172
43 42  172 168  176 172
44 42  176 168  180 172
45 42  180 168  184 172
46 42  184 168  188 172
47 42  188 168  192 172
48 42  192 168  196 172
49 42  196 168  200 172
50 42  200 168  204 172
51 42  204 168  208 172
52 42  208 168  212 172
53 42  212 168  216 172
54 42  216 168  220 172
55 42  220 168  224 172
56 42  224 168  228 172

#row 44 Col 4 -> 57
 3 43   12 172   16 176
 4 43   16 172   20 176
 5 43   20 172   24 176
 6 43   24 172   28 176
 7 43   28 172   32 176
 8 43   32 172   36 176
 9 43   36 172   40 176
10 43   40 172   44 176
11 43   44 172   48 176
12 43   48 172   52 176
13 43   52 172   56 176
14 43   56 172   60 176
15 43   60 172   64 176
16 43   64 172   68 176
17 43   68 172   72 176
18 43   72 172   76 176
19 43   76 172   80 176
20 43   80 172   84 176
21 43   84 172   88 176
22 43   88 172   92 176
23 43   92 172   96 176
24 43   96 172  100 176
25 43  100 172  104 176
26 43  104 172  108 176
27 43  108 172  112 176
28 43  112 172  116 176
29 43  116 172  120 176
30 43  120 172  124 176
31 43  124 172  128 176
32 43  128 172  132 176
33 43  132 172  136 176
34 43  136 172  140 176
35 43  140 172  144 176
36 43  144 172  148 176
37 43  148 172  152 176
38 43  152 172  156 176
39 43  156 172  160 176
40 43  160 172  164 176
41 43  164 172  168 176
42 43  168 172  172 176
43 43  172 172  176 176
44 43  176 172  180 176
45 43  180 172  184 176
46 43  184 172  188 176
47 43  188 172  192 176
48 43  192 172  196 176
49 43  196 172  200 176
50 43  200 172  204 176
51 43  204 172  208 176
52 43  208 172  212 176
53 43  212 172  216 176
54 43  216 172  220 176
55 43  220 172  224 176
56 43  224 172  228 176

#row 45 Col 5 -> 55
 4 44   16 176   20 180
 5 44   20 176   24 180
 6 44   24 176   28 180
 7 44   28 176   32 180
 8 44   32 176   36 180
 9 44   36 176   40 180
10 44   40 176   44 180
11 44   44 176   48 180
12 44   48 176   52 180
13 44   52 176   56 180
14 44   56 176   60 180
15 44   60 176   64 180
16 44   64 176   68 180
17 44   68 176   72 180
18 44   72 176   76 180
19 44   76 176   80 180
20 44   80 176   84 180
21 44   84 176   88 180
22 44   88 176   92 180
23 44   92 176   96 180
24 44   96 176  100 180
25 44  100 176  104 180
26 44  104 176  108 180
27 44  108 176  112 180
28 44  112 176  116 180
29 44  116 176  120 180
30 44  120 176  124 180
31 44  124 176  128 180
32 44  128 176  132 180
33 44  132 176  136 180
34 44  136 176  140 180
35 44  140 176  144 180
36 44  144 176  148 180
37 44  148 176  152 180
38 44  152 176  156 180
39 44  156 176  160 180
40 44  160 176  164 180
41 44  164 176  168 180
42 44  168 176  172 180
43 44  172 176  176 180
44 44  176 176  180 180
45 44  180 176  184 180
46 44  184 176  188 180
47 44  188 176  192 180
48 44  192 176  196 180
49 44  196 176  200 180
50 44  200 176  204 180
51 44  204 176  208 180
52 44  208 176  212 180
53 44  212 176  216 180
54 44  216 176  220 180

#row 46 Col 5 -> 55
 4 45   16 180   20 184
 5 45   20 180   24 184
 6 45   24 180   28 184
 7 45   28 180   32 184
 8 45   32 180   36 184
 9 45   36 180   40 184
10 45   40 180   44 184
11 45   44 180   48 184
12 45   48 180   52 184
13 45   52 180   56 184
14 45   56 180   60 184
15 45   60 180   64 184
16 45   64 180   68 184
17 45   68 180   72 184
18 45   72 180   76 184
19 45   76 180   80 184
20 45   80 180   84 184
21 45   84 180   88 184
22 45   88 180   92 184
23 45   92 180   96 184
24 45   96 180  100 184
25 45  100 180  104 184
26 45  104 180  108 184
27 45  108 180  112 184
28 45  112 180  116 184
29 45  116 180  120 184
30 45  120 180  124 184
31 45  124 180  128 184
32 45  128 180  132 184
33 45  132 180  136 184
34 45  136 180  140 184
35 45  140 180  144 184
36 45  144 180  148 184
37 45  148 180  152 184
38 45  152 180  156 184
39 45  156 180  160 184
40 45  160 180  164 184
41 45  164 180  168 184
42 45  168 180  172 184
43 45  172 180  176 184
44 45  176 180  180 184
45 45  180 180  184 184
46 45  184 180  188 184
47 45  188 180  192 184
48 45  192 180  196 184
49 45  196 180  200 184
50 45  200 180  204 184
51 45  204 180  208 184
52 45  208 180  212 184
53 45  212 180  216 184
54 45  216 180  220 184

#row 47 Col 6 -> 54
 5 46   20 184   24 188
 6 46   24 184   28 188
 7 46   28 184   32 188
 8 46   32 184   36 188
 9 46   36 184   40 188
10 46   40 184   44 188
11 46   44 184   48 188
12 46   48 184   52 188
13 46   52 184   56 188
14 46   56 184   60 188
15 46   60 184   64 188
16 46   64 184   68 188
17 46   68 184   72 188
18 46   72 184   76 188
19 46   76 184   80 188
20 46   80 184   84 188
21 46   84 184   88 188
22 46   88 184   92 188
23 46   92 184   96 188
24 46   96 184  100 188
25 46  100 184  104 188
26 46  104 184  108 188
27 46  108 184  112 188
28 46  112 184  116 188
29 46  116 184  120 188
30 46  120 184  124 188
31 46  124 184  128 188
32 46  128 184  132 188
33 46  132 184  136 188
34 46  136 184  140 188
35 46  140 184  144 188
36 46  144 184  148 188
37 46  148 184  152 188
38 46  152 184  156 188
39 46  156 184  160 188
40 46  160 184  164 188
41 46  164 184  168 188
42 46  168 184  172 188
43 46  172 184  176 188
44 46  176 184  180 188
45 46  180 184  184 188
46 46  184 184  188 188
47 46  188 184  192 188
48 46  192 184  196 188
49 46  196 184  200 188
50 46  200 184  204 188
51 46  204 184  208 188
52 46  208 184  212 188
53 46  212 184  216 188

#row 48 Col 7 -> 53
 6 47   24 188   28 192
 7 47   28 188   32 192
 8 47   32 188   36 192
 9 47   36 188   40 192
10 47   40 188   44 192
11 47   44 188   48 192
12 47   48 188   52 192
13 47   52 188   56 192
14 47   56 188   60 192
15 47   60 188   64 192
16 47   64 188   68 192
17 47   68 188   72 192
18 47   72 188   76 192
19 47   76 188   80 192
20 47   80 188   84 192
21 47   84 188   88 192
22 47   88 188   92 192
23 47   92 188   96 192
24 47   96 188  100 192
25 47  100 188  104 192
26 47  104 188  108 192
27 47  108 188  112 192
28 47  112 188  116 192
29 47  116 188  120 192
30 47  120 188  124 192
31 47  124 188  128 192
32 47  128 188  132 192
33 47  132 188  136 192
34 47  136 188  140 192
35 47  140 188  144 192
36 47  144 188  148 192
37 47  148 188  152 192
38 47  152 188  156 192
39 47  156 188  160 192
40 47  160 188  164 192
41 47  164 188  168 192
42 47  168 188  172 192
43 47  172 188  176 192
44 47  176 188  180 192
45 47  180 188  184 192
46 47  184 188  188 192
47 47  188 188  192 192
48 47  192 188  196 192
49 47  196 188  200 192
50 47  200 188  204 192
51 47  204 188  208 192
52 47  208 188  212 192

#row 49 Col 7 -> 53
 6 48   24 192   28 196
 7 48   28 192   32 196
 8 48   32 192   36 196
 9 48   36 192   40 196
10 48   40 192   44 196
11 48   44 192   48 196
12 48   48 192   52 196
13 48   52 192   56 196
14 48   56 192   60 196
15 48   60 192   64 196
16 48   64 192   68 196
17 48   68 192   72 196
18 48   72 192   76 196
19 48   76 192   80 196
20 48   80 192   84 196
21 48   84 192   88 196
22 48   88 192   92 196
23 48   92 192   96 196
24 48   96 192  100 196
25 48  100 192  104 196
26 48  104 192  108 196
27 48  108 192  112 196
28 48  112 192  116 196
29 48  116 192  120 196
30 48  120 192  124 196
31 48  124 192  128 196
32 48  128 192  132 196
33 48  132 192  136 196
34 48  136 192  140 196
35 48  140 192  144 196
36 48  144 192  148 196
37 48  148 192  152 196
38 48  152 192  156 196
39 48  156 192  160 196
40 48  160 192  164 196
41 48  164 192  168 196
42 48  168 192  172 196
43 48  172 192  176 196
44 48  176 192  180 196
45 48  180 192  184 196
46 48  184 192  188 196
47 48  188 192  192 196
48 48  192 192  196 196
49 48  196 192  200 196
50 48  200 192  204 196
51 48  204 192  208 196
52 48  208 192  212 196

#row 50 Col 8 -> 52
 7 49   28 196   32 200
 8 49   32 196   36 200
 9 49   36 196   40 200
10 49   40 196   44 200
11 49   44 196   48 200
12 49   48 196   52 200
13 49   52 196   56 200
14 49   56 196   60 200
15 49   60 196   64 200
16 49   64 196   68 200
17 49   68 196   72 200
18 49   72 196   76 200
19 49   76 196   80 200
20 49   80 196   84 200
21 49   84 196   88 200
22 49   88 196   92 200
23 49   92 196   96 200
24 49   96 196  100 200
25 49  100 196  104 200
26 49  104 196  108 200
27 49  108 196  112 200
28 49  112 196  116 200
29 49  116 196  120 200
30 49  120 196  124 200
31 49  124 196  128 200
32 49  128 196  132 200
33 49  132 196  136 200
34 49  136 196  140 200
35 49  140 196  144 200
36 49  144 196  148 200
37 49  148 196  152 200
38 49  152 196  156 200
39 49  156 196  160 200
40 49  160 196  164 200
41 49  164 196  168 200
42 49  168 196  172 200
43 49  172 196  176 200
44 49  176 196  180 200
45 49  180 196  184 200
46 49  184 196  188 200
47 49  188 196  192 200
48 49  192 196  196 200
49 49  196 196  200 200
50 49  200 196  204 200
51 49  204 196  208 200

#row 51 Col 9 -> 51
 8 50   32 200   36 204
 9 50   36 200   40 204
10 50   40 200   44 204
11 50   44 200   48 204
12 50   48 200   52 204
13 50   52 200   56 204
14 50   56 200   60 204
15 50   60 200   64 204
16 50   64 200   68 204
17 50   68 200   72 204
18 50   72 200   76 204
19 50   76 200   80 204
20 50   80 200   84 204
21 50   84 200   88 204
22 50   88 200   92 204
23 50   92 200   96 204
24 50   96 200  100 204
25 50  100 200  104 204
26 50  104 200  108 204
27 50  108 200  112 204
28 50  112 200  116 204
29 50  116 200  120 204
30 50  120 200  124 204
31 50  124 200  128 204
32 50  128 200  132 204
33 50  132 200  136 204
34 50  136 200  140 204
35 50  140 200  144 204
36 50  144 200  148 204
37 50  148 200  152 204
38 50  152 200  156 204
39 50  156 200  160 204
40 50  160 200  164 204
41 50  164 200  168 204
42 50  168 200  172 204
43 50  172 200  176 204
44 50  176 200  180 204
45 50  180 200  184 204
46 50  184 200  188 204
47 50  188 200  192 204
48 50  192 200  196 204
49 50  196 200  200 204
50 50  200 200  204 204

#row 52 Col 10 -> 50
 9 51   36 204   40 208
10 51   40 204   44 208
11 51   44 204   48 208
12 51   48 204   52 208
13 51   52 204   56 208
14 51   56 204   60 208
15 51   60 204   64 208
16 51   64 204   68 208
17 51   68 204   72 208
18 51   72 204   76 208
19 51   76 204   80 208
20 51   80 204   84 208
21 51   84 204   88 208
22 51   88 204   92 208
23 51   92 204   96 208
24 51   96 204  100 208
25 51  100 204  104 208
26 51  104 204  108 208
27 51  108 204  112 208
28 51  112 204  116 208
29 51  116 204  120 208
30 51  120 204  124 208
31 51  124 204  128 208
32 51  128 204  132 208
33 51  132 204  136 208
34 51  136 204  140 208
35 51  140 204  144 208
36 51  144 204  148 208
37 51  148 204  152 208
38 51  152 204  156 208
39 51  156 204  160 208
40 51  160 204  164 208
41 51  164 204  168 208
42 51  168 204  172 208
43 51  172 204  176 208
44 51  176 204  180 208
45 51  180 204  184 208
46 51  184 204  188 208
47 51  188 204  192 208
48 51  192 204  196 208
49 51  196 204  200 208

#row 53 Col 11 -> 49
10 52   40 208   44 212
11 52   44 208   48 212
12 52   48 208   52 212
13 52   52 208   56 212
14 52   56 208   60 212
15 52   60 208   64 212
16 52   64 208   68 212
17 52   68 208   72 212
18 52   72 208   76 212
19 52   76 208   80 212
20 52   80 208   84 212
21 52   84 208   88 212
22 52   88 208   92 212
23 52   92 208   96 212
24 52   96 208  100 212
25 52  100 208  104 212
26 52  104 208  108 212
27 52  108 208  112 212
28 52  112 208  116 212
29 52  116 208  120 212
30 52  120 208  124 212
31 52  124 208  128 212
32 52  128 208  132 212
33 52  132 208  136 212
34 52  136 208  140 212
35 52  140 208  144 212
36 52  144 208  148 212
37 52  148 208  152 212
38 52  152 208  156 212
39 52  156 208  160 212
40 52  160 208  164 212
41 52  164 208  168 212
42 52  168 208  172 212
43 52  172 208  176 212
44 52  176 208  180 212
45 52  180 208  184 212
46 52  184 208  188 212
47 52  188 208  192 212
48 52  192 208  196 212

#row 54 Col 13 -> 47
12 53   48 212   52 216
13 53   52 212   56 216
14 53   56 212   60 216
15 53   60 212   64 216
16 53   64 212   68 216
17 53   68 212   72 216
18 53   72 212   76 216
19 53   76 212   80 216
20 53   80 212   84 216
21 53   84 212   88 216
22 53   88 212   92 216
23 53   92 212   96 216
24 53   96 212  100 216
25 53  100 212  104 216
26 53  104 212  108 216
27 53  108 212  112 216
28 53  112 212  116 216
29 53  116 212  120 216
30 53  120 212  124 216
31 53  124 212  128 216
32 53  128 212  132 216
33 53  132 212  136 216
34 53  136 212  140 216
35 53  140 212  144 216
36 53  144 212  148 216
37 53  148 212  152 216
38 53  152 212  156 216
39 53  156 212  160 216
40 53  160 212  164 216
41 53  164 212  168 216
42 53  168 212  172 216
43 53  172 212  176 216
44 53  176 212  180 216
45 53  180 212  184 216
46 53  184 212  188 216

#row 55 Col 14 -> 46
13 54   52 216   56 220
14 54   56 216   60 220
15 54   60 216   64 220
16 54   64 216   68 220
17 54   68 216   72 220
18 54   72 216   76 220
19 54   76 216   80 220
20 54   80 216   84 220
21 54   84 216   88 220
22 54   88 216   92 220
23 54   92 216   96 220
24 54   96 216  100 220
25 54  100 216  104 220
26 54  104 216  108 220
27 54  108 216  112 220
28 54  112 216  116 220
29 54  116 216  120 220
30 54  120 216  124 220
31 54  124 216  128 220
32 54  128 216  132 220
33 54  132 216  136 220
34 54  136 216  140 220
35 54  140 216  144 220
36 54  144 216  148 220
37 54  148 216  152 220
38 54  152 216  156 220
39 54  156 216  160 220
40 54  160 216  164 220
41 54  164 216  168 220
42 54  168 216  172 220
43 54  172 216  176 220
44 54  176 216  180 220
45 54  180 216  184 220

#row 56 Col 16 -> 44
15 55   60 220   64 224
16 55   64 220   68 224
17 55   68 220   72 224
18 55   72 220   76 224
19 55   76 220   80 224
20 55   80 220   84 224
21 55   84 220   88 224
22 55   88 220   92 224
23 55   92 220   96 224
24 55   96 220  100 224
25 55  100 220  104 224
26 55  104 220  108 224
27 55  108 220  112 224
28 55  112 220  116 224
29 55  116 220  120 224
30 55  120 220  124 224
31 55  124 220  128 224
32 55  128 220  132 224
33 55  132 220  136 224
34 55  136 220  140 224
35 55  140 220  144 224
36 55  144 220  148 224
37 55  148 220  152 224
38 55  152 220  156 224
39 55  156 220  160 224
40 55  160 220  164 224
41 55  164 220  168 224
42 55  168 220  172 224
43 55  172 220  176 224

#row 57 Col 18 -> 42
17 56   68 224   72 228
18 56   72 224   76 228
19 56   76 224   80 228
20 56   80 224   84 228
21 56   84 224   88 228
22 56   88 224   92 228
23 56   92 224   96 228
24 56   96 224  100 228
25 56  100 224  104 228
26 56  104 224  108 228
27 56  108 224  112 228
28 56  112 224  116 228
29 56  116 224  120 228
30 56  120 224  124 228
31 56  124 224  128 228
32 56  128 224  132 228
33 56  132 224  136 228
34 56  136 224  140 228
35 56  140 224  144 228
36 56  144 224  148 228
37 56  148 224  152 228
38 56  152 224  156 228
39 56  156 224  160 228
40 56  160 224  164 228
41 56  164 224  168 228

#row 58 Col 20 -> 40
19 57   76 228   80 232
20 57   80 228   84 232
21 57   84 228   88 232
22 57   88 228   92 232
23 57   92 228   96 232
24 57   96 228  100 232
25 57  100 228  104 232
26 57  104 228  108 232
27 57  108 228  112 232
28 57  112 228  116 232
29 57  116 228  120 232
30 57  120 228  124 232
31 57  124 228  128 232
32 57  128 228  132 232
33 57  132 228  136 232
34 57  136 228  140 232
35 57  140 228  144 232
36 57  144 228  148 232
37 57  148 228  152 232
38 57  152 228  156 232
39 57  156 228  160 232

#row 59 Col 23 -> 37
22 58   88 232   92 236
23 58   92 232   96 236
24 58   96 232  100 236
25 58  100 232  104 236
26 58  104 232  108 236
27 58  108 232  112 236
28 58  112 232  116 236
29 58  116 232  120 236
30 58  120 232  124 236
31 58  124 232  128 236
32 58  128 232  132 236
33 58  132 232  136 236
34 58  136 232  140 236
35 58  140 232  144 236
36 58  144 232  148 236

