 0  0  76.00  76.00  78.10  78.10
 1  0  78.10  76.00  80.20  78.10
 2  0  80.20  76.00  82.30  78.10
 3  0  82.30  76.00  84.40  78.10
 4  0  84.40  76.00  86.50  78.10
 5  0  86.50  76.00  88.60  78.10
 6  0  88.60  76.00  90.70  78.10
 7  0  90.70  76.00  92.80  78.10
 8  0  92.80  76.00  94.90  78.10
 9  0  94.90  76.00  97.00  78.10
10  0  97.00  76.00  99.10  78.10
11  0  99.10  76.00 101.20  78.10
12  0 101.20  76.00 103.30  78.10
13  0 103.30  76.00 105.40  78.10
14  0 105.40  76.00 107.50  78.10
15  0 107.50  76.00 109.60  78.10
16  0 109.60  76.00 111.70  78.10
17  0 111.70  76.00 113.80  78.10
18  0 113.80  76.00 115.90  78.10
19  0 115.90  76.00 118.00  78.10
20  0 118.00  76.00 120.10  78.10
21  0 120.10  76.00 122.20  78.10
22  0 122.20  76.00 124.30  78.10
23  0 124.30  76.00 126.40  78.10
24  0 126.40  76.00 128.50  78.10
25  0 128.50  76.00 130.60  78.10
26  0 130.60  76.00 132.70  78.10
27  0 132.70  76.00 134.80  78.10
28  0 134.80  76.00 136.90  78.10
29  0 136.90  76.00 139.00  78.10
30  0 139.00  76.00 141.10  78.10
31  0 141.10  76.00 143.20  78.10
32  0 143.20  76.00 145.30  78.10
33  0 145.30  76.00 147.40  78.10
34  0 147.40  76.00 149.50  78.10
35  0 149.50  76.00 151.60  78.10
36  0 151.60  76.00 153.70  78.10
37  0 153.70  76.00 155.80  78.10
38  0 155.80  76.00 157.90  78.10
39  0 157.90  76.00 160.00  78.10
 0  1  76.00  78.10  78.10  80.20
 1  1  78.10  78.10  80.20  80.20
 2  1  80.20  78.10  82.30  80.20
 3  1  82.30  78.10  84.40  80.20
 4  1  84.40  78.10  86.50  80.20
 5  1  86.50  78.10  88.60  80.20
 6  1  88.60  78.10  90.70  80.20
 7  1  90.70  78.10  92.80  80.20
 8  1  92.80  78.10  94.90  80.20
 9  1  94.90  78.10  97.00  80.20
10  1  97.00  78.10  99.10  80.20
11  1  99.10  78.10 101.20  80.20
12  1 101.20  78.10 103.30  80.20
13  1 103.30  78.10 105.40  80.20
14  1 105.40  78.10 107.50  80.20
15  1 107.50  78.10 109.60  80.20
16  1 109.60  78.10 111.70  80.20
17  1 111.70  78.10 113.80  80.20
18  1 113.80  78.10 115.90  80.20
19  1 115.90  78.10 118.00  80.20
20  1 118.00  78.10 120.10  80.20
21  1 120.10  78.10 122.20  80.20
22  1 122.20  78.10 124.30  80.20
23  1 124.30  78.10 126.40  80.20
24  1 126.40  78.10 128.50  80.20
25  1 128.50  78.10 130.60  80.20
26  1 130.60  78.10 132.70  80.20
27  1 132.70  78.10 134.80  80.20
28  1 134.80  78.10 136.90  80.20
29  1 136.90  78.10 139.00  80.20
30  1 139.00  78.10 141.10  80.20
31  1 141.10  78.10 143.20  80.20
32  1 143.20  78.10 145.30  80.20
33  1 145.30  78.10 147.40  80.20
34  1 147.40  78.10 149.50  80.20
35  1 149.50  78.10 151.60  80.20
36  1 151.60  78.10 153.70  80.20
37  1 153.70  78.10 155.80  80.20
38  1 155.80  78.10 157.90  80.20
39  1 157.90  78.10 160.00  80.20
 0  2  76.00  80.20  78.10  82.30
 1  2  78.10  80.20  80.20  82.30
 2  2  80.20  80.20  82.30  82.30
 3  2  82.30  80.20  84.40  82.30
 4  2  84.40  80.20  86.50  82.30
 5  2  86.50  80.20  88.60  82.30
 6  2  88.60  80.20  90.70  82.30
 7  2  90.70  80.20  92.80  82.30
 8  2  92.80  80.20  94.90  82.30
 9  2  94.90  80.20  97.00  82.30
10  2  97.00  80.20  99.10  82.30
11  2  99.10  80.20 101.20  82.30
12  2 101.20  80.20 103.30  82.30
13  2 103.30  80.20 105.40  82.30
14  2 105.40  80.20 107.50  82.30
15  2 107.50  80.20 109.60  82.30
16  2 109.60  80.20 111.70  82.30
17  2 111.70  80.20 113.80  82.30
18  2 113.80  80.20 115.90  82.30
19  2 115.90  80.20 118.00  82.30
20  2 118.00  80.20 120.10  82.30
21  2 120.10  80.20 122.20  82.30
22  2 122.20  80.20 124.30  82.30
23  2 124.30  80.20 126.40  82.30
24  2 126.40  80.20 128.50  82.30
25  2 128.50  80.20 130.60  82.30
26  2 130.60  80.20 132.70  82.30
27  2 132.70  80.20 134.80  82.30
28  2 134.80  80.20 136.90  82.30
29  2 136.90  80.20 139.00  82.30
30  2 139.00  80.20 141.10  82.30
31  2 141.10  80.20 143.20  82.30
32  2 143.20  80.20 145.30  82.30
33  2 145.30  80.20 147.40  82.30
34  2 147.40  80.20 149.50  82.30
35  2 149.50  80.20 151.60  82.30
36  2 151.60  80.20 153.70  82.30
37  2 153.70  80.20 155.80  82.30
38  2 155.80  80.20 157.90  82.30
39  2 157.90  80.20 160.00  82.30
 0  3  76.00  82.30  78.10  84.40
 1  3  78.10  82.30  80.20  84.40
 2  3  80.20  82.30  82.30  84.40
 3  3  82.30  82.30  84.40  84.40
 4  3  84.40  82.30  86.50  84.40
 5  3  86.50  82.30  88.60  84.40
 6  3  88.60  82.30  90.70  84.40
 7  3  90.70  82.30  92.80  84.40
 8  3  92.80  82.30  94.90  84.40
 9  3  94.90  82.30  97.00  84.40
10  3  97.00  82.30  99.10  84.40
11  3  99.10  82.30 101.20  84.40
12  3 101.20  82.30 103.30  84.40
13  3 103.30  82.30 105.40  84.40
14  3 105.40  82.30 107.50  84.40
15  3 107.50  82.30 109.60  84.40
16  3 109.60  82.30 111.70  84.40
17  3 111.70  82.30 113.80  84.40
18  3 113.80  82.30 115.90  84.40
19  3 115.90  82.30 118.00  84.40
20  3 118.00  82.30 120.10  84.40
21  3 120.10  82.30 122.20  84.40
22  3 122.20  82.30 124.30  84.40
23  3 124.30  82.30 126.40  84.40
24  3 126.40  82.30 128.50  84.40
25  3 128.50  82.30 130.60  84.40
26  3 130.60  82.30 132.70  84.40
27  3 132.70  82.30 134.80  84.40
28  3 134.80  82.30 136.90  84.40
29  3 136.90  82.30 139.00  84.40
30  3 139.00  82.30 141.10  84.40
31  3 141.10  82.30 143.20  84.40
32  3 143.20  82.30 145.30  84.40
33  3 145.30  82.30 147.40  84.40
34  3 147.40  82.30 149.50  84.40
35  3 149.50  82.30 151.60  84.40
36  3 151.60  82.30 153.70  84.40
37  3 153.70  82.30 155.80  84.40
38  3 155.80  82.30 157.90  84.40
39  3 157.90  82.30 160.00  84.40
 0  4  76.00  84.40  78.10  86.50
 1  4  78.10  84.40  80.20  86.50
 2  4  80.20  84.40  82.30  86.50
 3  4  82.30  84.40  84.40  86.50
 4  4  84.40  84.40  86.50  86.50
 5  4  86.50  84.40  88.60  86.50
 6  4  88.60  84.40  90.70  86.50
 7  4  90.70  84.40  92.80  86.50
 8  4  92.80  84.40  94.90  86.50
 9  4  94.90  84.40  97.00  86.50
10  4  97.00  84.40  99.10  86.50
11  4  99.10  84.40 101.20  86.50
12  4 101.20  84.40 103.30  86.50
13  4 103.30  84.40 105.40  86.50
14  4 105.40  84.40 107.50  86.50
15  4 107.50  84.40 109.60  86.50
16  4 109.60  84.40 111.70  86.50
17  4 111.70  84.40 113.80  86.50
18  4 113.80  84.40 115.90  86.50
19  4 115.90  84.40 118.00  86.50
20  4 118.00  84.40 120.10  86.50
21  4 120.10  84.40 122.20  86.50
22  4 122.20  84.40 124.30  86.50
23  4 124.30  84.40 126.40  86.50
24  4 126.40  84.40 128.50  86.50
25  4 128.50  84.40 130.60  86.50
26  4 130.60  84.40 132.70  86.50
27  4 132.70  84.40 134.80  86.50
28  4 134.80  84.40 136.90  86.50
29  4 136.90  84.40 139.00  86.50
30  4 139.00  84.40 141.10  86.50
31  4 141.10  84.40 143.20  86.50
32  4 143.20  84.40 145.30  86.50
33  4 145.30  84.40 147.40  86.50
34  4 147.40  84.40 149.50  86.50
35  4 149.50  84.40 151.60  86.50
36  4 151.60  84.40 153.70  86.50
37  4 153.70  84.40 155.80  86.50
38  4 155.80  84.40 157.90  86.50
39  4 157.90  84.40 160.00  86.50
 0  5  76.00  86.50  78.10  88.60
 1  5  78.10  86.50  80.20  88.60
 2  5  80.20  86.50  82.30  88.60
 3  5  82.30  86.50  84.40  88.60
 4  5  84.40  86.50  86.50  88.60
 5  5  86.50  86.50  88.60  88.60
 6  5  88.60  86.50  90.70  88.60
 7  5  90.70  86.50  92.80  88.60
 8  5  92.80  86.50  94.90  88.60
 9  5  94.90  86.50  97.00  88.60
10  5  97.00  86.50  99.10  88.60
11  5  99.10  86.50 101.20  88.60
12  5 101.20  86.50 103.30  88.60
13  5 103.30  86.50 105.40  88.60
14  5 105.40  86.50 107.50  88.60
15  5 107.50  86.50 109.60  88.60
16  5 109.60  86.50 111.70  88.60
17  5 111.70  86.50 113.80  88.60
18  5 113.80  86.50 115.90  88.60
19  5 115.90  86.50 118.00  88.60
20  5 118.00  86.50 120.10  88.60
21  5 120.10  86.50 122.20  88.60
22  5 122.20  86.50 124.30  88.60
23  5 124.30  86.50 126.40  88.60
24  5 126.40  86.50 128.50  88.60
25  5 128.50  86.50 130.60  88.60
26  5 130.60  86.50 132.70  88.60
27  5 132.70  86.50 134.80  88.60
28  5 134.80  86.50 136.90  88.60
29  5 136.90  86.50 139.00  88.60
30  5 139.00  86.50 141.10  88.60
31  5 141.10  86.50 143.20  88.60
32  5 143.20  86.50 145.30  88.60
33  5 145.30  86.50 147.40  88.60
34  5 147.40  86.50 149.50  88.60
35  5 149.50  86.50 151.60  88.60
36  5 151.60  86.50 153.70  88.60
37  5 153.70  86.50 155.80  88.60
38  5 155.80  86.50 157.90  88.60
39  5 157.90  86.50 160.00  88.60
 0  6  76.00  88.60  78.10  90.70
 1  6  78.10  88.60  80.20  90.70
 2  6  80.20  88.60  82.30  90.70
 3  6  82.30  88.60  84.40  90.70
 4  6  84.40  88.60  86.50  90.70
 5  6  86.50  88.60  88.60  90.70
 6  6  88.60  88.60  90.70  90.70
 7  6  90.70  88.60  92.80  90.70
 8  6  92.80  88.60  94.90  90.70
 9  6  94.90  88.60  97.00  90.70
10  6  97.00  88.60  99.10  90.70
11  6  99.10  88.60 101.20  90.70
12  6 101.20  88.60 103.30  90.70
13  6 103.30  88.60 105.40  90.70
14  6 105.40  88.60 107.50  90.70
15  6 107.50  88.60 109.60  90.70
16  6 109.60  88.60 111.70  90.70
17  6 111.70  88.60 113.80  90.70
18  6 113.80  88.60 115.90  90.70
19  6 115.90  88.60 118.00  90.70
20  6 118.00  88.60 120.10  90.70
21  6 120.10  88.60 122.20  90.70
22  6 122.20  88.60 124.30  90.70
23  6 124.30  88.60 126.40  90.70
24  6 126.40  88.60 128.50  90.70
25  6 128.50  88.60 130.60  90.70
26  6 130.60  88.60 132.70  90.70
27  6 132.70  88.60 134.80  90.70
28  6 134.80  88.60 136.90  90.70
29  6 136.90  88.60 139.00  90.70
30  6 139.00  88.60 141.10  90.70
31  6 141.10  88.60 143.20  90.70
32  6 143.20  88.60 145.30  90.70
33  6 145.30  88.60 147.40  90.70
34  6 147.40  88.60 149.50  90.70
35  6 149.50  88.60 151.60  90.70
36  6 151.60  88.60 153.70  90.70
37  6 153.70  88.60 155.80  90.70
38  6 155.80  88.60 157.90  90.70
39  6 157.90  88.60 160.00  90.70
 0  7  76.00  90.70  78.10  92.80
 1  7  78.10  90.70  80.20  92.80
 2  7  80.20  90.70  82.30  92.80
 3  7  82.30  90.70  84.40  92.80
 4  7  84.40  90.70  86.50  92.80
 5  7  86.50  90.70  88.60  92.80
 6  7  88.60  90.70  90.70  92.80
 7  7  90.70  90.70  92.80  92.80
 8  7  92.80  90.70  94.90  92.80
 9  7  94.90  90.70  97.00  92.80
10  7  97.00  90.70  99.10  92.80
11  7  99.10  90.70 101.20  92.80
12  7 101.20  90.70 103.30  92.80
13  7 103.30  90.70 105.40  92.80
14  7 105.40  90.70 107.50  92.80
15  7 107.50  90.70 109.60  92.80
16  7 109.60  90.70 111.70  92.80
17  7 111.70  90.70 113.80  92.80
18  7 113.80  90.70 115.90  92.80
19  7 115.90  90.70 118.00  92.80
20  7 118.00  90.70 120.10  92.80
21  7 120.10  90.70 122.20  92.80
22  7 122.20  90.70 124.30  92.80
23  7 124.30  90.70 126.40  92.80
24  7 126.40  90.70 128.50  92.80
25  7 128.50  90.70 130.60  92.80
26  7 130.60  90.70 132.70  92.80
27  7 132.70  90.70 134.80  92.80
28  7 134.80  90.70 136.90  92.80
29  7 136.90  90.70 139.00  92.80
30  7 139.00  90.70 141.10  92.80
31  7 141.10  90.70 143.20  92.80
32  7 143.20  90.70 145.30  92.80
33  7 145.30  90.70 147.40  92.80
34  7 147.40  90.70 149.50  92.80
35  7 149.50  90.70 151.60  92.80
36  7 151.60  90.70 153.70  92.80
37  7 153.70  90.70 155.80  92.80
38  7 155.80  90.70 157.90  92.80
39  7 157.90  90.70 160.00  92.80
 0  8  76.00  92.80  78.10  94.90
 1  8  78.10  92.80  80.20  94.90
 2  8  80.20  92.80  82.30  94.90
 3  8  82.30  92.80  84.40  94.90
 4  8  84.40  92.80  86.50  94.90
 5  8  86.50  92.80  88.60  94.90
 6  8  88.60  92.80  90.70  94.90
 7  8  90.70  92.80  92.80  94.90
 8  8  92.80  92.80  94.90  94.90
 9  8  94.90  92.80  97.00  94.90
10  8  97.00  92.80  99.10  94.90
11  8  99.10  92.80 101.20  94.90
12  8 101.20  92.80 103.30  94.90
13  8 103.30  92.80 105.40  94.90
14  8 105.40  92.80 107.50  94.90
15  8 107.50  92.80 109.60  94.90
16  8 109.60  92.80 111.70  94.90
17  8 111.70  92.80 113.80  94.90
18  8 113.80  92.80 115.90  94.90
19  8 115.90  92.80 118.00  94.90
20  8 118.00  92.80 120.10  94.90
21  8 120.10  92.80 122.20  94.90
22  8 122.20  92.80 124.30  94.90
23  8 124.30  92.80 126.40  94.90
24  8 126.40  92.80 128.50  94.90
25  8 128.50  92.80 130.60  94.90
26  8 130.60  92.80 132.70  94.90
27  8 132.70  92.80 134.80  94.90
28  8 134.80  92.80 136.90  94.90
29  8 136.90  92.80 139.00  94.90
30  8 139.00  92.80 141.10  94.90
31  8 141.10  92.80 143.20  94.90
32  8 143.20  92.80 145.30  94.90
33  8 145.30  92.80 147.40  94.90
34  8 147.40  92.80 149.50  94.90
35  8 149.50  92.80 151.60  94.90
36  8 151.60  92.80 153.70  94.90
37  8 153.70  92.80 155.80  94.90
38  8 155.80  92.80 157.90  94.90
39  8 157.90  92.80 160.00  94.90
 0  9  76.00  94.90  78.10  97.00
 1  9  78.10  94.90  80.20  97.00
 2  9  80.20  94.90  82.30  97.00
 3  9  82.30  94.90  84.40  97.00
 4  9  84.40  94.90  86.50  97.00
 5  9  86.50  94.90  88.60  97.00
 6  9  88.60  94.90  90.70  97.00
 7  9  90.70  94.90  92.80  97.00
 8  9  92.80  94.90  94.90  97.00
 9  9  94.90  94.90  97.00  97.00
10  9  97.00  94.90  99.10  97.00
11  9  99.10  94.90 101.20  97.00
12  9 101.20  94.90 103.30  97.00
13  9 103.30  94.90 105.40  97.00
14  9 105.40  94.90 107.50  97.00
15  9 107.50  94.90 109.60  97.00
16  9 109.60  94.90 111.70  97.00
17  9 111.70  94.90 113.80  97.00
18  9 113.80  94.90 115.90  97.00
19  9 115.90  94.90 118.00  97.00
20  9 118.00  94.90 120.10  97.00
21  9 120.10  94.90 122.20  97.00
22  9 122.20  94.90 124.30  97.00
23  9 124.30  94.90 126.40  97.00
24  9 126.40  94.90 128.50  97.00
25  9 128.50  94.90 130.60  97.00
26  9 130.60  94.90 132.70  97.00
27  9 132.70  94.90 134.80  97.00
28  9 134.80  94.90 136.90  97.00
29  9 136.90  94.90 139.00  97.00
30  9 139.00  94.90 141.10  97.00
31  9 141.10  94.90 143.20  97.00
32  9 143.20  94.90 145.30  97.00
33  9 145.30  94.90 147.40  97.00
34  9 147.40  94.90 149.50  97.00
35  9 149.50  94.90 151.60  97.00
36  9 151.60  94.90 153.70  97.00
37  9 153.70  94.90 155.80  97.00
38  9 155.80  94.90 157.90  97.00
39  9 157.90  94.90 160.00  97.00
 0 10  76.00  97.00  78.10  99.10
 1 10  78.10  97.00  80.20  99.10
 2 10  80.20  97.00  82.30  99.10
 3 10  82.30  97.00  84.40  99.10
 4 10  84.40  97.00  86.50  99.10
 5 10  86.50  97.00  88.60  99.10
 6 10  88.60  97.00  90.70  99.10
 7 10  90.70  97.00  92.80  99.10
 8 10  92.80  97.00  94.90  99.10
 9 10  94.90  97.00  97.00  99.10
10 10  97.00  97.00  99.10  99.10
11 10  99.10  97.00 101.20  99.10
12 10 101.20  97.00 103.30  99.10
13 10 103.30  97.00 105.40  99.10
14 10 105.40  97.00 107.50  99.10
15 10 107.50  97.00 109.60  99.10
16 10 109.60  97.00 111.70  99.10
17 10 111.70  97.00 113.80  99.10
18 10 113.80  97.00 115.90  99.10
19 10 115.90  97.00 118.00  99.10
20 10 118.00  97.00 120.10  99.10
21 10 120.10  97.00 122.20  99.10
22 10 122.20  97.00 124.30  99.10
23 10 124.30  97.00 126.40  99.10
24 10 126.40  97.00 128.50  99.10
25 10 128.50  97.00 130.60  99.10
26 10 130.60  97.00 132.70  99.10
27 10 132.70  97.00 134.80  99.10
28 10 134.80  97.00 136.90  99.10
29 10 136.90  97.00 139.00  99.10
30 10 139.00  97.00 141.10  99.10
31 10 141.10  97.00 143.20  99.10
32 10 143.20  97.00 145.30  99.10
33 10 145.30  97.00 147.40  99.10
34 10 147.40  97.00 149.50  99.10
35 10 149.50  97.00 151.60  99.10
36 10 151.60  97.00 153.70  99.10
37 10 153.70  97.00 155.80  99.10
38 10 155.80  97.00 157.90  99.10
39 10 157.90  97.00 160.00  99.10
 0 11  76.00  99.10  78.10 101.20
 1 11  78.10  99.10  80.20 101.20
 2 11  80.20  99.10  82.30 101.20
 3 11  82.30  99.10  84.40 101.20
 4 11  84.40  99.10  86.50 101.20
 5 11  86.50  99.10  88.60 101.20
 6 11  88.60  99.10  90.70 101.20
 7 11  90.70  99.10  92.80 101.20
 8 11  92.80  99.10  94.90 101.20
 9 11  94.90  99.10  97.00 101.20
10 11  97.00  99.10  99.10 101.20
11 11  99.10  99.10 101.20 101.20
12 11 101.20  99.10 103.30 101.20
13 11 103.30  99.10 105.40 101.20
14 11 105.40  99.10 107.50 101.20
15 11 107.50  99.10 109.60 101.20
16 11 109.60  99.10 111.70 101.20
17 11 111.70  99.10 113.80 101.20
18 11 113.80  99.10 115.90 101.20
19 11 115.90  99.10 118.00 101.20
20 11 118.00  99.10 120.10 101.20
21 11 120.10  99.10 122.20 101.20
22 11 122.20  99.10 124.30 101.20
23 11 124.30  99.10 126.40 101.20
24 11 126.40  99.10 128.50 101.20
25 11 128.50  99.10 130.60 101.20
26 11 130.60  99.10 132.70 101.20
27 11 132.70  99.10 134.80 101.20
28 11 134.80  99.10 136.90 101.20
29 11 136.90  99.10 139.00 101.20
30 11 139.00  99.10 141.10 101.20
31 11 141.10  99.10 143.20 101.20
32 11 143.20  99.10 145.30 101.20
33 11 145.30  99.10 147.40 101.20
34 11 147.40  99.10 149.50 101.20
35 11 149.50  99.10 151.60 101.20
36 11 151.60  99.10 153.70 101.20
37 11 153.70  99.10 155.80 101.20
38 11 155.80  99.10 157.90 101.20
39 11 157.90  99.10 160.00 101.20
 0 12  76.00 101.20  78.10 103.30
 1 12  78.10 101.20  80.20 103.30
 2 12  80.20 101.20  82.30 103.30
 3 12  82.30 101.20  84.40 103.30
 4 12  84.40 101.20  86.50 103.30
 5 12  86.50 101.20  88.60 103.30
 6 12  88.60 101.20  90.70 103.30
 7 12  90.70 101.20  92.80 103.30
 8 12  92.80 101.20  94.90 103.30
 9 12  94.90 101.20  97.00 103.30
10 12  97.00 101.20  99.10 103.30
11 12  99.10 101.20 101.20 103.30
12 12 101.20 101.20 103.30 103.30
13 12 103.30 101.20 105.40 103.30
14 12 105.40 101.20 107.50 103.30
15 12 107.50 101.20 109.60 103.30
16 12 109.60 101.20 111.70 103.30
17 12 111.70 101.20 113.80 103.30
18 12 113.80 101.20 115.90 103.30
19 12 115.90 101.20 118.00 103.30
20 12 118.00 101.20 120.10 103.30
21 12 120.10 101.20 122.20 103.30
22 12 122.20 101.20 124.30 103.30
23 12 124.30 101.20 126.40 103.30
24 12 126.40 101.20 128.50 103.30
25 12 128.50 101.20 130.60 103.30
26 12 130.60 101.20 132.70 103.30
27 12 132.70 101.20 134.80 103.30
28 12 134.80 101.20 136.90 103.30
29 12 136.90 101.20 139.00 103.30
30 12 139.00 101.20 141.10 103.30
31 12 141.10 101.20 143.20 103.30
32 12 143.20 101.20 145.30 103.30
33 12 145.30 101.20 147.40 103.30
34 12 147.40 101.20 149.50 103.30
35 12 149.50 101.20 151.60 103.30
36 12 151.60 101.20 153.70 103.30
37 12 153.70 101.20 155.80 103.30
38 12 155.80 101.20 157.90 103.30
39 12 157.90 101.20 160.00 103.30
 0 13  76.00 103.30  78.10 105.40
 1 13  78.10 103.30  80.20 105.40
 2 13  80.20 103.30  82.30 105.40
 3 13  82.30 103.30  84.40 105.40
 4 13  84.40 103.30  86.50 105.40
 5 13  86.50 103.30  88.60 105.40
 6 13  88.60 103.30  90.70 105.40
 7 13  90.70 103.30  92.80 105.40
 8 13  92.80 103.30  94.90 105.40
 9 13  94.90 103.30  97.00 105.40
10 13  97.00 103.30  99.10 105.40
11 13  99.10 103.30 101.20 105.40
12 13 101.20 103.30 103.30 105.40
13 13 103.30 103.30 105.40 105.40
14 13 105.40 103.30 107.50 105.40
15 13 107.50 103.30 109.60 105.40
16 13 109.60 103.30 111.70 105.40
17 13 111.70 103.30 113.80 105.40
18 13 113.80 103.30 115.90 105.40
19 13 115.90 103.30 118.00 105.40
20 13 118.00 103.30 120.10 105.40
21 13 120.10 103.30 122.20 105.40
22 13 122.20 103.30 124.30 105.40
23 13 124.30 103.30 126.40 105.40
24 13 126.40 103.30 128.50 105.40
25 13 128.50 103.30 130.60 105.40
26 13 130.60 103.30 132.70 105.40
27 13 132.70 103.30 134.80 105.40
28 13 134.80 103.30 136.90 105.40
29 13 136.90 103.30 139.00 105.40
30 13 139.00 103.30 141.10 105.40
31 13 141.10 103.30 143.20 105.40
32 13 143.20 103.30 145.30 105.40
33 13 145.30 103.30 147.40 105.40
34 13 147.40 103.30 149.50 105.40
35 13 149.50 103.30 151.60 105.40
36 13 151.60 103.30 153.70 105.40
37 13 153.70 103.30 155.80 105.40
38 13 155.80 103.30 157.90 105.40
39 13 157.90 103.30 160.00 105.40
 0 14  76.00 105.40  78.10 107.50
 1 14  78.10 105.40  80.20 107.50
 2 14  80.20 105.40  82.30 107.50
 3 14  82.30 105.40  84.40 107.50
 4 14  84.40 105.40  86.50 107.50
 5 14  86.50 105.40  88.60 107.50
 6 14  88.60 105.40  90.70 107.50
 7 14  90.70 105.40  92.80 107.50
 8 14  92.80 105.40  94.90 107.50
 9 14  94.90 105.40  97.00 107.50
10 14  97.00 105.40  99.10 107.50
11 14  99.10 105.40 101.20 107.50
12 14 101.20 105.40 103.30 107.50
13 14 103.30 105.40 105.40 107.50
14 14 105.40 105.40 107.50 107.50
15 14 107.50 105.40 109.60 107.50
16 14 109.60 105.40 111.70 107.50
17 14 111.70 105.40 113.80 107.50
18 14 113.80 105.40 115.90 107.50
19 14 115.90 105.40 118.00 107.50
20 14 118.00 105.40 120.10 107.50
21 14 120.10 105.40 122.20 107.50
22 14 122.20 105.40 124.30 107.50
23 14 124.30 105.40 126.40 107.50
24 14 126.40 105.40 128.50 107.50
25 14 128.50 105.40 130.60 107.50
26 14 130.60 105.40 132.70 107.50
27 14 132.70 105.40 134.80 107.50
28 14 134.80 105.40 136.90 107.50
29 14 136.90 105.40 139.00 107.50
30 14 139.00 105.40 141.10 107.50
31 14 141.10 105.40 143.20 107.50
32 14 143.20 105.40 145.30 107.50
33 14 145.30 105.40 147.40 107.50
34 14 147.40 105.40 149.50 107.50
35 14 149.50 105.40 151.60 107.50
36 14 151.60 105.40 153.70 107.50
37 14 153.70 105.40 155.80 107.50
38 14 155.80 105.40 157.90 107.50
39 14 157.90 105.40 160.00 107.50
 0 15  76.00 107.50  78.10 109.60
 1 15  78.10 107.50  80.20 109.60
 2 15  80.20 107.50  82.30 109.60
 3 15  82.30 107.50  84.40 109.60
 4 15  84.40 107.50  86.50 109.60
 5 15  86.50 107.50  88.60 109.60
 6 15  88.60 107.50  90.70 109.60
 7 15  90.70 107.50  92.80 109.60
 8 15  92.80 107.50  94.90 109.60
 9 15  94.90 107.50  97.00 109.60
10 15  97.00 107.50  99.10 109.60
11 15  99.10 107.50 101.20 109.60
12 15 101.20 107.50 103.30 109.60
13 15 103.30 107.50 105.40 109.60
14 15 105.40 107.50 107.50 109.60
15 15 107.50 107.50 109.60 109.60
16 15 109.60 107.50 111.70 109.60
17 15 111.70 107.50 113.80 109.60
18 15 113.80 107.50 115.90 109.60
19 15 115.90 107.50 118.00 109.60
20 15 118.00 107.50 120.10 109.60
21 15 120.10 107.50 122.20 109.60
22 15 122.20 107.50 124.30 109.60
23 15 124.30 107.50 126.40 109.60
24 15 126.40 107.50 128.50 109.60
25 15 128.50 107.50 130.60 109.60
26 15 130.60 107.50 132.70 109.60
27 15 132.70 107.50 134.80 109.60
28 15 134.80 107.50 136.90 109.60
29 15 136.90 107.50 139.00 109.60
30 15 139.00 107.50 141.10 109.60
31 15 141.10 107.50 143.20 109.60
32 15 143.20 107.50 145.30 109.60
33 15 145.30 107.50 147.40 109.60
34 15 147.40 107.50 149.50 109.60
35 15 149.50 107.50 151.60 109.60
36 15 151.60 107.50 153.70 109.60
37 15 153.70 107.50 155.80 109.60
38 15 155.80 107.50 157.90 109.60
39 15 157.90 107.50 160.00 109.60
 0 16  76.00 109.60  78.10 111.70
 1 16  78.10 109.60  80.20 111.70
 2 16  80.20 109.60  82.30 111.70
 3 16  82.30 109.60  84.40 111.70
 4 16  84.40 109.60  86.50 111.70
 5 16  86.50 109.60  88.60 111.70
 6 16  88.60 109.60  90.70 111.70
 7 16  90.70 109.60  92.80 111.70
 8 16  92.80 109.60  94.90 111.70
 9 16  94.90 109.60  97.00 111.70
10 16  97.00 109.60  99.10 111.70
11 16  99.10 109.60 101.20 111.70
12 16 101.20 109.60 103.30 111.70
13 16 103.30 109.60 105.40 111.70
14 16 105.40 109.60 107.50 111.70
15 16 107.50 109.60 109.60 111.70
16 16 109.60 109.60 111.70 111.70
17 16 111.70 109.60 113.80 111.70
18 16 113.80 109.60 115.90 111.70
19 16 115.90 109.60 118.00 111.70
20 16 118.00 109.60 120.10 111.70
21 16 120.10 109.60 122.20 111.70
22 16 122.20 109.60 124.30 111.70
23 16 124.30 109.60 126.40 111.70
24 16 126.40 109.60 128.50 111.70
25 16 128.50 109.60 130.60 111.70
26 16 130.60 109.60 132.70 111.70
27 16 132.70 109.60 134.80 111.70
28 16 134.80 109.60 136.90 111.70
29 16 136.90 109.60 139.00 111.70
30 16 139.00 109.60 141.10 111.70
31 16 141.10 109.60 143.20 111.70
32 16 143.20 109.60 145.30 111.70
33 16 145.30 109.60 147.40 111.70
34 16 147.40 109.60 149.50 111.70
35 16 149.50 109.60 151.60 111.70
36 16 151.60 109.60 153.70 111.70
37 16 153.70 109.60 155.80 111.70
38 16 155.80 109.60 157.90 111.70
39 16 157.90 109.60 160.00 111.70
 0 17  76.00 111.70  78.10 113.80
 1 17  78.10 111.70  80.20 113.80
 2 17  80.20 111.70  82.30 113.80
 3 17  82.30 111.70  84.40 113.80
 4 17  84.40 111.70  86.50 113.80
 5 17  86.50 111.70  88.60 113.80
 6 17  88.60 111.70  90.70 113.80
 7 17  90.70 111.70  92.80 113.80
 8 17  92.80 111.70  94.90 113.80
 9 17  94.90 111.70  97.00 113.80
10 17  97.00 111.70  99.10 113.80
11 17  99.10 111.70 101.20 113.80
12 17 101.20 111.70 103.30 113.80
13 17 103.30 111.70 105.40 113.80
14 17 105.40 111.70 107.50 113.80
15 17 107.50 111.70 109.60 113.80
16 17 109.60 111.70 111.70 113.80
17 17 111.70 111.70 113.80 113.80
18 17 113.80 111.70 115.90 113.80
19 17 115.90 111.70 118.00 113.80
20 17 118.00 111.70 120.10 113.80
21 17 120.10 111.70 122.20 113.80
22 17 122.20 111.70 124.30 113.80
23 17 124.30 111.70 126.40 113.80
24 17 126.40 111.70 128.50 113.80
25 17 128.50 111.70 130.60 113.80
26 17 130.60 111.70 132.70 113.80
27 17 132.70 111.70 134.80 113.80
28 17 134.80 111.70 136.90 113.80
29 17 136.90 111.70 139.00 113.80
30 17 139.00 111.70 141.10 113.80
31 17 141.10 111.70 143.20 113.80
32 17 143.20 111.70 145.30 113.80
33 17 145.30 111.70 147.40 113.80
34 17 147.40 111.70 149.50 113.80
35 17 149.50 111.70 151.60 113.80
36 17 151.60 111.70 153.70 113.80
37 17 153.70 111.70 155.80 113.80
38 17 155.80 111.70 157.90 113.80
39 17 157.90 111.70 160.00 113.80
 0 18  76.00 113.80  78.10 115.90
 1 18  78.10 113.80  80.20 115.90
 2 18  80.20 113.80  82.30 115.90
 3 18  82.30 113.80  84.40 115.90
 4 18  84.40 113.80  86.50 115.90
 5 18  86.50 113.80  88.60 115.90
 6 18  88.60 113.80  90.70 115.90
 7 18  90.70 113.80  92.80 115.90
 8 18  92.80 113.80  94.90 115.90
 9 18  94.90 113.80  97.00 115.90
10 18  97.00 113.80  99.10 115.90
11 18  99.10 113.80 101.20 115.90
12 18 101.20 113.80 103.30 115.90
13 18 103.30 113.80 105.40 115.90
14 18 105.40 113.80 107.50 115.90
15 18 107.50 113.80 109.60 115.90
16 18 109.60 113.80 111.70 115.90
17 18 111.70 113.80 113.80 115.90
18 18 113.80 113.80 115.90 115.90
19 18 115.90 113.80 118.00 115.90
20 18 118.00 113.80 120.10 115.90
21 18 120.10 113.80 122.20 115.90
22 18 122.20 113.80 124.30 115.90
23 18 124.30 113.80 126.40 115.90
24 18 126.40 113.80 128.50 115.90
25 18 128.50 113.80 130.60 115.90
26 18 130.60 113.80 132.70 115.90
27 18 132.70 113.80 134.80 115.90
28 18 134.80 113.80 136.90 115.90
29 18 136.90 113.80 139.00 115.90
30 18 139.00 113.80 141.10 115.90
31 18 141.10 113.80 143.20 115.90
32 18 143.20 113.80 145.30 115.90
33 18 145.30 113.80 147.40 115.90
34 18 147.40 113.80 149.50 115.90
35 18 149.50 113.80 151.60 115.90
36 18 151.60 113.80 153.70 115.90
37 18 153.70 113.80 155.80 115.90
38 18 155.80 113.80 157.90 115.90
39 18 157.90 113.80 160.00 115.90
 0 19  76.00 115.90  78.10 118.00
 1 19  78.10 115.90  80.20 118.00
 2 19  80.20 115.90  82.30 118.00
 3 19  82.30 115.90  84.40 118.00
 4 19  84.40 115.90  86.50 118.00
 5 19  86.50 115.90  88.60 118.00
 6 19  88.60 115.90  90.70 118.00
 7 19  90.70 115.90  92.80 118.00
 8 19  92.80 115.90  94.90 118.00
 9 19  94.90 115.90  97.00 118.00
10 19  97.00 115.90  99.10 118.00
11 19  99.10 115.90 101.20 118.00
12 19 101.20 115.90 103.30 118.00
13 19 103.30 115.90 105.40 118.00
14 19 105.40 115.90 107.50 118.00
15 19 107.50 115.90 109.60 118.00
16 19 109.60 115.90 111.70 118.00
17 19 111.70 115.90 113.80 118.00
18 19 113.80 115.90 115.90 118.00
19 19 115.90 115.90 118.00 118.00
20 19 118.00 115.90 120.10 118.00
21 19 120.10 115.90 122.20 118.00
22 19 122.20 115.90 124.30 118.00
23 19 124.30 115.90 126.40 118.00
24 19 126.40 115.90 128.50 118.00
25 19 128.50 115.90 130.60 118.00
26 19 130.60 115.90 132.70 118.00
27 19 132.70 115.90 134.80 118.00
28 19 134.80 115.90 136.90 118.00
29 19 136.90 115.90 139.00 118.00
30 19 139.00 115.90 141.10 118.00
31 19 141.10 115.90 143.20 118.00
32 19 143.20 115.90 145.30 118.00
33 19 145.30 115.90 147.40 118.00
34 19 147.40 115.90 149.50 118.00
35 19 149.50 115.90 151.60 118.00
36 19 151.60 115.90 153.70 118.00
37 19 153.70 115.90 155.80 118.00
38 19 155.80 115.90 157.90 118.00
39 19 157.90 115.90 160.00 118.00
 0 20  76.00 118.00  78.10 120.10
 1 20  78.10 118.00  80.20 120.10
 2 20  80.20 118.00  82.30 120.10
 3 20  82.30 118.00  84.40 120.10
 4 20  84.40 118.00  86.50 120.10
 5 20  86.50 118.00  88.60 120.10
 6 20  88.60 118.00  90.70 120.10
 7 20  90.70 118.00  92.80 120.10
 8 20  92.80 118.00  94.90 120.10
 9 20  94.90 118.00  97.00 120.10
10 20  97.00 118.00  99.10 120.10
11 20  99.10 118.00 101.20 120.10
12 20 101.20 118.00 103.30 120.10
13 20 103.30 118.00 105.40 120.10
14 20 105.40 118.00 107.50 120.10
15 20 107.50 118.00 109.60 120.10
16 20 109.60 118.00 111.70 120.10
17 20 111.70 118.00 113.80 120.10
18 20 113.80 118.00 115.90 120.10
19 20 115.90 118.00 118.00 120.10
20 20 118.00 118.00 120.10 120.10
21 20 120.10 118.00 122.20 120.10
22 20 122.20 118.00 124.30 120.10
23 20 124.30 118.00 126.40 120.10
24 20 126.40 118.00 128.50 120.10
25 20 128.50 118.00 130.60 120.10
26 20 130.60 118.00 132.70 120.10
27 20 132.70 118.00 134.80 120.10
28 20 134.80 118.00 136.90 120.10
29 20 136.90 118.00 139.00 120.10
30 20 139.00 118.00 141.10 120.10
31 20 141.10 118.00 143.20 120.10
32 20 143.20 118.00 145.30 120.10
33 20 145.30 118.00 147.40 120.10
34 20 147.40 118.00 149.50 120.10
35 20 149.50 118.00 151.60 120.10
36 20 151.60 118.00 153.70 120.10
37 20 153.70 118.00 155.80 120.10
38 20 155.80 118.00 157.90 120.10
39 20 157.90 118.00 160.00 120.10
 0 21  76.00 120.10  78.10 122.20
 1 21  78.10 120.10  80.20 122.20
 2 21  80.20 120.10  82.30 122.20
 3 21  82.30 120.10  84.40 122.20
 4 21  84.40 120.10  86.50 122.20
 5 21  86.50 120.10  88.60 122.20
 6 21  88.60 120.10  90.70 122.20
 7 21  90.70 120.10  92.80 122.20
 8 21  92.80 120.10  94.90 122.20
 9 21  94.90 120.10  97.00 122.20
10 21  97.00 120.10  99.10 122.20
11 21  99.10 120.10 101.20 122.20
12 21 101.20 120.10 103.30 122.20
13 21 103.30 120.10 105.40 122.20
14 21 105.40 120.10 107.50 122.20
15 21 107.50 120.10 109.60 122.20
16 21 109.60 120.10 111.70 122.20
17 21 111.70 120.10 113.80 122.20
18 21 113.80 120.10 115.90 122.20
19 21 115.90 120.10 118.00 122.20
20 21 118.00 120.10 120.10 122.20
21 21 120.10 120.10 122.20 122.20
22 21 122.20 120.10 124.30 122.20
23 21 124.30 120.10 126.40 122.20
24 21 126.40 120.10 128.50 122.20
25 21 128.50 120.10 130.60 122.20
26 21 130.60 120.10 132.70 122.20
27 21 132.70 120.10 134.80 122.20
28 21 134.80 120.10 136.90 122.20
29 21 136.90 120.10 139.00 122.20
30 21 139.00 120.10 141.10 122.20
31 21 141.10 120.10 143.20 122.20
32 21 143.20 120.10 145.30 122.20
33 21 145.30 120.10 147.40 122.20
34 21 147.40 120.10 149.50 122.20
35 21 149.50 120.10 151.60 122.20
36 21 151.60 120.10 153.70 122.20
37 21 153.70 120.10 155.80 122.20
38 21 155.80 120.10 157.90 122.20
39 21 157.90 120.10 160.00 122.20
 0 22  76.00 122.20  78.10 124.30
 1 22  78.10 122.20  80.20 124.30
 2 22  80.20 122.20  82.30 124.30
 3 22  82.30 122.20  84.40 124.30
 4 22  84.40 122.20  86.50 124.30
 5 22  86.50 122.20  88.60 124.30
 6 22  88.60 122.20  90.70 124.30
 7 22  90.70 122.20  92.80 124.30
 8 22  92.80 122.20  94.90 124.30
 9 22  94.90 122.20  97.00 124.30
10 22  97.00 122.20  99.10 124.30
11 22  99.10 122.20 101.20 124.30
12 22 101.20 122.20 103.30 124.30
13 22 103.30 122.20 105.40 124.30
14 22 105.40 122.20 107.50 124.30
15 22 107.50 122.20 109.60 124.30
16 22 109.60 122.20 111.70 124.30
17 22 111.70 122.20 113.80 124.30
18 22 113.80 122.20 115.90 124.30
19 22 115.90 122.20 118.00 124.30
20 22 118.00 122.20 120.10 124.30
21 22 120.10 122.20 122.20 124.30
22 22 122.20 122.20 124.30 124.30
23 22 124.30 122.20 126.40 124.30
24 22 126.40 122.20 128.50 124.30
25 22 128.50 122.20 130.60 124.30
26 22 130.60 122.20 132.70 124.30
27 22 132.70 122.20 134.80 124.30
28 22 134.80 122.20 136.90 124.30
29 22 136.90 122.20 139.00 124.30
30 22 139.00 122.20 141.10 124.30
31 22 141.10 122.20 143.20 124.30
32 22 143.20 122.20 145.30 124.30
33 22 145.30 122.20 147.40 124.30
34 22 147.40 122.20 149.50 124.30
35 22 149.50 122.20 151.60 124.30
36 22 151.60 122.20 153.70 124.30
37 22 153.70 122.20 155.80 124.30
38 22 155.80 122.20 157.90 124.30
39 22 157.90 122.20 160.00 124.30
 0 23  76.00 124.30  78.10 126.40
 1 23  78.10 124.30  80.20 126.40
 2 23  80.20 124.30  82.30 126.40
 3 23  82.30 124.30  84.40 126.40
 4 23  84.40 124.30  86.50 126.40
 5 23  86.50 124.30  88.60 126.40
 6 23  88.60 124.30  90.70 126.40
 7 23  90.70 124.30  92.80 126.40
 8 23  92.80 124.30  94.90 126.40
 9 23  94.90 124.30  97.00 126.40
10 23  97.00 124.30  99.10 126.40
11 23  99.10 124.30 101.20 126.40
12 23 101.20 124.30 103.30 126.40
13 23 103.30 124.30 105.40 126.40
14 23 105.40 124.30 107.50 126.40
15 23 107.50 124.30 109.60 126.40
16 23 109.60 124.30 111.70 126.40
17 23 111.70 124.30 113.80 126.40
18 23 113.80 124.30 115.90 126.40
19 23 115.90 124.30 118.00 126.40
20 23 118.00 124.30 120.10 126.40
21 23 120.10 124.30 122.20 126.40
22 23 122.20 124.30 124.30 126.40
23 23 124.30 124.30 126.40 126.40
24 23 126.40 124.30 128.50 126.40
25 23 128.50 124.30 130.60 126.40
26 23 130.60 124.30 132.70 126.40
27 23 132.70 124.30 134.80 126.40
28 23 134.80 124.30 136.90 126.40
29 23 136.90 124.30 139.00 126.40
30 23 139.00 124.30 141.10 126.40
31 23 141.10 124.30 143.20 126.40
32 23 143.20 124.30 145.30 126.40
33 23 145.30 124.30 147.40 126.40
34 23 147.40 124.30 149.50 126.40
35 23 149.50 124.30 151.60 126.40
36 23 151.60 124.30 153.70 126.40
37 23 153.70 124.30 155.80 126.40
38 23 155.80 124.30 157.90 126.40
39 23 157.90 124.30 160.00 126.40
 0 24  76.00 126.40  78.10 128.50
 1 24  78.10 126.40  80.20 128.50
 2 24  80.20 126.40  82.30 128.50
 3 24  82.30 126.40  84.40 128.50
 4 24  84.40 126.40  86.50 128.50
 5 24  86.50 126.40  88.60 128.50
 6 24  88.60 126.40  90.70 128.50
 7 24  90.70 126.40  92.80 128.50
 8 24  92.80 126.40  94.90 128.50
 9 24  94.90 126.40  97.00 128.50
10 24  97.00 126.40  99.10 128.50
11 24  99.10 126.40 101.20 128.50
12 24 101.20 126.40 103.30 128.50
13 24 103.30 126.40 105.40 128.50
14 24 105.40 126.40 107.50 128.50
15 24 107.50 126.40 109.60 128.50
16 24 109.60 126.40 111.70 128.50
17 24 111.70 126.40 113.80 128.50
18 24 113.80 126.40 115.90 128.50
19 24 115.90 126.40 118.00 128.50
20 24 118.00 126.40 120.10 128.50
21 24 120.10 126.40 122.20 128.50
22 24 122.20 126.40 124.30 128.50
23 24 124.30 126.40 126.40 128.50
24 24 126.40 126.40 128.50 128.50
25 24 128.50 126.40 130.60 128.50
26 24 130.60 126.40 132.70 128.50
27 24 132.70 126.40 134.80 128.50
28 24 134.80 126.40 136.90 128.50
29 24 136.90 126.40 139.00 128.50
30 24 139.00 126.40 141.10 128.50
31 24 141.10 126.40 143.20 128.50
32 24 143.20 126.40 145.30 128.50
33 24 145.30 126.40 147.40 128.50
34 24 147.40 126.40 149.50 128.50
35 24 149.50 126.40 151.60 128.50
36 24 151.60 126.40 153.70 128.50
37 24 153.70 126.40 155.80 128.50
38 24 155.80 126.40 157.90 128.50
39 24 157.90 126.40 160.00 128.50
 0 25  76.00 128.50  78.10 130.60
 1 25  78.10 128.50  80.20 130.60
 2 25  80.20 128.50  82.30 130.60
 3 25  82.30 128.50  84.40 130.60
 4 25  84.40 128.50  86.50 130.60
 5 25  86.50 128.50  88.60 130.60
 6 25  88.60 128.50  90.70 130.60
 7 25  90.70 128.50  92.80 130.60
 8 25  92.80 128.50  94.90 130.60
 9 25  94.90 128.50  97.00 130.60
10 25  97.00 128.50  99.10 130.60
11 25  99.10 128.50 101.20 130.60
12 25 101.20 128.50 103.30 130.60
13 25 103.30 128.50 105.40 130.60
14 25 105.40 128.50 107.50 130.60
15 25 107.50 128.50 109.60 130.60
16 25 109.60 128.50 111.70 130.60
17 25 111.70 128.50 113.80 130.60
18 25 113.80 128.50 115.90 130.60
19 25 115.90 128.50 118.00 130.60
20 25 118.00 128.50 120.10 130.60
21 25 120.10 128.50 122.20 130.60
22 25 122.20 128.50 124.30 130.60
23 25 124.30 128.50 126.40 130.60
24 25 126.40 128.50 128.50 130.60
25 25 128.50 128.50 130.60 130.60
26 25 130.60 128.50 132.70 130.60
27 25 132.70 128.50 134.80 130.60
28 25 134.80 128.50 136.90 130.60
29 25 136.90 128.50 139.00 130.60
30 25 139.00 128.50 141.10 130.60
31 25 141.10 128.50 143.20 130.60
32 25 143.20 128.50 145.30 130.60
33 25 145.30 128.50 147.40 130.60
34 25 147.40 128.50 149.50 130.60
35 25 149.50 128.50 151.60 130.60
36 25 151.60 128.50 153.70 130.60
37 25 153.70 128.50 155.80 130.60
38 25 155.80 128.50 157.90 130.60
39 25 157.90 128.50 160.00 130.60
 0 26  76.00 130.60  78.10 132.70
 1 26  78.10 130.60  80.20 132.70
 2 26  80.20 130.60  82.30 132.70
 3 26  82.30 130.60  84.40 132.70
 4 26  84.40 130.60  86.50 132.70
 5 26  86.50 130.60  88.60 132.70
 6 26  88.60 130.60  90.70 132.70
 7 26  90.70 130.60  92.80 132.70
 8 26  92.80 130.60  94.90 132.70
 9 26  94.90 130.60  97.00 132.70
10 26  97.00 130.60  99.10 132.70
11 26  99.10 130.60 101.20 132.70
12 26 101.20 130.60 103.30 132.70
13 26 103.30 130.60 105.40 132.70
14 26 105.40 130.60 107.50 132.70
15 26 107.50 130.60 109.60 132.70
16 26 109.60 130.60 111.70 132.70
17 26 111.70 130.60 113.80 132.70
18 26 113.80 130.60 115.90 132.70
19 26 115.90 130.60 118.00 132.70
20 26 118.00 130.60 120.10 132.70
21 26 120.10 130.60 122.20 132.70
22 26 122.20 130.60 124.30 132.70
23 26 124.30 130.60 126.40 132.70
24 26 126.40 130.60 128.50 132.70
25 26 128.50 130.60 130.60 132.70
26 26 130.60 130.60 132.70 132.70
27 26 132.70 130.60 134.80 132.70
28 26 134.80 130.60 136.90 132.70
29 26 136.90 130.60 139.00 132.70
30 26 139.00 130.60 141.10 132.70
31 26 141.10 130.60 143.20 132.70
32 26 143.20 130.60 145.30 132.70
33 26 145.30 130.60 147.40 132.70
34 26 147.40 130.60 149.50 132.70
35 26 149.50 130.60 151.60 132.70
36 26 151.60 130.60 153.70 132.70
37 26 153.70 130.60 155.80 132.70
38 26 155.80 130.60 157.90 132.70
39 26 157.90 130.60 160.00 132.70
 0 27  76.00 132.70  78.10 134.80
 1 27  78.10 132.70  80.20 134.80
 2 27  80.20 132.70  82.30 134.80
 3 27  82.30 132.70  84.40 134.80
 4 27  84.40 132.70  86.50 134.80
 5 27  86.50 132.70  88.60 134.80
 6 27  88.60 132.70  90.70 134.80
 7 27  90.70 132.70  92.80 134.80
 8 27  92.80 132.70  94.90 134.80
 9 27  94.90 132.70  97.00 134.80
10 27  97.00 132.70  99.10 134.80
11 27  99.10 132.70 101.20 134.80
12 27 101.20 132.70 103.30 134.80
13 27 103.30 132.70 105.40 134.80
14 27 105.40 132.70 107.50 134.80
15 27 107.50 132.70 109.60 134.80
16 27 109.60 132.70 111.70 134.80
17 27 111.70 132.70 113.80 134.80
18 27 113.80 132.70 115.90 134.80
19 27 115.90 132.70 118.00 134.80
20 27 118.00 132.70 120.10 134.80
21 27 120.10 132.70 122.20 134.80
22 27 122.20 132.70 124.30 134.80
23 27 124.30 132.70 126.40 134.80
24 27 126.40 132.70 128.50 134.80
25 27 128.50 132.70 130.60 134.80
26 27 130.60 132.70 132.70 134.80
27 27 132.70 132.70 134.80 134.80
28 27 134.80 132.70 136.90 134.80
29 27 136.90 132.70 139.00 134.80
30 27 139.00 132.70 141.10 134.80
31 27 141.10 132.70 143.20 134.80
32 27 143.20 132.70 145.30 134.80
33 27 145.30 132.70 147.40 134.80
34 27 147.40 132.70 149.50 134.80
35 27 149.50 132.70 151.60 134.80
36 27 151.60 132.70 153.70 134.80
37 27 153.70 132.70 155.80 134.80
38 27 155.80 132.70 157.90 134.80
39 27 157.90 132.70 160.00 134.80
 0 28  76.00 134.80  78.10 136.90
 1 28  78.10 134.80  80.20 136.90
 2 28  80.20 134.80  82.30 136.90
 3 28  82.30 134.80  84.40 136.90
 4 28  84.40 134.80  86.50 136.90
 5 28  86.50 134.80  88.60 136.90
 6 28  88.60 134.80  90.70 136.90
 7 28  90.70 134.80  92.80 136.90
 8 28  92.80 134.80  94.90 136.90
 9 28  94.90 134.80  97.00 136.90
10 28  97.00 134.80  99.10 136.90
11 28  99.10 134.80 101.20 136.90
12 28 101.20 134.80 103.30 136.90
13 28 103.30 134.80 105.40 136.90
14 28 105.40 134.80 107.50 136.90
15 28 107.50 134.80 109.60 136.90
16 28 109.60 134.80 111.70 136.90
17 28 111.70 134.80 113.80 136.90
18 28 113.80 134.80 115.90 136.90
19 28 115.90 134.80 118.00 136.90
20 28 118.00 134.80 120.10 136.90
21 28 120.10 134.80 122.20 136.90
22 28 122.20 134.80 124.30 136.90
23 28 124.30 134.80 126.40 136.90
24 28 126.40 134.80 128.50 136.90
25 28 128.50 134.80 130.60 136.90
26 28 130.60 134.80 132.70 136.90
27 28 132.70 134.80 134.80 136.90
28 28 134.80 134.80 136.90 136.90
29 28 136.90 134.80 139.00 136.90
30 28 139.00 134.80 141.10 136.90
31 28 141.10 134.80 143.20 136.90
32 28 143.20 134.80 145.30 136.90
33 28 145.30 134.80 147.40 136.90
34 28 147.40 134.80 149.50 136.90
35 28 149.50 134.80 151.60 136.90
36 28 151.60 134.80 153.70 136.90
37 28 153.70 134.80 155.80 136.90
38 28 155.80 134.80 157.90 136.90
39 28 157.90 134.80 160.00 136.90
 0 29  76.00 136.90  78.10 139.00
 1 29  78.10 136.90  80.20 139.00
 2 29  80.20 136.90  82.30 139.00
 3 29  82.30 136.90  84.40 139.00
 4 29  84.40 136.90  86.50 139.00
 5 29  86.50 136.90  88.60 139.00
 6 29  88.60 136.90  90.70 139.00
 7 29  90.70 136.90  92.80 139.00
 8 29  92.80 136.90  94.90 139.00
 9 29  94.90 136.90  97.00 139.00
10 29  97.00 136.90  99.10 139.00
11 29  99.10 136.90 101.20 139.00
12 29 101.20 136.90 103.30 139.00
13 29 103.30 136.90 105.40 139.00
14 29 105.40 136.90 107.50 139.00
15 29 107.50 136.90 109.60 139.00
16 29 109.60 136.90 111.70 139.00
17 29 111.70 136.90 113.80 139.00
18 29 113.80 136.90 115.90 139.00
19 29 115.90 136.90 118.00 139.00
20 29 118.00 136.90 120.10 139.00
21 29 120.10 136.90 122.20 139.00
22 29 122.20 136.90 124.30 139.00
23 29 124.30 136.90 126.40 139.00
24 29 126.40 136.90 128.50 139.00
25 29 128.50 136.90 130.60 139.00
26 29 130.60 136.90 132.70 139.00
27 29 132.70 136.90 134.80 139.00
28 29 134.80 136.90 136.90 139.00
29 29 136.90 136.90 139.00 139.00
30 29 139.00 136.90 141.10 139.00
31 29 141.10 136.90 143.20 139.00
32 29 143.20 136.90 145.30 139.00
33 29 145.30 136.90 147.40 139.00
34 29 147.40 136.90 149.50 139.00
35 29 149.50 136.90 151.60 139.00
36 29 151.60 136.90 153.70 139.00
37 29 153.70 136.90 155.80 139.00
38 29 155.80 136.90 157.90 139.00
39 29 157.90 136.90 160.00 139.00
 0 30  76.00 139.00  78.10 141.10
 1 30  78.10 139.00  80.20 141.10
 2 30  80.20 139.00  82.30 141.10
 3 30  82.30 139.00  84.40 141.10
 4 30  84.40 139.00  86.50 141.10
 5 30  86.50 139.00  88.60 141.10
 6 30  88.60 139.00  90.70 141.10
 7 30  90.70 139.00  92.80 141.10
 8 30  92.80 139.00  94.90 141.10
 9 30  94.90 139.00  97.00 141.10
10 30  97.00 139.00  99.10 141.10
11 30  99.10 139.00 101.20 141.10
12 30 101.20 139.00 103.30 141.10
13 30 103.30 139.00 105.40 141.10
14 30 105.40 139.00 107.50 141.10
15 30 107.50 139.00 109.60 141.10
16 30 109.60 139.00 111.70 141.10
17 30 111.70 139.00 113.80 141.10
18 30 113.80 139.00 115.90 141.10
19 30 115.90 139.00 118.00 141.10
20 30 118.00 139.00 120.10 141.10
21 30 120.10 139.00 122.20 141.10
22 30 122.20 139.00 124.30 141.10
23 30 124.30 139.00 126.40 141.10
24 30 126.40 139.00 128.50 141.10
25 30 128.50 139.00 130.60 141.10
26 30 130.60 139.00 132.70 141.10
27 30 132.70 139.00 134.80 141.10
28 30 134.80 139.00 136.90 141.10
29 30 136.90 139.00 139.00 141.10
30 30 139.00 139.00 141.10 141.10
31 30 141.10 139.00 143.20 141.10
32 30 143.20 139.00 145.30 141.10
33 30 145.30 139.00 147.40 141.10
34 30 147.40 139.00 149.50 141.10
35 30 149.50 139.00 151.60 141.10
36 30 151.60 139.00 153.70 141.10
37 30 153.70 139.00 155.80 141.10
38 30 155.80 139.00 157.90 141.10
39 30 157.90 139.00 160.00 141.10
 0 31  76.00 141.10  78.10 143.20
 1 31  78.10 141.10  80.20 143.20
 2 31  80.20 141.10  82.30 143.20
 3 31  82.30 141.10  84.40 143.20
 4 31  84.40 141.10  86.50 143.20
 5 31  86.50 141.10  88.60 143.20
 6 31  88.60 141.10  90.70 143.20
 7 31  90.70 141.10  92.80 143.20
 8 31  92.80 141.10  94.90 143.20
 9 31  94.90 141.10  97.00 143.20
10 31  97.00 141.10  99.10 143.20
11 31  99.10 141.10 101.20 143.20
12 31 101.20 141.10 103.30 143.20
13 31 103.30 141.10 105.40 143.20
14 31 105.40 141.10 107.50 143.20
15 31 107.50 141.10 109.60 143.20
16 31 109.60 141.10 111.70 143.20
17 31 111.70 141.10 113.80 143.20
18 31 113.80 141.10 115.90 143.20
19 31 115.90 141.10 118.00 143.20
20 31 118.00 141.10 120.10 143.20
21 31 120.10 141.10 122.20 143.20
22 31 122.20 141.10 124.30 143.20
23 31 124.30 141.10 126.40 143.20
24 31 126.40 141.10 128.50 143.20
25 31 128.50 141.10 130.60 143.20
26 31 130.60 141.10 132.70 143.20
27 31 132.70 141.10 134.80 143.20
28 31 134.80 141.10 136.90 143.20
29 31 136.90 141.10 139.00 143.20
30 31 139.00 141.10 141.10 143.20
31 31 141.10 141.10 143.20 143.20
32 31 143.20 141.10 145.30 143.20
33 31 145.30 141.10 147.40 143.20
34 31 147.40 141.10 149.50 143.20
35 31 149.50 141.10 151.60 143.20
36 31 151.60 141.10 153.70 143.20
37 31 153.70 141.10 155.80 143.20
38 31 155.80 141.10 157.90 143.20
39 31 157.90 141.10 160.00 143.20
 0 32  76.00 143.20  78.10 145.30
 1 32  78.10 143.20  80.20 145.30
 2 32  80.20 143.20  82.30 145.30
 3 32  82.30 143.20  84.40 145.30
 4 32  84.40 143.20  86.50 145.30
 5 32  86.50 143.20  88.60 145.30
 6 32  88.60 143.20  90.70 145.30
 7 32  90.70 143.20  92.80 145.30
 8 32  92.80 143.20  94.90 145.30
 9 32  94.90 143.20  97.00 145.30
10 32  97.00 143.20  99.10 145.30
11 32  99.10 143.20 101.20 145.30
12 32 101.20 143.20 103.30 145.30
13 32 103.30 143.20 105.40 145.30
14 32 105.40 143.20 107.50 145.30
15 32 107.50 143.20 109.60 145.30
16 32 109.60 143.20 111.70 145.30
17 32 111.70 143.20 113.80 145.30
18 32 113.80 143.20 115.90 145.30
19 32 115.90 143.20 118.00 145.30
20 32 118.00 143.20 120.10 145.30
21 32 120.10 143.20 122.20 145.30
22 32 122.20 143.20 124.30 145.30
23 32 124.30 143.20 126.40 145.30
24 32 126.40 143.20 128.50 145.30
25 32 128.50 143.20 130.60 145.30
26 32 130.60 143.20 132.70 145.30
27 32 132.70 143.20 134.80 145.30
28 32 134.80 143.20 136.90 145.30
29 32 136.90 143.20 139.00 145.30
30 32 139.00 143.20 141.10 145.30
31 32 141.10 143.20 143.20 145.30
32 32 143.20 143.20 145.30 145.30
33 32 145.30 143.20 147.40 145.30
34 32 147.40 143.20 149.50 145.30
35 32 149.50 143.20 151.60 145.30
36 32 151.60 143.20 153.70 145.30
37 32 153.70 143.20 155.80 145.30
38 32 155.80 143.20 157.90 145.30
39 32 157.90 143.20 160.00 145.30
 0 33  76.00 145.30  78.10 147.40
 1 33  78.10 145.30  80.20 147.40
 2 33  80.20 145.30  82.30 147.40
 3 33  82.30 145.30  84.40 147.40
 4 33  84.40 145.30  86.50 147.40
 5 33  86.50 145.30  88.60 147.40
 6 33  88.60 145.30  90.70 147.40
 7 33  90.70 145.30  92.80 147.40
 8 33  92.80 145.30  94.90 147.40
 9 33  94.90 145.30  97.00 147.40
10 33  97.00 145.30  99.10 147.40
11 33  99.10 145.30 101.20 147.40
12 33 101.20 145.30 103.30 147.40
13 33 103.30 145.30 105.40 147.40
14 33 105.40 145.30 107.50 147.40
15 33 107.50 145.30 109.60 147.40
16 33 109.60 145.30 111.70 147.40
17 33 111.70 145.30 113.80 147.40
18 33 113.80 145.30 115.90 147.40
19 33 115.90 145.30 118.00 147.40
20 33 118.00 145.30 120.10 147.40
21 33 120.10 145.30 122.20 147.40
22 33 122.20 145.30 124.30 147.40
23 33 124.30 145.30 126.40 147.40
24 33 126.40 145.30 128.50 147.40
25 33 128.50 145.30 130.60 147.40
26 33 130.60 145.30 132.70 147.40
27 33 132.70 145.30 134.80 147.40
28 33 134.80 145.30 136.90 147.40
29 33 136.90 145.30 139.00 147.40
30 33 139.00 145.30 141.10 147.40
31 33 141.10 145.30 143.20 147.40
32 33 143.20 145.30 145.30 147.40
33 33 145.30 145.30 147.40 147.40
34 33 147.40 145.30 149.50 147.40
35 33 149.50 145.30 151.60 147.40
36 33 151.60 145.30 153.70 147.40
37 33 153.70 145.30 155.80 147.40
38 33 155.80 145.30 157.90 147.40
39 33 157.90 145.30 160.00 147.40
 0 34  76.00 147.40  78.10 149.50
 1 34  78.10 147.40  80.20 149.50
 2 34  80.20 147.40  82.30 149.50
 3 34  82.30 147.40  84.40 149.50
 4 34  84.40 147.40  86.50 149.50
 5 34  86.50 147.40  88.60 149.50
 6 34  88.60 147.40  90.70 149.50
 7 34  90.70 147.40  92.80 149.50
 8 34  92.80 147.40  94.90 149.50
 9 34  94.90 147.40  97.00 149.50
10 34  97.00 147.40  99.10 149.50
11 34  99.10 147.40 101.20 149.50
12 34 101.20 147.40 103.30 149.50
13 34 103.30 147.40 105.40 149.50
14 34 105.40 147.40 107.50 149.50
15 34 107.50 147.40 109.60 149.50
16 34 109.60 147.40 111.70 149.50
17 34 111.70 147.40 113.80 149.50
18 34 113.80 147.40 115.90 149.50
19 34 115.90 147.40 118.00 149.50
20 34 118.00 147.40 120.10 149.50
21 34 120.10 147.40 122.20 149.50
22 34 122.20 147.40 124.30 149.50
23 34 124.30 147.40 126.40 149.50
24 34 126.40 147.40 128.50 149.50
25 34 128.50 147.40 130.60 149.50
26 34 130.60 147.40 132.70 149.50
27 34 132.70 147.40 134.80 149.50
28 34 134.80 147.40 136.90 149.50
29 34 136.90 147.40 139.00 149.50
30 34 139.00 147.40 141.10 149.50
31 34 141.10 147.40 143.20 149.50
32 34 143.20 147.40 145.30 149.50
33 34 145.30 147.40 147.40 149.50
34 34 147.40 147.40 149.50 149.50
35 34 149.50 147.40 151.60 149.50
36 34 151.60 147.40 153.70 149.50
37 34 153.70 147.40 155.80 149.50
38 34 155.80 147.40 157.90 149.50
39 34 157.90 147.40 160.00 149.50
 0 35  76.00 149.50  78.10 151.60
 1 35  78.10 149.50  80.20 151.60
 2 35  80.20 149.50  82.30 151.60
 3 35  82.30 149.50  84.40 151.60
 4 35  84.40 149.50  86.50 151.60
 5 35  86.50 149.50  88.60 151.60
 6 35  88.60 149.50  90.70 151.60
 7 35  90.70 149.50  92.80 151.60
 8 35  92.80 149.50  94.90 151.60
 9 35  94.90 149.50  97.00 151.60
10 35  97.00 149.50  99.10 151.60
11 35  99.10 149.50 101.20 151.60
12 35 101.20 149.50 103.30 151.60
13 35 103.30 149.50 105.40 151.60
14 35 105.40 149.50 107.50 151.60
15 35 107.50 149.50 109.60 151.60
16 35 109.60 149.50 111.70 151.60
17 35 111.70 149.50 113.80 151.60
18 35 113.80 149.50 115.90 151.60
19 35 115.90 149.50 118.00 151.60
20 35 118.00 149.50 120.10 151.60
21 35 120.10 149.50 122.20 151.60
22 35 122.20 149.50 124.30 151.60
23 35 124.30 149.50 126.40 151.60
24 35 126.40 149.50 128.50 151.60
25 35 128.50 149.50 130.60 151.60
26 35 130.60 149.50 132.70 151.60
27 35 132.70 149.50 134.80 151.60
28 35 134.80 149.50 136.90 151.60
29 35 136.90 149.50 139.00 151.60
30 35 139.00 149.50 141.10 151.60
31 35 141.10 149.50 143.20 151.60
32 35 143.20 149.50 145.30 151.60
33 35 145.30 149.50 147.40 151.60
34 35 147.40 149.50 149.50 151.60
35 35 149.50 149.50 151.60 151.60
36 35 151.60 149.50 153.70 151.60
37 35 153.70 149.50 155.80 151.60
38 35 155.80 149.50 157.90 151.60
39 35 157.90 149.50 160.00 151.60
 0 36  76.00 151.60  78.10 153.70
 1 36  78.10 151.60  80.20 153.70
 2 36  80.20 151.60  82.30 153.70
 3 36  82.30 151.60  84.40 153.70
 4 36  84.40 151.60  86.50 153.70
 5 36  86.50 151.60  88.60 153.70
 6 36  88.60 151.60  90.70 153.70
 7 36  90.70 151.60  92.80 153.70
 8 36  92.80 151.60  94.90 153.70
 9 36  94.90 151.60  97.00 153.70
10 36  97.00 151.60  99.10 153.70
11 36  99.10 151.60 101.20 153.70
12 36 101.20 151.60 103.30 153.70
13 36 103.30 151.60 105.40 153.70
14 36 105.40 151.60 107.50 153.70
15 36 107.50 151.60 109.60 153.70
16 36 109.60 151.60 111.70 153.70
17 36 111.70 151.60 113.80 153.70
18 36 113.80 151.60 115.90 153.70
19 36 115.90 151.60 118.00 153.70
20 36 118.00 151.60 120.10 153.70
21 36 120.10 151.60 122.20 153.70
22 36 122.20 151.60 124.30 153.70
23 36 124.30 151.60 126.40 153.70
24 36 126.40 151.60 128.50 153.70
25 36 128.50 151.60 130.60 153.70
26 36 130.60 151.60 132.70 153.70
27 36 132.70 151.60 134.80 153.70
28 36 134.80 151.60 136.90 153.70
29 36 136.90 151.60 139.00 153.70
30 36 139.00 151.60 141.10 153.70
31 36 141.10 151.60 143.20 153.70
32 36 143.20 151.60 145.30 153.70
33 36 145.30 151.60 147.40 153.70
34 36 147.40 151.60 149.50 153.70
35 36 149.50 151.60 151.60 153.70
36 36 151.60 151.60 153.70 153.70
37 36 153.70 151.60 155.80 153.70
38 36 155.80 151.60 157.90 153.70
39 36 157.90 151.60 160.00 153.70
 0 37  76.00 153.70  78.10 155.80
 1 37  78.10 153.70  80.20 155.80
 2 37  80.20 153.70  82.30 155.80
 3 37  82.30 153.70  84.40 155.80
 4 37  84.40 153.70  86.50 155.80
 5 37  86.50 153.70  88.60 155.80
 6 37  88.60 153.70  90.70 155.80
 7 37  90.70 153.70  92.80 155.80
 8 37  92.80 153.70  94.90 155.80
 9 37  94.90 153.70  97.00 155.80
10 37  97.00 153.70  99.10 155.80
11 37  99.10 153.70 101.20 155.80
12 37 101.20 153.70 103.30 155.80
13 37 103.30 153.70 105.40 155.80
14 37 105.40 153.70 107.50 155.80
15 37 107.50 153.70 109.60 155.80
16 37 109.60 153.70 111.70 155.80
17 37 111.70 153.70 113.80 155.80
18 37 113.80 153.70 115.90 155.80
19 37 115.90 153.70 118.00 155.80
20 37 118.00 153.70 120.10 155.80
21 37 120.10 153.70 122.20 155.80
22 37 122.20 153.70 124.30 155.80
23 37 124.30 153.70 126.40 155.80
24 37 126.40 153.70 128.50 155.80
25 37 128.50 153.70 130.60 155.80
26 37 130.60 153.70 132.70 155.80
27 37 132.70 153.70 134.80 155.80
28 37 134.80 153.70 136.90 155.80
29 37 136.90 153.70 139.00 155.80
30 37 139.00 153.70 141.10 155.80
31 37 141.10 153.70 143.20 155.80
32 37 143.20 153.70 145.30 155.80
33 37 145.30 153.70 147.40 155.80
34 37 147.40 153.70 149.50 155.80
35 37 149.50 153.70 151.60 155.80
36 37 151.60 153.70 153.70 155.80
37 37 153.70 153.70 155.80 155.80
38 37 155.80 153.70 157.90 155.80
39 37 157.90 153.70 160.00 155.80
 0 38  76.00 155.80  78.10 157.90
 1 38  78.10 155.80  80.20 157.90
 2 38  80.20 155.80  82.30 157.90
 3 38  82.30 155.80  84.40 157.90
 4 38  84.40 155.80  86.50 157.90
 5 38  86.50 155.80  88.60 157.90
 6 38  88.60 155.80  90.70 157.90
 7 38  90.70 155.80  92.80 157.90
 8 38  92.80 155.80  94.90 157.90
 9 38  94.90 155.80  97.00 157.90
10 38  97.00 155.80  99.10 157.90
11 38  99.10 155.80 101.20 157.90
12 38 101.20 155.80 103.30 157.90
13 38 103.30 155.80 105.40 157.90
14 38 105.40 155.80 107.50 157.90
15 38 107.50 155.80 109.60 157.90
16 38 109.60 155.80 111.70 157.90
17 38 111.70 155.80 113.80 157.90
18 38 113.80 155.80 115.90 157.90
19 38 115.90 155.80 118.00 157.90
20 38 118.00 155.80 120.10 157.90
21 38 120.10 155.80 122.20 157.90
22 38 122.20 155.80 124.30 157.90
23 38 124.30 155.80 126.40 157.90
24 38 126.40 155.80 128.50 157.90
25 38 128.50 155.80 130.60 157.90
26 38 130.60 155.80 132.70 157.90
27 38 132.70 155.80 134.80 157.90
28 38 134.80 155.80 136.90 157.90
29 38 136.90 155.80 139.00 157.90
30 38 139.00 155.80 141.10 157.90
31 38 141.10 155.80 143.20 157.90
32 38 143.20 155.80 145.30 157.90
33 38 145.30 155.80 147.40 157.90
34 38 147.40 155.80 149.50 157.90
35 38 149.50 155.80 151.60 157.90
36 38 151.60 155.80 153.70 157.90
37 38 153.70 155.80 155.80 157.90
38 38 155.80 155.80 157.90 157.90
39 38 157.90 155.80 160.00 157.90
 0 39  76.00 157.90  78.10 160.00
 1 39  78.10 157.90  80.20 160.00
 2 39  80.20 157.90  82.30 160.00
 3 39  82.30 157.90  84.40 160.00
 4 39  84.40 157.90  86.50 160.00
 5 39  86.50 157.90  88.60 160.00
 6 39  88.60 157.90  90.70 160.00
 7 39  90.70 157.90  92.80 160.00
 8 39  92.80 157.90  94.90 160.00
 9 39  94.90 157.90  97.00 160.00
10 39  97.00 157.90  99.10 160.00
11 39  99.10 157.90 101.20 160.00
12 39 101.20 157.90 103.30 160.00
13 39 103.30 157.90 105.40 160.00
14 39 105.40 157.90 107.50 160.00
15 39 107.50 157.90 109.60 160.00
16 39 109.60 157.90 111.70 160.00
17 39 111.70 157.90 113.80 160.00
18 39 113.80 157.90 115.90 160.00
19 39 115.90 157.90 118.00 160.00
20 39 118.00 157.90 120.10 160.00
21 39 120.10 157.90 122.20 160.00
22 39 122.20 157.90 124.30 160.00
23 39 124.30 157.90 126.40 160.00
24 39 126.40 157.90 128.50 160.00
25 39 128.50 157.90 130.60 160.00
26 39 130.60 157.90 132.70 160.00
27 39 132.70 157.90 134.80 160.00
28 39 134.80 157.90 136.90 160.00
29 39 136.90 157.90 139.00 160.00
30 39 139.00 157.90 141.10 160.00
31 39 141.10 157.90 143.20 160.00
32 39 143.20 157.90 145.30 160.00
33 39 145.30 157.90 147.40 160.00
34 39 147.40 157.90 149.50 160.00
35 39 149.50 157.90 151.60 160.00
36 39 151.60 157.90 153.70 160.00
37 39 153.70 157.90 155.80 160.00
38 39 155.80 157.90 157.90 160.00
39 39 157.90 157.90 160.00 160.00
