// index column row  mean  error sigma   chi2/ndf width  status
   2   39   37  10.357    0.179    1.131   10.455    10.357   FAILED
   3   39   36  10.096    0.048    1.328   14.962    10.096   FAILED
   6   39   33  11.639    0.231    1.637   10.926    11.639   FAILED
  10   39   29  12.329    0.113    1.590   14.432    12.329   FAILED
  13   39   26  10.320    0.197    1.344    9.348    10.320   FAILED
  15   39   24  10.659    0.140    1.709   10.958    10.659   FAILED
  16   39   23  11.490    0.249    1.354    8.829    11.490   FAILED
  17   39   22  10.584    0.356    0.851    4.191    10.584   FAILED
  20   39   19  10.348    0.151    1.333   15.527    10.348   FAILED
  21   39   18  10.904    0.171    1.488   14.818    10.904   FAILED
  24   39   15   6.006    0.117    0.973   23.997     6.006   SUCCESS
  26   39   13  12.349    0.015    1.610   14.509    12.349   FAILED
  27   39   12  10.389    0.149    1.281   13.493    10.389   FAILED
  28   39   11  13.231    0.216    1.736   10.575    13.231   FAILED
  30   39    9  10.530    0.168    1.468   16.872    10.530   FAILED
  33   39    6  10.421    0.155    1.241   15.656    10.421   FAILED
  34   39    5  11.390    0.176    1.357   13.510    11.390   FAILED
  36   39    3  10.128    0.172    1.229   10.621    10.128   FAILED
  37   39    2  10.347    0.030    1.299   13.023    10.347   FAILED
  39   39    0  10.065    0.149    0.688    7.205    10.065   FAILED
  45   38   34  10.833    0.201    1.791   14.886    10.833   FAILED
  46   38   33  12.873    0.211    1.721   12.728    12.873   FAILED
  48   38   31  11.133    0.165    1.425   14.608    11.133   FAILED
  58   38   21  11.516    0.211    1.134    7.799    11.516   FAILED
  71   38    8  11.946    0.184    1.684   16.013    11.946   FAILED
  72   38    7   6.932    0.235    0.888    7.532     6.932   FAILED
  75   38    4   5.498    0.193    1.907   19.392     5.498   FAILED
  76   38    3  12.060    0.158    1.379    9.484    12.060   FAILED
  81   37   38  10.158    0.463    1.285    3.657    10.158   FAILED
  83   37   36  12.323    0.186    1.506   13.097    12.323   FAILED
  84   37   35  11.457    0.128    1.452   13.475    11.457   FAILED
  86   37   33  10.825    0.173    1.312   13.736    10.825   FAILED
  92   37   27  10.329    0.069    1.373   15.982    10.329   FAILED
  93   37   26  11.743    0.177    1.472   12.399    11.743   FAILED
  94   37   25   6.991    0.223    0.874    6.614     6.991   FAILED
  99   37   20  10.681    0.111    1.493   12.739    10.681   FAILED
 100   37   19  11.067    0.182    1.554   13.841    11.067   FAILED
 101   37   18   6.663    0.166    0.826    8.709     6.663   FAILED
 102   37   17   7.284    0.459    1.023   15.712     7.284   SUCCESS
 106   37   13  10.024    0.163    1.418   12.904    10.024   FAILED
 108   37   11   6.566    0.129    0.908   20.665     6.566   FAILED
 109   37   10  11.680    0.181    1.581   12.300    11.680   FAILED
 111   37    8  10.794    0.176    1.476   12.940    10.794   FAILED
 112   37    7  10.441    0.054    1.144   14.285    10.441   FAILED
 119   37    0  10.367    0.269    1.112    6.266    10.367   FAILED
 121   36   38  11.675    0.200    1.593   10.472    11.675   FAILED
 124   36   35   4.530    0.105    0.787   18.786     4.530   FAILED
 126   36   33  10.017    0.175    0.881    8.628    10.017   FAILED
 131   36   28  10.427    0.200    1.714   12.956    10.427   FAILED
 133   36   26  10.106    0.158    1.184   14.616    10.106   FAILED
 135   36   24  10.426    0.164    1.447   17.470    10.426   FAILED
 136   36   23   6.925    0.144    0.860   11.353     6.925   FAILED
 138   36   21  11.423    0.163    1.415   13.390    11.423   FAILED
 140   36   19   9.485    0.134    1.081   17.645     9.485   SUCCESS
 141   36   18  10.546    0.165    1.344   14.583    10.546   FAILED
 144   36   15  10.670    0.186    1.490   13.432    10.670   FAILED
 147   36   12  13.723    0.331    2.127   11.235    13.723   FAILED
 149   36   10  10.237    0.171    1.429   14.257    10.237   FAILED
 152   36    7  10.989    0.077    1.595   15.477    10.989   FAILED
 154   36    5  10.725    0.194    1.607   14.496    10.725   FAILED
 155   36    4  10.383    0.194    1.527   12.269    10.383   FAILED
 156   36    3  11.475    0.355    1.415    9.721    11.475   FAILED
 158   36    1  10.001    0.232    1.446   11.196    10.001   FAILED
 159   36    0  10.319    0.289    1.373    7.142    10.319   FAILED
 162   35   37   6.756    0.126    1.041   17.513     6.756   FAILED
 163   35   36   6.538    0.131    1.086   25.281     6.538   FAILED
 173   35   26  10.127    0.162    1.296   14.651    10.127   FAILED
 177   35   22  10.351    0.191    1.329   10.776    10.351   FAILED
 182   35   17  10.448    0.166    1.385   12.925    10.448   FAILED
 186   35   13  11.605    0.184    1.573   14.706    11.605   FAILED
 188   35   11  13.260    0.177    1.394   10.610    13.260   FAILED
 194   35    5  10.915    0.166    1.227   11.538    10.915   FAILED
 196   35    3  10.503    0.192    1.427   10.974    10.503   FAILED
 197   35    2  10.744    0.072    1.275   12.948    10.744   FAILED
 198   35    1  10.121    0.114    1.230   10.077    10.121   FAILED
 199   35    0  12.160    0.214    1.506    7.455    12.160   FAILED
 203   34   36   6.530    0.061    0.970   21.057     6.530   FAILED
 215   34   24  12.131    0.189    1.458   10.554    12.131   SUCCESS
 219   34   20  10.465    0.040    1.364   10.926    10.465   FAILED
 232   34    7  10.446    0.203    1.565   12.613    10.446   FAILED
 236   34    3  11.995    0.203    1.224    8.753    11.995   FAILED
 239   34    0  11.309    0.291    1.456    6.743    11.309   FAILED
 242   33   37   1.674    0.038    0.588   54.632     1.674   FAILED
 243   33   36   0.147   58.676    1.492   40.363     0.147   SUCCESS
 247   33   32   6.616    0.204    0.851    9.182     6.616   FAILED
 248   33   31  10.068    0.083    1.453   13.577    10.068   SUCCESS
 250   33   29   6.860    0.164    0.984   12.660     6.860   FAILED
 252   33   27   6.963    0.246    0.967    5.598     6.963   FAILED
 264   33   15  10.595    0.194    1.506   11.323    10.595   FAILED
 265   33   14  10.375    0.174    1.286   10.617    10.375   FAILED
 272   33    7  10.215    0.189    1.363   12.699    10.215   FAILED
 275   33    4  13.345    0.245    1.590    8.060    13.345   FAILED
 276   33    3  11.645    0.276    1.737    7.371    11.645   FAILED
 280   32   39   6.326    0.261    0.733    6.441     6.326   FAILED
 281   32   38  13.006    0.217    1.534    9.270    13.006   FAILED
 284   32   35   3.353    0.108    1.051   23.687     3.353   FAILED
 285   32   34  10.903    0.629    0.953    3.493    10.903   FAILED
 286   32   33  11.521    0.181    1.246   10.013    11.521   FAILED
 287   32   32   6.948    0.142    0.808   11.569     6.948   FAILED
 295   32   24  10.925    0.198    1.499   12.511    10.925   FAILED
 302   32   17   6.983    0.466    1.129    3.552     6.983   FAILED
 306   32   13   6.947    0.064    0.744    7.180     6.947   FAILED
 307   32   12  12.322    0.147    1.916   12.882    12.322   FAILED
 313   32    6  11.700    0.235    1.652   10.822    11.700   FAILED
 315   32    4  10.279    0.081    1.254    8.694    10.279   FAILED
 316   32    3   8.948    0.198    1.202   10.718     8.948   SUCCESS
 318   32    1  10.133    0.199    1.104    9.034    10.133   FAILED
 322   31   37   3.852    0.142    1.330   21.475     3.852   FAILED
 323   31   36   6.100    0.155    1.082   12.556     6.100   FAILED
 329   31   30   6.598    0.347    0.783    5.632     6.598   FAILED
 333   31   26   6.943    0.229    0.725    5.756     6.943   FAILED
 334   31   25  10.438    0.232    1.497    9.847    10.438   FAILED
 337   31   22   6.343    0.195    0.788    8.629     6.343   FAILED
 347   31   12   6.572    0.192    0.903    8.826     6.572   FAILED
 352   31    7  12.441    0.226    1.461    9.981    12.441   FAILED
 356   31    3  10.031    0.218    1.295    8.340    10.031   FAILED
 357   31    2  10.771    0.231    1.327    9.282    10.771   FAILED
 358   31    1  12.419    0.210    1.588    8.602    12.419   FAILED
 361   30   38   0.000    0.368    1.411   22.774     0.000   FAILED
 362   30   37  11.223    0.234    0.807    5.694    11.223   FAILED
 364   30   35  10.776    0.231    1.790   12.753    10.776   FAILED
 366   30   33  10.743    0.297    1.380    7.112    10.743   FAILED
 367   30   32   6.629    0.200    1.596   13.303     6.629   FAILED
 368   30   31   6.686    0.152    1.152   15.271     6.686   FAILED
 371   30   28  10.571    0.194    1.417   13.186    10.571   FAILED
 375   30   24  13.513    0.237    1.731    9.611    13.513   FAILED
 378   30   21  10.533    0.191    1.438   11.558    10.533   FAILED
 380   30   19  11.462    0.222    1.643   11.387    11.462   FAILED
 383   30   16  12.042    0.245    1.913   13.678    12.042   FAILED
 385   30   14  10.954    0.209    1.557   12.720    10.954   FAILED
 389   30   10  11.127    0.243    1.485    8.642    11.127   FAILED
 392   30    7  10.275    0.223    0.976    7.030    10.275   FAILED
 398   30    1  12.266    0.324    1.701    7.176    12.266   FAILED
 399   30    0   6.952    0.345    0.779    4.607     6.952   FAILED
 401   29   38   8.863    3.351    2.926      inf     8.863   FAILED
 404   29   35   6.622    0.147    0.765   14.290     6.622   FAILED
 406   29   33   1.863    0.072    0.723   29.834     1.863   FAILED
 409   29   30   6.110    0.189    0.976   11.119     6.110   FAILED
 410   29   29  33.501    0.749    5.000    4.566    33.501   FAILED
 411   29   28  21.169    0.302    1.959    6.282    21.169   FAILED
 412   29   27  35.232    0.154    3.346    3.448    35.232   SUCCESS
 413   29   26  19.400    0.289    1.877    7.248    19.400   FAILED
 414   29   25  20.380    0.504    3.530    7.527    20.380   FAILED
 415   29   24  16.532    0.362    2.454    8.346    16.532   FAILED
 416   29   23  17.725    0.303    1.977    7.370    17.725   FAILED
 417   29   22  14.355    0.240    1.720   11.233    14.355   FAILED
 418   29   21  16.972    0.332    2.454    9.107    16.972   FAILED
 419   29   20  17.056    0.389    2.981    8.071    17.056   FAILED
 420   29   19  24.025    0.452    2.992    6.272    24.025   FAILED
 421   29   18  26.190    0.616    4.003    5.499    26.190   FAILED
 422   29   17  31.574    0.712    4.632    5.824    31.574   FAILED
 423   29   16  28.706    0.678    4.481    5.781    28.706   FAILED
 424   29   15  49.873    1.117    5.000    2.358    49.873   FAILED
 425   29   14  23.029    0.560    3.132    5.700    23.029   SUCCESS
 426   29   13  19.577    0.498    3.204    7.616    19.577   FAILED
 427   29   12  20.498    0.407    2.644    7.015    20.498   FAILED
 428   29   11  30.404    0.658    3.852    4.501    30.404   FAILED
 429   29   10  47.384    1.617    5.000    1.666    47.384   FAILED
 438   29    1  11.330    0.450    1.446    4.606    11.330   FAILED
 440   28   39   3.159    0.107    1.025   28.840     3.159   FAILED
 441   28   38   1.500    0.000    0.000   68.301     1.500   FAILED
 443   28   36   5.229    0.080    1.850   17.004     5.229   FAILED
 444   28   35   6.074    0.190    1.400   13.979     6.074   FAILED
 446   28   33  10.728    0.097    1.488    6.285    10.728   FAILED
 447   28   32  11.785    0.245    1.757   10.577    11.785   FAILED
 450   28   29  20.879    0.366    2.444    6.680    20.879   FAILED
 451   28   28  18.043    0.391    2.754    7.202    18.043   FAILED
 452   28   27  44.837    0.933    5.000    3.937    44.837   FAILED
 453   28   26  20.865    0.428    2.708    6.941    20.865   FAILED
 454   28   25  14.584    0.117    2.449    9.427    14.584   FAILED
 455   28   24  23.942    0.490    3.176    5.076    23.942   FAILED
 456   28   23  16.634    0.353    2.615    8.198    16.634   FAILED
 457   28   22  25.158    0.489    2.871    5.271    25.158   FAILED
 458   28   21  22.854    0.415    2.742    6.065    22.854   FAILED
 459   28   20  30.238    0.667    5.000    5.218    30.238   FAILED
 460   28   19  21.711    0.418    2.592    5.761    21.711   FAILED
 461   28   18  19.378    0.485    3.116    6.039    19.378   FAILED
 462   28   17  21.771    0.503    3.097    5.864    21.771   FAILED
 463   28   16  18.017    0.423    2.978    8.003    18.017   FAILED
 464   28   15  24.228    0.505    3.210    5.393    24.228   FAILED
 465   28   14  21.247    0.390    2.509    6.678    21.247   FAILED
 466   28   13  31.600    0.961    4.186    4.001    31.600   FAILED
 467   28   12  19.213    0.358    2.102    6.272    19.213   FAILED
 468   28   11  37.443    1.321    4.031    2.595    37.443   FAILED
 469   28   10  34.891    0.985    4.081    2.943    34.891   FAILED
 471   28    8   6.820    0.198    0.843   10.777     6.820   FAILED
 473   28    6  10.771    0.244    1.576    9.847    10.771   FAILED
 475   28    4  12.686    0.255    1.647    8.538    12.686   FAILED
 476   28    3  10.488    0.213    1.363    9.980    10.488   FAILED
 477   28    2  10.972    0.128    1.518    8.174    10.972   FAILED
 478   28    1   8.994    0.237    1.217    7.784     8.994   SUCCESS
 481   27   38   9.692    1.589    1.239      inf     9.692   FAILED
 484   27   35  11.308   19.119    1.409    8.021    11.308   SUCCESS
 487   27   32  10.503    0.222    1.442   10.005    10.503   FAILED
 489   27   30  13.477    0.250    1.574    7.793    13.477   FAILED
 490   27   29  19.135    0.367    2.363    6.975    19.135   FAILED
 491   27   28  25.299    0.550    3.149    5.192    25.299   FAILED
 492   27   27  24.808    0.626    3.814    5.294    24.808   FAILED
 493   27   26  38.409    0.929    5.000    3.104    38.409   FAILED
 494   27   25  16.129    0.387    2.411    7.971    16.129   FAILED
 495   27   24  32.790    0.913    4.077    3.679    32.790   FAILED
 496   27   23  16.855    0.364    2.240    6.275    16.855   FAILED
 497   27   22  44.251    1.160    5.000    2.419    44.251   FAILED
 498   27   21  25.313    0.628    3.585    4.451    25.313   FAILED
 499   27   20  41.622    1.533    4.030    2.330    41.622   FAILED
 500   27   19  37.255    0.847    3.514    2.850    37.255   FAILED
 501   27   18  22.800    0.588    3.463    5.138    22.800   FAILED
 502   27   17  41.033    1.585    5.000    2.051    41.033   FAILED
 503   27   16  32.865    0.790    4.340    4.327    32.865   FAILED
 504   27   15  14.211    0.311    2.038    7.824    14.211   FAILED
 505   27   14  46.554    1.240    5.000    2.327    46.554   FAILED
 506   27   13  31.265    1.004    4.188    5.029    31.265   FAILED
 507   27   12  15.894    0.372    2.312    6.350    15.894   FAILED
 508   27   11  46.469    1.043    5.000    2.920    46.469   FAILED
 509   27   10  44.588    1.125    5.000    2.285    44.588   FAILED
 514   27    5  10.778    0.197    1.085   12.136    10.778   FAILED
 516   27    3  10.754    0.193    1.126   10.276    10.754   FAILED
 518   27    1  10.054    0.261    1.276    6.769    10.054   FAILED
 528   26   31  12.413    0.277    1.800    8.269    12.413   FAILED
 530   26   29  17.285    0.429    2.553    5.865    17.285   FAILED
 531   26   28  19.157    0.397    2.493    5.669    19.157   FAILED
 532   26   27  20.448    0.371    2.272    6.694    20.448   FAILED
 533   26   26  29.912    0.752    4.364    4.718    29.912   FAILED
 534   26   25  19.713    0.312    1.800    5.918    19.713   FAILED
 535   26   24  29.747    0.740    3.811    3.960    29.747   FAILED
 536   26   23  23.407    0.461    2.879    6.219    23.407   FAILED
 537   26   22  20.118   35.678    0.002    3.765    20.118   SUCCESS
 538   26   21  44.875    0.968    5.000    3.007    44.875   FAILED
 539   26   20  29.911    0.620    5.000    5.407    29.911   FAILED
 540   26   19  15.504    0.332    1.993    6.965    15.504   FAILED
 541   26   18  23.335    0.500    3.206    5.959    23.335   FAILED
 542   26   17  31.483    0.859    4.790    4.316    31.483   FAILED
 543   26   16  30.003    0.724    3.970    4.064    30.003   FAILED
 544   26   15  24.852    0.450    2.810    5.547    24.852   FAILED
 545   26   14  46.218    1.102    5.000    2.731    46.218   FAILED
 546   26   13  28.724    0.886    4.311    4.074    28.724   FAILED
 547   26   12  23.422    0.665    3.768    5.823    23.422   FAILED
 548   26   11  16.688    0.435    2.660    6.642    16.688   FAILED
 549   26   10  37.795    1.056    3.427    2.254    37.795   FAILED
 550   26    9  12.449    0.115    1.801    7.792    12.449   FAILED
 553   26    6  12.239    0.073    1.506    9.340    12.239   FAILED
 556   26    3  10.447    0.235    1.389    7.840    10.447   FAILED
 557   26    2  11.785    0.288    1.574    6.120    11.785   FAILED
 559   26    0  10.375    0.153    2.226    6.070    10.375   FAILED
 561   25   38   6.749    0.158    0.693   11.781     6.749   FAILED
 563   25   36  11.636    0.227    1.329    7.921    11.636   FAILED
 565   25   34  11.170    0.208    1.320   10.400    11.170   FAILED
 567   25   32  10.602    0.211    1.100    8.683    10.602   FAILED
 568   25   31  11.275    0.276    1.707    9.083    11.275   FAILED
 569   25   30  11.780    0.107    1.618    9.236    11.780   FAILED
 570   25   29  20.975    0.454    2.671    6.023    20.975   FAILED
 571   25   28  23.325    0.457    2.582    5.173    23.325   FAILED
 572   25   27  39.896    1.568    5.000    1.655    39.896   FAILED
 573   25   26  31.021    0.732    3.063    4.182    31.021   FAILED
 574   25   25  14.522    0.353    2.079    7.811    14.522   FAILED
 575   25   24  50.049    2.478    5.000    1.634    50.049   FAILED
 576   25   23  43.150    1.298    4.193    2.060    43.150   FAILED
 577   25   22  14.112    0.387    2.363    7.609    14.112   FAILED
 578   25   21  30.431    0.722    3.893    4.114    30.431   FAILED
 579   25   20  28.484    0.573    3.301    5.409    28.484   FAILED
 580   25   19  32.740    0.908    5.000    4.053    32.740   FAILED
 581   25   18  24.101    0.566    3.100    4.545    24.101   FAILED
 582   25   17  31.884    0.879    5.000    4.486    31.884   FAILED
 583   25   16  30.317    0.684    3.712    4.679    30.317   FAILED
 584   25   15  26.923    0.744    4.118    4.705    26.923   FAILED
 585   25   14  23.121    0.618    3.569    5.000    23.121   FAILED
 586   25   13  27.492   42.712    0.001    2.697    27.492   SUCCESS
 587   25   12  26.160    0.483    2.549    4.744    26.160   FAILED
 588   25   11  23.494    0.474    2.684    5.292    23.494   FAILED
 589   25   10  51.058    1.421    5.000    2.329    51.058   FAILED
 592   25    7  11.848    0.239    1.503   10.431    11.848   FAILED
 593   25    6  11.047    0.265    1.668   10.273    11.047   FAILED
 595   25    4   9.775    0.164    1.461    8.879     9.775   SUCCESS
 596   25    3  10.365    0.251    1.518    8.788    10.365   FAILED
 597   25    2  10.886    0.294    1.650    7.400    10.886   FAILED
 599   25    0  11.220    0.314    1.531    6.409    11.220   FAILED
 601   24   38   6.707    0.221    1.076    9.493     6.707   FAILED
 606   24   33  12.383    0.241    1.373    9.186    12.383   FAILED
 609   24   30   6.933    0.430    0.930    3.049     6.933   FAILED
 610   24   29  25.956    0.684    3.464    4.388    25.956   FAILED
 611   24   28  16.968    0.468    2.565    5.977    16.968   FAILED
 612   24   27  29.906    0.714    2.579    3.129    29.906   FAILED
 613   24   26  16.025    0.464    2.619    6.073    16.025   FAILED
 614   24   25  38.671    1.012    3.469    2.487    38.671   FAILED
 615   24   24  23.953    0.547    2.854    5.139    23.953   FAILED
 616   24   23  24.663    0.639    3.259    4.391    24.663   FAILED
 617   24   22  30.163    0.831    4.569    4.682    30.163   FAILED
 618   24   21  25.229    0.466    2.283    4.030    25.229   FAILED
 619   24   20  24.944    0.617    3.121    4.064    24.944   FAILED
 620   24   19  28.043    0.649    3.206    4.227    28.043   FAILED
 621   24   18  27.893    0.696    3.324    3.986    27.893   FAILED
 622   24   17  19.176    0.426    2.210    5.520    19.176   FAILED
 623   24   16  45.538    2.289    5.000    2.296    45.538   FAILED
 624   24   15  28.946    0.717    3.945    5.035    28.946   FAILED
 625   24   14  25.426    0.615    3.380    5.177    25.426   FAILED
 626   24   13  21.012    0.501    2.764    5.149    21.012   FAILED
 627   24   12  27.154    0.581    2.964    4.545    27.154   FAILED
 628   24   11  32.720    0.732    3.599    4.318    32.720   FAILED
 629   24   10  31.933    0.774    3.678    3.631    31.933   FAILED
 635   24    4   9.044    0.000    1.145    7.356     9.044   SUCCESS
 637   24    2  12.177    0.282    1.485    5.980    12.177   FAILED
 640   23   39   5.117    0.183    0.697    8.884     5.117   FAILED
 645   23   34  10.355    0.209    1.114    9.194    10.355   FAILED
 649   23   30  10.271    0.223    1.240    7.621    10.271   FAILED
 650   23   29  20.857    0.562    2.541    5.259    20.857   FAILED
 651   23   28  29.884    0.649    3.294    4.150    29.884   FAILED
 652   23   27  20.500    0.000    0.000    2.734    20.500   FAILED
 653   23   26  31.453    1.162    4.035    2.703    31.453   FAILED
 654   23   25  31.720    0.746    3.482    3.644    31.720   FAILED
 655   23   24  28.733    0.683    5.000    4.994    28.733   FAILED
 656   23   23  23.213    0.708    3.021    2.980    23.213   FAILED
 657   23   22  28.318    0.879    4.431    4.144    28.318   FAILED
 658   23   21  31.772    0.784    3.105    3.386    31.772   FAILED
 659   23   20  34.911    1.341    3.975    2.987    34.911   FAILED
 660   23   19  40.650    1.687    4.033    1.637    40.650   FAILED
 661   23   18  22.653    0.594    2.346    3.104    22.653   FAILED
 662   23   17  23.611    0.529    2.641    4.942    23.611   FAILED
 663   23   16  28.321    0.654    2.924    3.489    28.321   FAILED
 664   23   15  16.003    0.429    2.286    5.221    16.003   FAILED
 665   23   14  23.476    0.795    4.176    4.494    23.476   FAILED
 666   23   13  17.867    0.085    2.178    5.118    17.867   FAILED
 667   23   12  17.840    0.531    2.687    4.728    17.840   FAILED
 668   23   11  25.728    0.607    2.797    3.872    25.728   FAILED
 669   23   10  32.194    1.007    4.617    4.180    32.194   FAILED
 670   23    9  14.446    0.495    2.712    5.218    14.446   FAILED
 672   23    7  10.064    0.275    1.433    9.035    10.064   FAILED
 675   23    4  10.787    0.298    1.559    6.878    10.787   FAILED
 676   23    3  11.035    0.020    1.546    6.521    11.035   FAILED
 677   23    2   6.949    0.229    0.900    9.033     6.949   FAILED
 678   23    1   6.969    0.210    1.356    4.431     6.969   FAILED
 682   22   37  10.520    0.285    1.435    6.738    10.520   FAILED
 683   22   36  10.776    0.273    1.297    6.473    10.776   FAILED
 684   22   35  10.042    1.045    0.958    3.320    10.042   FAILED
 688   22   31   6.807    0.195    0.949    9.329     6.807   FAILED
 690   22   29  23.978    1.205    2.014    2.549    23.978   FAILED
 691   22   28  26.388    0.814    4.322    4.596    26.388   FAILED
 692   22   27  43.926    1.127    5.000    2.979    43.926   FAILED
 693   22   26  18.534    0.479    2.309    4.577    18.534   FAILED
 694   22   25  23.665    0.604    2.677    3.055    23.665   FAILED
 695   22   24  17.329    0.241    2.815    5.002    17.329   FAILED
 696   22   23  16.332    0.440    2.423    5.725    16.332   FAILED
 697   22   22  29.925    0.895    4.466    3.639    29.925   FAILED
 698   22   21  33.703    1.322    3.737    2.191    33.703   FAILED
 699   22   20  30.075    0.798    3.056    3.353    30.075   FAILED
 700   22   19  20.751    0.491    2.296    5.233    20.751   FAILED
 701   22   18  35.924    1.034    5.000    2.472    35.924   FAILED
 702   22   17  27.694    0.606    2.892    4.122    27.694   FAILED
 703   22   16  40.007    0.994    5.000    2.844    40.007   FAILED
 704   22   15  33.864    1.239    4.488    2.589    33.864   FAILED
 705   22   14  21.829    0.519    2.589    4.548    21.829   FAILED
 706   22   13  38.053    1.446    5.000    1.810    38.053   FAILED
 707   22   12  20.792    0.404    1.894    4.465    20.792   FAILED
 708   22   11  22.416    0.659    3.338    4.700    22.416   FAILED
 709   22   10  30.249    0.974    4.618    3.983    30.249   FAILED
 710   22    9  12.817    0.171    2.245    6.754    12.817   FAILED
 712   22    7  15.834    0.406    1.863    4.374    15.834   FAILED
 713   22    6  10.124    0.217    0.942    8.258    10.124   FAILED
 714   22    5  10.182    0.262    1.271    7.407    10.182   FAILED
 715   22    4  10.415    0.290    1.054    5.742    10.415   FAILED
 716   22    3  10.542    0.242    1.170    7.076    10.542   FAILED
 719   22    0  10.108    0.349    1.219    6.824    10.108   FAILED
 723   21   36  10.811    0.293    1.414    6.283    10.811   FAILED
 724   21   35   5.280   33.179    0.003    5.733     5.280   SUCCESS
 726   21   33   6.452    0.115    0.879    8.798     6.452   FAILED
 730   21   29  24.975    0.674    3.408    4.581    24.975   FAILED
 731   21   28  25.307    0.756    3.676    4.157    25.307   FAILED
 732   21   27  46.392   10.113    4.929    2.179    46.392   FAILED
 733   21   26  27.929    0.796    3.400    4.404    27.929   FAILED
 734   21   25  17.003    0.479    2.283    5.704    17.003   FAILED
 735   21   24  36.898    1.571    5.000    1.679    36.898   FAILED
 736   21   23  25.068    0.662    2.403    2.733    25.068   FAILED
 737   21   22  23.390    0.660    2.907    3.639    23.390   FAILED
 738   21   21  27.657    1.441    5.000    3.102    27.657   FAILED
 739   21   20  39.152    1.613    4.352    1.937    39.152   FAILED
 740   21   19  47.468    1.318    5.000    1.872    47.468   FAILED
 741   21   18  20.768    0.597    2.522    3.323    20.768   FAILED
 742   21   17  21.051    0.567    2.515    4.326    21.051   FAILED
 743   21   16  20.582    0.668    3.019    4.167    20.582   FAILED
 744   21   15  36.772    2.009    4.594    1.763    36.772   FAILED
 745   21   14  19.453   49.899    0.005    2.872    19.453   SUCCESS
 746   21   13  20.973    0.591    2.533    4.065    20.973   FAILED
 747   21   12  21.827    0.792    3.759    4.054    21.827   FAILED
 748   21   11  23.786    0.563    2.112    2.829    23.786   FAILED
 749   21   10  14.275    0.403    2.008    6.292    14.275   FAILED
 750   21    9  11.639    0.285    1.468    7.351    11.639   FAILED
 753   21    6  13.150    0.314    1.609    6.540    13.150   FAILED
 754   21    5  14.301    0.296    1.378    5.037    14.301   FAILED
 757   21    2  10.820    0.274    1.299    6.527    10.820   FAILED
 759   21    0  11.814    0.358    1.478    5.472    11.814   FAILED
 762   20   37  13.311    0.307    1.167    4.460    13.311   FAILED
 768   20   31  12.095    0.306    1.251    4.320    12.095   FAILED
 769   20   30  10.461    0.194    1.172    7.220    10.461   FAILED
 770   20   29  36.334    2.285    4.337    1.349    36.334   FAILED
 771   20   28  30.546    1.218    5.000    2.701    30.546   FAILED
 772   20   27  22.835    0.821    5.000    3.543    22.835   FAILED
 773   20   26  20.395    0.652    2.519    3.561    20.395   FAILED
 774   20   25  10.500    0.019    0.002      inf    10.500   SUCCESS
 775   20   24  19.612    0.627    2.633    3.825    19.612   FAILED
 776   20   23  44.704    2.464    5.000    1.047    44.704   FAILED
 777   20   22  21.720    0.426    4.572    3.019    21.720   FAILED
 778   20   21  21.577    0.676    2.677    3.652    21.577   FAILED
 781   20   18  39.376    1.584    3.869    1.788    39.376   FAILED
 782   20   17  23.857    0.853    3.645    3.485    23.857   FAILED
 783   20   16  22.426    0.875    3.845    3.726    22.426   FAILED
 784   20   15  42.326    1.657    5.000    1.513    42.326   FAILED
 785   20   14  16.019    0.404    1.923    6.701    16.019   FAILED
 786   20   13  27.169    0.887    3.747    2.995    27.169   FAILED
 787   20   12  39.080    1.096    2.677    1.568    39.080   FAILED
 789   20   10  29.612    0.810    3.479    3.517    29.612   FAILED
 791   20    8   6.694    0.256    0.840    8.565     6.694   FAILED
