// index column row  mean  error sigma   chi2/ndf width
   0   39   39   8.889      0.223    0.963    5.819     8.889   
   1   39   38   7.539      0.170    1.008    9.593     7.539   
   2   39   37  10.451      0.197    1.115    8.929    10.451   
   3   39   36   9.930      0.192    1.306   12.445     9.930   
   4   39   35   7.430      0.175    0.926   10.262     7.430   
   5   39   34   8.834      0.264    1.115    5.891     8.834   
   6   39   33  11.895      0.245    1.601    9.511    11.895   
   7   39   32   7.533      0.248    1.049    6.489     7.533   
   8   39   31   9.766      0.230    1.216    7.993     9.766   
   9   39   30   9.171      0.244    0.718    5.801     9.171   
  10   39   29  12.319      0.040    1.576   11.961    12.319   
  11   39   28   8.847      0.158    0.870    9.940     8.847   
  12   39   27   8.247      0.147    0.832   11.788     8.247   
  13   39   26  10.301      0.944    1.503    7.923    10.301   
  14   39   25   8.652      0.160    1.020   10.207     8.652   
  15   39   24  10.472      0.141    1.679    9.220    10.472   
  16   39   23  11.421      0.269    1.274    8.161    11.421   
  17   39   22  10.505      0.479    0.835    2.944    10.505   
  18   39   21   9.255      0.199    0.838    5.174     9.255   
  19   39   20   8.944      0.247    1.152    8.944     8.944   
  20   39   19  10.248      0.169    1.328   13.536    10.248   
  21   39   18  10.766      0.188    1.487   13.624    10.766   
  22   39   17   7.614      0.297    0.957    4.957     7.614   
  23   39   16   9.816      0.231    0.903    6.875     9.816   
  24   39   15   5.978      0.129    0.954   20.547     5.978   
  25   39   14   9.669      0.045    1.106   10.816     9.669   
  26   39   13  12.251      0.197    1.572   12.776    12.251   
  27   39   12  10.379      0.167    1.258   11.920    10.379   
  28   39   11  12.998      0.242    1.753    9.961    12.998   
  29   39   10   7.496      0.230    0.738    8.083     7.496   
  30   39    9  10.519      0.188    1.459   13.342    10.519   
  31   39    8   9.306      0.068    1.246   15.335     9.306   
  32   39    7   8.653      0.153    1.073   14.983     8.653   
  33   39    6  10.356      0.094    1.235   13.039    10.356   
  34   39    5  11.243      0.202    1.360   12.898    11.243   
  35   39    4   8.316      0.193    1.043   10.616     8.316   
  36   39    3  10.119      0.094    1.277    9.704    10.119   
  37   39    2  10.358      0.218    1.262   11.937    10.358   
  38   39    1   7.307      0.152    0.881    8.594     7.307   
  39   39    0  10.086      0.158    0.640    7.491    10.086   
  40   38   39   7.251      0.142    0.847   13.095     7.251   
  41   38   38   9.005      0.139    0.968   12.268     9.005   
  42   38   37   7.820      0.153    0.944   13.778     7.820   
  43   38   36   9.186      0.186    1.442   12.194     9.186   
  44   38   35   9.411      0.035    0.967    9.649     9.411   
  45   38   34  10.760      0.216    1.781   13.973    10.760   
  46   38   33  12.509      0.234    1.965   12.948    12.509   
  47   38   32   8.377      0.152    1.044   14.590     8.377   
  48   38   31  11.016      0.180    1.370   11.808    11.016   
  49   38   30   8.990      0.238    1.139    6.969     8.990   
  50   38   29   9.125      0.044    1.053   14.297     9.125   
  51   38   28   7.282      0.146    0.743    9.503     7.282   
  52   38   27   8.723      0.148    0.970   11.933     8.723   
  53   38   26   9.821      0.461    1.164    4.192     9.821   
  54   38   25   9.838      0.194    1.101    8.881     9.838   
  55   38   24   6.976      0.175    0.949    9.973     6.976   
  56   38   23   8.687      0.514    1.283    3.540     8.687   
  57   38   22   9.284      0.157    0.822   10.176     9.284   
  58   38   21  11.424      0.236    1.124    7.406    11.424   
  59   38   20   7.840      0.180    1.149   10.461     7.840   
  60   38   19   8.415      0.149    1.046   14.330     8.415   
  61   38   18   7.953      0.170    0.968    9.598     7.953   
  62   38   17   8.806      0.175    1.004    8.903     8.806   
  63   38   16   8.477      0.162    1.221   12.635     8.477   
  64   38   15   7.364      0.142    0.761   11.242     7.364   
  65   38   14   7.983      0.132    0.916   16.376     7.983   
  66   38   13   9.684      0.155    1.154   13.565     9.684   
  67   38   12   8.804      0.019    1.057   13.399     8.804   
  68   38   11   8.895      0.183    1.192   12.085     8.895   
  69   38   10   8.422      0.148    1.007   15.035     8.422   
  70   38    9   7.747      0.152    0.737    9.177     7.747   
  71   38    8  11.840      0.203    1.678   14.293    11.840   
  72   38    7   6.818      0.275    0.909    6.669     6.818   
  73   38    6   8.132      0.158    1.296   16.310     8.132   
  74   38    5   8.631      0.139    1.081   16.335     8.631   
  75   38    4   6.493      0.197    1.735   16.157     6.493   
  76   38    3  12.184      0.226    1.319    8.251    12.184   
  77   38    2   8.578      0.168    1.292   13.952     8.578   
  78   38    1   9.878      0.253    1.255    8.183     9.878   
  79   38    0   8.366      0.361    1.062    5.194     8.366   
  80   37   39   7.498      0.151    0.901   12.847     7.498   
  81   37   38  10.345      0.660    1.550    2.917    10.345   
  82   37   37   8.615      0.145    1.429   15.854     8.615   
  83   37   36  12.165      0.201    1.462   13.558    12.165   
  84   37   35  11.307      0.187    1.377   11.756    11.307   
  85   37   34   8.849      0.177    1.322   12.596     8.849   
  86   37   33  10.678      0.188    1.242   11.126    10.678   
  87   37   32   9.160      0.064    1.161   14.201     9.160   
  88   37   31   8.432      0.486    1.069    3.443     8.432   
  89   37   30   9.680      0.165    1.229   15.081     9.680   
  90   37   29   8.018      0.120    0.948   13.300     8.018   
  91   37   28   9.405      0.158    1.212   14.439     9.405   
  92   37   27  10.127      0.172    1.333   13.991    10.127   
  93   37   26  11.529      0.188    1.368   10.513    11.529   
  94   37   25   7.155      0.233    0.733    6.994     7.155   
  95   37   24   9.340      0.194    1.339   12.692     9.340   
  96   37   23   9.068      0.212    1.016    8.481     9.068   
  97   37   22   8.508      0.187    1.110    8.999     8.508   
  98   37   21   8.577      0.085    1.058    9.689     8.577   
  99   37   20  10.686      0.225    1.484   10.101    10.686   
 100   37   19  10.938      0.202    1.535   11.974    10.938   
 101   37   18   6.650      0.189    0.811    8.231     6.650   
 102   37   17   7.268      0.160    1.045   12.366     7.268   
 103   37   16   7.273      0.151    1.088   12.731     7.273   
 104   37   15   7.052      0.130    1.011   16.061     7.052   
 105   37   14   8.777      0.138    1.071   18.149     8.777   
 106   37   13   9.851      0.173    1.392   11.896     9.851   
 107   37   12   8.856      0.142    1.137   17.396     8.856   
 108   37   11   6.666      0.149    0.905   16.899     6.666   
 109   37   10  11.599      0.192    1.493   10.192    11.599   
 110   37    9   8.475      0.142    0.966   14.207     8.475   
 111   37    8  10.815      0.192    1.471   11.710    10.815   
 112   37    7  10.431      0.170    1.150   12.112    10.431   
 113   37    6   8.088      0.180    0.793    9.654     8.088   
 114   37    5   9.012      0.147    1.180   16.389     9.012   
 115   37    4   7.994      0.122    0.924   14.745     7.994   
 116   37    3   7.964      0.191    0.895   11.405     7.964   
 117   37    2   9.968      0.171    1.269   10.258     9.968   
 118   37    1   8.717      0.218    0.933    8.897     8.717   
 119   37    0  10.417      0.285    1.131    5.814    10.417   
 120   36   39   8.027      0.182    1.213   10.068     8.027   
 121   36   38  11.883      0.195    1.294    7.876    11.883   
 122   36   37   8.926      0.171    1.180   12.524     8.926   
 123   36   36   8.969      0.035    1.185   13.392     8.969   
 124   36   35   4.480      0.116    0.776   17.392     4.480   
 125   36   34   9.719      0.145    1.050   16.054     9.719   
 126   36   33   9.866      0.090    0.842    7.842     9.866   
 127   36   32   8.001      0.215    1.029    8.336     8.001   
 128   36   31   8.836      0.061    1.084   11.005     8.836   
 129   36   30   9.509      0.159    0.866   10.322     9.509   
 130   36   29   8.107      0.207    0.926    8.683     8.107   
 131   36   28  10.265      0.218    1.712   11.478    10.265   
 132   36   27   8.434      0.081    1.067   12.762     8.434   
 133   36   26  10.097      0.163    1.187   13.157    10.097   
 134   36   25   8.428      0.156    1.080   11.615     8.428   
 135   36   24  10.235      0.179    1.436   14.632    10.235   
 136   36   23   6.824      0.107    0.822   10.569     6.824   
 137   36   22   8.955      0.146    0.884   10.354     8.955   
 138   36   21  11.295      0.181    1.443   11.656    11.295   
 139   36   20   8.011      0.157    0.886   10.770     8.011   
 140   36   19   9.444      0.144    1.046   15.349     9.444   
 141   36   18  10.404      0.121    1.264   14.050    10.404   
 142   36   17   7.152      0.095    0.694   10.197     7.152   
 143   36   16   8.652      0.180    1.134   10.765     8.652   
 144   36   15  10.632      0.194    1.403   13.021    10.632   
 145   36   14   8.404      0.169    1.040    9.471     8.404   
 146   36   13   8.785      0.320    0.783    4.377     8.785   
 147   36   12  13.324      0.291    2.150   10.201    13.324   
 148   36   11   8.074      0.143    0.977   13.680     8.074   
 149   36   10  10.111      0.187    1.395   11.568    10.111   
 150   36    9   9.546      0.215    1.124    9.899     9.546   
 151   36    8   9.012      0.145    1.068   14.253     9.012   
 152   36    7  10.903      0.207    1.602   13.052    10.903   
 153   36    6   8.343      0.209    1.033    7.068     8.343   
 154   36    5  10.604      0.061    1.670   12.586    10.604   
 155   36    4  10.307      0.034    1.535   11.014    10.307   
 156   36    3  11.223      0.136    1.620    9.403    11.223   
 157   36    2   8.920      0.113    1.020    7.120     8.920   
 158   36    1   9.901      0.250    1.449    9.830     9.901   
 159   36    0  10.244      0.315    1.386    7.094    10.244   
 160   35   39   7.194      0.155    1.100   15.249     7.194   
 161   35   38   8.383      0.238    1.165    7.545     8.383   
 162   35   37   6.781      0.117    0.823   15.658     6.781   
 163   35   36   6.413      0.141    1.043   20.121     6.413   
 164   35   35   8.025      0.178    0.906   10.680     8.025   
 165   35   34   7.512      0.174    1.265   12.953     7.512   
 166   35   33   9.115      0.164    1.054    8.063     9.115   
 167   35   32   9.718      0.071    1.194   12.286     9.718   
 168   35   31   8.494      0.190    0.867   10.091     8.494   
 169   35   30   8.865      0.538    1.051   14.609     8.865   
 170   35   29   8.732      0.051    1.170    9.458     8.732   
 171   35   28   9.109      0.195    1.007    6.768     9.109   
 172   35   27   9.132      0.116    1.008   10.728     9.132   
 173   35   26  10.067      0.182    1.303   11.854    10.067   
 174   35   25   7.926      0.169    0.758   12.262     7.926   
 175   35   24   9.782      0.161    1.130   14.387     9.782   
 176   35   23   9.580      0.189    1.312   11.149     9.580   
 177   35   22  10.353      0.203    1.350   10.446    10.353   
 178   35   21   7.395      0.124    0.945   10.780     7.395   
 179   35   20   9.810      0.188    1.098   10.600     9.810   
 180   35   19   8.796      0.356    0.853    3.668     8.796   
 181   35   18   9.252      0.051    1.115   14.583     9.252   
 182   35   17  10.263      0.177    1.333   11.952    10.263   
 183   35   16   8.358      0.166    1.044   11.528     8.358   
 184   35   15   8.224      0.057    1.060   15.603     8.224   
 185   35   14   8.569      0.165    1.124   11.008     8.569   
 186   35   13  11.554      0.183    1.352   13.653    11.554   
 187   35   12   8.409      0.169    0.777    8.577     8.409   
 188   35   11  12.907      0.221    1.729   11.474    12.907   
 189   35   10   8.923      0.237    0.939    7.048     8.923   
 190   35    9   7.528      0.176    0.889    8.282     7.528   
 191   35    8   7.716      0.155    0.839    9.999     7.716   
 192   35    7   8.273      0.137    0.983   14.391     8.273   
 193   35    6   9.757      0.156    1.136   12.301     9.757   
 194   35    5  10.841      0.050    1.171   10.173    10.841   
 195   35    4   8.406      0.157    1.061   12.226     8.406   
 196   35    3  10.422      0.103    1.429   10.030    10.422   
 197   35    2  10.811      0.191    1.272   11.517    10.811   
 198   35    1  10.034      0.129    1.233    8.939    10.034   
 199   35    0  12.161      0.308    1.543    7.046    12.161   
 200   34   39   6.827      0.202    1.016   11.986     6.827   
 201   34   38   6.966      0.150    0.668    8.860     6.966   
 202   34   37   8.473      0.364    1.192    4.508     8.473   
 203   34   36   6.352      0.137    0.880   21.050     6.352   
 204   34   35   9.594      0.167    1.082   13.678     9.594   
 205   34   34   9.593      0.428    0.974    4.016     9.593   
 206   34   33   7.378      0.150    1.065   15.718     7.378   
 207   34   32   9.669      0.179    1.140    9.893     9.669   
 208   34   31   9.413      0.162    0.990   10.575     9.413   
 209   34   30   9.672      0.185    1.342   10.946     9.672   
 210   34   29   6.916      0.136    0.887   12.153     6.916   
 211   34   28   7.808      0.328    0.939    3.906     7.808   
 212   34   27   8.072      0.059    1.009    8.679     8.072   
 213   34   26   9.682      0.167    1.137   11.013     9.682   
 214   34   25   9.418      0.069    1.299    9.728     9.418   
 215   34   24  11.995      0.077    1.482    8.753    11.995   
 216   34   23   8.730      0.205    1.080    5.591     8.730   
 217   34   22   8.252      0.055    1.039   11.208     8.252   
 218   34   21   8.454      0.686    1.319    3.610     8.454   
 219   34   20  10.502      0.214    1.365   10.080    10.502   
 220   34   19   8.711      0.177    1.081   10.843     8.711   
 221   34   18   8.496      0.112    0.937    9.628     8.496   
 222   34   17   9.020      0.154    1.283   10.035     9.020   
 223   34   16   8.756      0.174    1.156   12.772     8.756   
 224   34   15   7.328      0.174    0.738   10.781     7.328   
 225   34   14   8.893      0.240    0.942    6.413     8.893   
 226   34   13   8.827      0.155    1.338   10.747     8.827   
 227   34   12   9.206      0.200    1.175   10.859     9.206   
 228   34   11   8.221      0.160    1.028   11.747     8.221   
 229   34   10   9.644      0.207    1.416   11.892     9.644   
 230   34    9   8.219      0.201    0.856    8.062     8.219   
 231   34    8   8.554      0.140    0.979    8.788     8.554   
 232   34    7  10.444      0.041    1.536   10.531    10.444   
 233   34    6   8.613      0.410    1.044    4.862     8.613   
 234   34    5   8.374      0.065    0.866    6.402     8.374   
 235   34    4   8.923      0.203    1.236    9.560     8.923   
 236   34    3  11.903      0.216    1.210    9.216    11.903   
 237   34    2   7.400      0.169    0.862   10.487     7.400   
 238   34    1   8.918      0.060    1.248    9.136     8.918   
 239   34    0  11.142      0.312    1.429    6.410    11.142   
 240   33   39   8.662      0.199    1.336   11.347     8.662   
 241   33   38   8.887      0.169    1.184   13.089     8.887   
 242   33   37   1.894      0.057    0.672   34.694     1.894   
 243   33   36   3.519      0.123    1.207   22.963     3.519   
 244   33   35   8.900      0.181    1.195   15.223     8.900   
 245   33   34   9.058      0.213    1.597   13.287     9.058   
 246   33   33   8.766      0.197    1.405   12.778     8.766   
 247   33   32   6.348      0.089    0.774    8.163     6.348   
 248   33   31   9.849      0.188    1.273   11.975     9.849   
 249   33   30   9.549      0.157    0.911   11.676     9.549   
 250   33   29   6.585      0.195    1.015   12.105     6.585   
 251   33   28   8.102      0.439    0.938    4.866     8.102   
 252   33   27   7.192      0.030    0.754    6.283     7.192   
 253   33   26   8.033      0.366    0.813    5.240     8.033   
 254   33   25   9.121      0.262    0.861    5.605     9.121   
 255   33   24   7.698      0.238    0.836    6.129     7.698   
 256   33   23   9.193      0.107    1.191   10.025     9.193   
 257   33   22   9.451      0.199    1.132   10.191     9.451   
 258   33   21   8.530      0.227    0.909    6.581     8.530   
 259   33   20   8.251      0.380    1.279    6.412     8.251   
 260   33   19   9.147      0.190    1.306   11.162     9.147   
 261   33   18   8.089      0.144    0.917   11.656     8.089   
 262   33   17   7.788      0.325    1.075    4.761     7.788   
 263   33   16   8.290      0.322    1.006    5.573     8.290   
 264   33   15  10.286      0.210    1.455    9.877    10.286   
 265   33   14  10.281      0.197    1.295    8.772    10.281   
 266   33   13   8.074      0.187    1.190   11.155     8.074   
 267   33   12   8.213      0.243    0.944    5.895     8.213   
 268   33   11  10.116      0.187    1.330   11.044    10.116   
 269   33   10   8.617      0.074    1.091    8.554     8.617   
 270   33    9   7.785      0.217    0.971    8.671     7.785   
 271   33    8   9.787      0.000    0.979   10.653     9.787   
 272   33    7  10.153      0.198    1.286   10.451    10.153   
 273   33    6   7.614      0.197    0.874   11.511     7.614   
 274   33    5   8.512      0.177    0.918   11.493     8.512   
 275   33    4  12.796      0.371    2.359    7.752    12.796   
 276   33    3  11.345      0.306    1.697    6.594    11.345   
 277   33    2   8.904      0.220    1.035    7.085     8.904   
 278   33    1   9.173      0.156    0.974    7.765     9.173   
 279   33    0   9.796      0.184    1.151    4.428     9.796   
 280   32   39   6.350      0.267    0.595    6.693     6.350   
 281   32   38  12.713      0.218    1.374    7.758    12.713   
 282   32   37   7.387      0.321    0.801    5.277     7.387   
 283   32   36   7.766      0.025    1.135   11.201     7.766   
 284   32   35   4.253      0.170    1.324   15.656     4.253   
 285   32   34  10.707      0.593    0.853    3.259    10.707   
 286   32   33  11.243      0.234    1.402    8.931    11.243   
 287   32   32   6.924      0.167    0.826   10.326     6.924   
 288   32   31   8.497      0.191    0.988    8.902     8.497   
 289   32   30   8.529      0.181    1.023    9.812     8.529   
 290   32   29   8.418      0.122    0.968    8.400     8.418   
 291   32   28   7.394      0.221    0.798    5.962     7.394   
 292   32   27   8.479      0.058    0.850    7.563     8.479   
 293   32   26   9.155      0.167    1.015   11.469     9.155   
 294   32   25   9.243      0.201    1.006    8.009     9.243   
 295   32   24  10.798      0.221    1.556   10.868    10.798   
 296   32   23   8.258      0.046    1.147    9.109     8.258   
 297   32   22   7.268      0.232    0.924    6.743     7.268   
 298   32   21   8.510      0.031    1.092   11.522     8.510   
 299   32   20   8.988      0.193    1.052    8.843     8.988   
 300   32   19   9.446      0.209    1.392    9.734     9.446   
 301   32   18   8.510      0.223    1.011    8.873     8.510   
 302   32   17   7.539      0.653    1.238    2.940     7.539   
 303   32   16   8.831      0.178    1.131   12.888     8.831   
 304   32   15   8.313      0.166    0.987   12.636     8.313   
 305   32   14   8.494      0.184    0.798    8.324     8.494   
 306   32   13   7.047      0.201    0.733    6.727     7.047   
 307   32   12  12.154      0.256    1.902   10.556    12.154   
 308   32   11   7.687      0.168    1.076   11.846     7.687   
 309   32   10   8.542      0.160    1.127   11.353     8.542   
 310   32    9   7.804      0.155    0.925   11.138     7.804   
 311   32    8   8.194      0.239    0.912    8.076     8.194   
 312   32    7   9.231      0.516    0.946    8.492     9.231   
 313   32    6  11.758      0.052    1.716    9.593    11.758   
 314   32    5   9.358      0.214    1.385   11.460     9.358   
 315   32    4  10.308      0.035    1.146    7.591    10.308   
 316   32    3   8.940      0.076    1.211    9.346     8.940   
 317   32    2   8.155      0.214    0.902   10.891     8.155   
 318   32    1   9.999      0.214    1.095    8.275     9.999   
 319   32    0   7.677      0.217    0.809    8.302     7.677   
 320   31   39   7.619      0.179    1.194   11.232     7.619   
 321   31   38   7.921      0.157    1.060   12.869     7.921   
 322   31   37   5.797      0.040    1.567   13.228     5.797   
 323   31   36   6.174      0.162    1.028   12.072     6.174   
 324   31   35   7.715      0.084    1.430   13.232     7.715   
 325   31   34   7.378      0.179    1.278   13.401     7.378   
 326   31   33   8.093      0.146    0.912   14.191     8.093   
 327   31   32   6.895      0.237    0.821    5.337     6.895   
 328   31   31   7.598      0.148    0.631    7.263     7.598   
 329   31   30   7.167      0.519    0.981    4.051     7.167   
 330   31   29   7.460      0.187    0.620    5.089     7.460   
 331   31   28   8.043      0.177    0.978    5.735     8.043   
 332   31   27   8.413      0.210    0.853    7.407     8.413   
 333   31   26   6.815      0.254    0.702    5.056     6.815   
 334   31   25  10.189      0.250    1.434    7.904    10.189   
 335   31   24   7.947      0.180    0.925   10.695     7.947   
 336   31   23   7.554      0.219    0.903    9.068     7.554   
 337   31   22   6.361      0.230    0.790    7.166     6.361   
 338   31   21   9.159      0.386    1.193    4.427     9.159   
 339   31   20   8.853      0.212    1.144   10.543     8.853   
 340   31   19   8.178      0.191    1.013   10.554     8.178   
 341   31   18   9.621      0.232    1.393    8.820     9.621   
 342   31   17   7.398      0.175    0.928   12.312     7.398   
 343   31   16   8.141      0.157    0.964   13.399     8.141   
 344   31   15   9.346      0.194    1.180    8.909     9.346   
 345   31   14   6.909      0.139    0.883    6.578     6.909   
 346   31   13   8.493      0.174    1.072   10.584     8.493   
 347   31   12   6.719      0.220    0.887    7.807     6.719   
 348   31   11   9.045      0.146    0.921   10.757     9.045   
 349   31   10   7.566      0.158    0.711    8.824     7.566   
 350   31    9   9.445      0.059    1.041    7.637     9.445   
 351   31    8   8.543      0.252    1.050    6.826     8.543   
 352   31    7  12.283      0.008    1.569    8.719    12.283   
 353   31    6   8.249      0.076    1.034    8.841     8.249   
 354   31    5   8.500      0.000    0.000    6.277     8.500   
 355   31    4   8.639      0.205    1.038    8.973     8.639   
 356   31    3  10.183      0.253    1.359    6.932    10.183   
 357   31    2  10.903      0.175    1.325    8.089    10.903   
 358   31    1  12.306      0.306    1.592    7.184    12.306   
 359   31    0   8.931      0.248    1.029    8.095     8.931   
 360   30   39   8.861      0.178    1.054   10.344     8.861   
 361   30   38   7.779      0.160    1.085   14.894     7.779   
 362   30   37  11.181      0.256    0.807    5.754    11.181   
 363   30   36   7.994      0.156    1.036   12.222     7.994   
 364   30   35  10.662      0.244    1.723   10.574    10.662   
 365   30   34   7.283      0.099    1.054   10.467     7.283   
 366   30   33  10.677      0.309    1.368    7.240    10.677   
 367   30   32   6.982      0.145    1.487   11.550     6.982   
 368   30   31   6.668      0.163    1.122   13.335     6.668   
 369   30   30   8.417      0.156    0.868   13.399     8.417   
 370   30   29   7.960      0.148    0.955   13.618     7.960   
 371   30   28  10.368      0.204    1.346   12.117    10.368   
 372   30   27   8.633      0.196    0.842    6.708     8.633   
 373   30   26   7.419      0.159    0.851   13.491     7.419   
 374   30   25   8.157      0.163    0.919   14.287     8.157   
 375   30   24  13.410      0.273    1.820    8.431    13.410   
 376   30   23   8.677      0.324    1.024    4.424     8.677   
 377   30   22   8.650      0.314    0.778    4.865     8.650   
 378   30   21  10.301      0.201    1.379    9.688    10.301   
 379   30   20   8.116      0.175    0.922   11.674     8.116   
 380   30   19  11.310      0.024    1.652    9.850    11.310   
 381   30   18   7.862      0.187    0.909    9.327     7.862   
 382   30   17   8.312      0.200    1.222   11.618     8.312   
 383   30   16  12.034      0.251    1.787   13.024    12.034   
 384   30   15   8.067      0.208    0.961    9.036     8.067   
 385   30   14  10.788      0.080    1.521   12.548    10.788   
 386   30   13   8.543      0.198    1.037    8.540     8.543   
 387   30   12   7.262      0.205    0.835    8.210     7.262   
 388   30   11   8.041      0.624    0.897    3.259     8.041   
 389   30   10  10.955      0.266    1.455    7.361    10.955   
 390   30    9   8.818      0.223    1.007    9.205     8.818   
 391   30    8   9.729      0.253    0.917    6.218     9.729   
 392   30    7  10.235      0.282    1.045    5.265    10.235   
 393   30    6   7.915      0.184    0.833    9.606     7.915   
 394   30    5   8.230      0.190    0.930   12.183     8.230   
 395   30    4   9.107      0.206    0.975    8.404     9.107   
 396   30    3   8.464      0.364    1.108    5.543     8.464   
 397   30    2   8.275      0.200    1.093    8.094     8.275   
 398   30    1  12.270      0.351    1.725    6.346    12.270   
 399   30    0   6.947      0.320    0.668    4.666     6.947   
 400   29   39   7.402      0.135    0.764   10.912     7.402   
 401   29   38   8.863      3.351    2.926      inf     8.863   
 402   29   37   7.948      0.158    0.944   11.461     7.948   
 403   29   36   7.504      0.193    0.865   10.725     7.504   
 404   29   35   6.626      0.163    0.759   14.396     6.626   
 405   29   34   7.702      0.266    0.950    5.786     7.702   
 406   29   33   1.483      9.221    3.805   17.878     1.483   
 407   29   32   9.936      0.160    0.999    5.667     9.936   
 408   29   31   7.980      0.283    1.184    7.312     7.980   
 409   29   30   6.009      0.186    0.920    8.322     6.009   
 410   29   29  33.585      0.825    5.000    4.014    33.585   
 411   29   28  21.094      0.332    1.874    5.048    21.094   
 412   29   27  34.765      0.919    5.000    3.732    34.765   
 413   29   26  19.174      0.319    1.805    5.816    19.174   
 414   29   25  19.760      0.550    3.410    6.377    19.760   
 415   29   24  16.222      0.388    2.360    7.372    16.222   
 416   29   23  17.607      0.329    1.858    6.212    17.607   
 417   29   22  14.202      0.295    1.973    9.716    14.202   
 418   29   21  16.540      0.358    2.347    7.816    16.540   
 419   29   20  16.624      0.129    2.941    7.077    16.624   
 420   29   19  23.751      0.526    3.022    5.026    23.751   
 421   29   18  26.194      0.720    4.159    4.789    26.194   
 422   29   17  31.044      0.834    4.794    5.140    31.044   
 423   29   16  28.894      0.591    3.118    4.319    28.894   
 424   29   15  49.193      1.213    5.000    2.246    49.193   
 425   29   14  23.335      0.549    2.639    4.696    23.335   
 426   29   13  19.148      0.514    3.410    6.426    19.148   
 427   29   12  20.197      0.435    2.593    6.087    20.197   
 428   29   11  29.378      0.673    3.439    3.954    29.378   
 429   29   10  46.728      1.790    5.000    1.471    46.728   
 430   29    9   8.440      0.232    1.265    9.470     8.440   
 431   29    8   8.914      0.225    0.809    6.720     8.914   
 432   29    7   9.438      0.219    1.367   10.132     9.438   
 433   29    6   9.760      0.200    1.215   10.716     9.760   
 434   29    5   8.804      0.036    1.246    9.287     8.804   
 435   29    4   8.272      0.155    0.817   11.079     8.272   
 436   29    3   8.332      0.211    1.330    6.691     8.332   
 437   29    2   7.279      0.235    0.839    6.590     7.279   
 438   29    1  11.506      0.585    1.508    4.068    11.506   
 439   29    0   9.089      0.542    0.988    4.723     9.089   
 440   28   39   3.300      0.134    1.089   21.648     3.300   
 441   28   38   1.500      0.000    0.000   46.179     1.500   
 442   28   37   8.149      0.210    1.237    9.519     8.149   
 443   28   36   7.741      0.277    1.832   10.720     7.741   
 444   28   35   6.020      0.207    1.350   11.118     6.020   
 445   28   34   8.139      0.203    0.800    9.647     8.139   
 446   28   33  10.591      0.344    1.467    5.666    10.591   
 447   28   32  11.477      0.263    1.641    9.552    11.477   
 448   28   31   9.567      0.194    1.023    8.470     9.567   
 449   28   30   8.147      0.521    1.158    3.726     8.147   
 450   28   29  20.263      0.475    3.037    5.886    20.263   
 451   28   28  17.588      0.445    2.757    5.697    17.588   
 452   28   27  44.723      1.087    5.000    3.063    44.723   
 453   28   26  20.423      0.466    2.917    6.325    20.423   
 454   28   25  14.339      0.354    2.411    7.754    14.339   
 455   28   24  24.058      0.543    2.947    4.691    24.058   
 456   28   23  16.256      0.395    2.594    7.501    16.256   
 457   28   22  24.920      0.532    2.751    4.613    24.920   
 458   28   21  22.605      0.447    2.635    5.202    22.605   
 459   28   20  29.594      0.744    5.000    4.273    29.594   
 460   28   19  21.189      0.426    2.404    5.458    21.189   
 461   28   18  19.352      0.516    3.005    5.500    19.352   
 462   28   17  21.298      0.606    3.815    5.429    21.298   
 463   28   16  17.953      0.470    2.976    6.814    17.953   
 464   28   15  24.422      0.579    3.278    4.501    24.422   
 465   28   14  21.045      0.423    2.417    5.911    21.045   
 466   28   13  31.236      0.969    3.832    3.184    31.236   
 467   28   12  19.480      0.426    2.211    5.210    19.480   
 468   28   11  36.637      1.322    3.522    2.119    36.637   
 469   28   10  34.760      0.388    3.849    2.766    34.760   
 470   28    9   8.365      0.259    1.134    7.566     8.365   
 471   28    8   6.971      0.052    0.803    9.566     6.971   
 472   28    7   9.449      0.234    1.312   10.812     9.449   
 473   28    6  10.602      0.258    1.500    9.334    10.602   
 474   28    5   7.816      0.097    0.951   15.498     7.816   
 475   28    4  12.635      0.266    1.583    7.860    12.635   
 476   28    3  10.261      0.227    1.316    9.781    10.261   
 477   28    2  10.999      0.283    1.579    7.597    10.999   
 478   28    1   9.123      0.096    1.166    7.008     9.123   
 479   28    0   7.719      0.362    1.045    4.748     7.719   
 480   27   39   9.328      0.345    1.162    4.105     9.328   
 481   27   38   9.692      1.589    1.239      inf     9.692   
 482   27   37   8.098      0.029    1.120   10.227     8.098   
 483   27   36   9.787      0.126    1.225    7.351     9.787   
 484   27   35  11.287      0.270    1.400    6.456    11.287   
 485   27   34   8.770      0.169    0.921   10.529     8.770   
 486   27   33   8.706      0.184    0.799   12.675     8.706   
 487   27   32  10.166      0.072    1.522   10.194    10.166   
 488   27   31   8.759      0.162    0.778    9.861     8.759   
 489   27   30  12.836      0.363    2.275    7.787    12.836   
 490   27   29  18.699      0.429    2.524    5.718    18.699   
 491   27   28  24.983      0.580    2.844    4.320    24.983   
 492   27   27  24.369      0.670    3.605    4.451    24.369   
 493   27   26  37.898      0.917    5.000    2.946    37.898   
 494   27   25  15.489      0.465    2.747    6.997    15.489   
 495   27   24  31.959      0.902    3.845    3.024    31.959   
 496   27   23  16.793      0.369    2.099    5.677    16.793   
 497   27   22  44.122      1.165    5.000    2.360    44.122   
 498   27   21  25.061      0.657    3.365    3.953    25.061   
 499   27   20  41.167      1.054    3.315    2.053    41.167   
 500   27   19  36.914      0.844    2.976    2.424    36.914   
 501   27   18  22.478      0.621    3.419    4.680    22.478   
 502   27   17  39.873      1.670    5.000    1.637    39.873   
 503   27   16  32.753      0.847    4.176    3.845    32.753   
 504   27   15  14.033      0.339    1.998    7.142    14.033   
 505   27   14  46.244      1.352    5.000    2.070    46.244   
 506   27   13  30.298      1.057    3.844    3.812    30.298   
 507   27   12  16.041      0.412    2.281    5.338    16.041   
 508   27   11  45.413      1.514    4.525    2.427    45.413   
 509   27   10  43.916      1.956    4.235    1.492    43.916   
 510   27    9   9.035      0.220    0.978    6.919     9.035   
 511   27    8   9.572      0.191    0.995    8.804     9.572   
 512   27    7   8.500     15.405    0.000    8.656     8.500   
 513   27    6   8.015      0.322    0.965    5.438     8.015   
 514   27    5  10.727      0.212    1.058   11.874    10.727   
 515   27    4   9.023      0.104    1.101    9.640     9.023   
 516   27    3  10.789      0.213    1.149   10.707    10.789   
 517   27    2   9.875      0.277    1.469    8.330     9.875   
 518   27    1   9.891      0.282    1.259    5.775     9.891   
 519   27    0   9.176      0.783    1.066    3.858     9.176   
 520   26   39   7.185      0.236    1.134    8.481     7.185   
 521   26   38   8.154      0.048    0.925    4.442     8.154   
 522   26   37   8.790      0.277    1.064    6.507     8.790   
 523   26   36   7.799      0.114    1.182    6.030     7.799   
 524   26   35   7.715      0.192    0.944    9.493     7.715   
 525   26   34   8.650      0.285    0.760    4.049     8.650   
 526   26   33   9.312      0.077    1.109    7.170     9.312   
 527   26   32   7.793      0.047    0.891    7.210     7.793   
 528   26   31  12.323      0.319    1.856    7.048    12.323   
 529   26   30   8.094      0.228    0.893    6.520     8.094   
 530   26   29  16.806      0.463    2.416    5.532    16.806   
 531   26   28  18.638      0.440    2.434    4.915    18.638   
 532   26   27  20.304      0.427    2.328    5.647    20.304   
 533   26   26  28.869      0.887    4.605    4.169    28.869   
 534   26   25  19.432      0.336    1.719    5.750    19.432   
 535   26   24  29.834      0.771    3.589    3.461    29.834   
 536   26   23  23.428      0.489    2.765    5.572    23.428   
 537   26   22  17.876      0.435    2.461    6.544    17.876   
 538   26   21  44.279      1.082    5.000    2.597    44.279   
 539   26   20  29.694      0.655    5.000    4.650    29.694   
 540   26   19  15.270      0.377    2.036    6.533    15.270   
 541   26   18  23.005      0.487    2.719    5.252    23.005   
 542   26   17  30.886      0.900    4.599    3.882    30.886   
 543   26   16  29.121      0.733    3.659    3.757    29.121   
 544   26   15  24.595      0.495    2.781    5.075    24.595   
 545   26   14  45.236      1.092    5.000    2.665    45.236   
 546   26   13  27.753      0.945    4.547    3.579    27.753   
 547   26   12  22.660      0.686    3.784    5.369    22.660   
 548   26   11  16.446      0.454    2.549    6.269    16.446   
 549   26   10  37.673      1.142    3.480    2.165    37.673   
 550   26    9  12.200      0.321    1.750    6.970    12.200   
 551   26    8   9.152      0.106    0.933   10.040     9.152   
 552   26    7   9.909      0.029    1.160    7.625     9.909   
 553   26    6  12.180      0.267    1.470    8.233    12.180   
 554   26    5   9.598      0.199    0.911    7.350     9.598   
 555   26    4   9.431      0.110    1.208    7.744     9.431   
 556   26    3  10.342      0.151    1.376    7.458    10.342   
 557   26    2  11.639      0.311    1.553    5.886    11.639   
 558   26    1   8.500      0.000    0.000    7.420     8.500   
 559   26    0  10.170      0.401    2.153    5.883    10.170   
 560   25   39   8.057      0.427    0.562    3.873     8.057   
 561   25   38   6.722      0.120    0.693    9.159     6.722   
 562   25   37   8.500      0.000    0.000    4.406     8.500   
 563   25   36  11.526      0.249    1.315    7.210    11.526   
 564   25   35   6.753      0.253    0.863    7.049     6.753   
 565   25   34  11.002      0.249    1.282   11.290    11.002   
 566   25   33   9.797      0.348    0.919    4.925     9.797   
 567   25   32  10.546      0.145    1.116    7.630    10.546   
 568   25   31  11.189      0.184    1.640    8.123    11.189   
 569   25   30  11.733      0.292    1.621    8.505    11.733   
 570   25   29  20.639      0.476    2.552    5.095    20.639   
 571   25   28  23.080      0.489    2.541    4.585    23.080   
 572   25   27  38.520      2.032    4.959    1.388    38.520   
 573   25   26  30.518      0.742    2.822    3.553    30.518   
 574   25   25  14.178      0.361    1.986    7.231    14.178   
 575   25   24  47.887      2.061    5.000    1.437    47.887   
 576   25   23  42.343      1.490    4.067    1.642    42.343   
 577   25   22  13.717      0.265    2.268    6.531    13.717   
 578   25   21  29.850      0.701    3.402    3.933    29.850   
 579   25   20  28.015      0.649    3.293    4.433    28.015   
 580   25   19  32.271      1.127    5.000    3.267    32.271   
 581   25   18  24.364      0.688    2.990    3.769    24.364   
 582   25   17  31.156      0.843    5.000    3.990    31.156   
 583   25   16  29.646      0.710    3.549    4.130    29.646   
 584   25   15  26.732      0.765    3.897    4.051    26.732   
 585   25   14  23.116      0.689    3.661    4.573    23.116   
 586   25   13  27.471      0.588    2.858    4.040    27.471   
 587   25   12  25.820      0.505    2.521    4.983    25.820   
 588   25   11  21.500      0.001    0.002    2.937    21.500   
 589   25   10  49.167      2.016    5.000    2.508    49.167   
 590   25    9   7.724      0.156    0.787    9.113     7.724   
 591   25    8   8.141      0.266    1.014    7.106     8.141   
 592   25    7  11.928      0.261    1.480    8.540    11.928   
 593   25    6  11.032      0.286    1.616    9.382    11.032   
 594   25    5   8.292      0.067    0.865    8.510     8.292   
 595   25    4   9.637      0.258    1.417    8.592     9.637   
 596   25    3  10.509      0.224    1.139    7.930    10.509   
 597   25    2  10.906      0.302    1.564    6.722    10.906   
 598   25    1   7.545      0.236    0.694    7.577     7.545   
 599   25    0  10.981      0.328    1.473    6.160    10.981   
 600   24   39   7.752      0.332    0.935    4.146     7.752   
 601   24   38   6.585      0.233    1.055    8.330     6.585   
 602   24   37   8.640      0.171    0.819    9.270     8.640   
 603   24   36   7.636      0.308    0.870    5.055     7.636   
 604   24   35   6.843      0.454    0.696    4.061     6.843   
 605   24   34   9.742      0.203    1.068   12.987     9.742   
 606   24   33  12.418      0.268    1.458    8.388    12.418   
 607   24   32   9.463      0.368    0.798    7.460     9.463   
 608   24   31  10.040      0.162    1.094    7.781    10.040   
 609   24   30   6.747      0.218    0.897    3.042     6.747   
 610   24   29  25.654      0.620    2.839    4.023    25.654   
 611   24   28  16.820      0.496    2.569    5.398    16.820   
 612   24   27  29.627      0.701    2.338    2.891    29.627   
 613   24   26  15.669      0.489    2.569    5.368    15.669   
 614   24   25  38.063      1.050    3.138    2.218    38.063   
 615   24   24  23.586      0.594    2.816    4.482    23.586   
 616   24   23  24.382      0.731    3.462    4.010    24.382   
 617   24   22  29.869      0.921    4.659    4.266    29.869   
 618   24   21  25.241      0.461    1.968    3.565    25.241   
 619   24   20  24.455      0.697    3.161    3.583    24.455   
 620   24   19  26.451      0.866    4.783    4.559    26.451   
 621   24   18  27.403      0.806    3.652    3.739    27.403   
 622   24   17  19.009      0.430    2.152    5.775    19.009   
 623   24   16  44.765      3.195    5.000    2.159    44.765   
 624   24   15  29.138      0.858    4.160    4.206    29.138   
 625   24   14  25.312      0.706    3.436    4.437    25.312   
 626   24   13  20.720      0.555    2.680    4.364    20.720   
 627   24   12  27.072      0.635    2.823    3.777    27.072   
 628   24   11  32.626      0.771    3.342    3.743    32.626   
 629   24   10  31.663      0.878    3.769    3.420    31.663   
 630   24    9   9.266      0.022    0.897    6.347     9.266   
 631   24    8   9.533      0.248    1.136    7.941     9.533   
 632   24    7   8.478      0.379    0.969    3.978     8.478   
 633   24    6   9.600      0.137    1.200    6.824     9.600   
 634   24    5   9.180      0.260    1.225    7.268     9.180   
 635   24    4   9.001      0.246    1.098    6.684     9.001   
 636   24    3   9.988      0.240    0.975    6.066     9.988   
 637   24    2  12.069      0.295    1.404    5.713    12.069   
 638   24    1   9.396      0.296    1.297    6.346     9.396   
 639   24    0   9.476     55.144    0.004   -0.731     9.476   
 640   23   39   5.021      0.204    0.698    9.409     5.021   
 641   23   38   8.958      0.236    1.110    7.248     8.958   
 642   23   37   7.128      0.184    0.810    9.518     7.128   
 643   23   36   8.260      0.251    1.015    7.133     8.260   
 644   23   35   9.700      0.104    1.193    9.033     9.700   
 645   23   34  10.272      0.248    1.255    7.877    10.272   
 646   23   33   8.837      0.423    0.802    3.668     8.837   
 647   23   32   7.776      0.226    0.928    7.678     7.776   
 648   23   31   8.270      0.399    0.913    4.024     8.270   
 649   23   30  10.322      0.240    1.234    6.376    10.322   
 650   23   29  20.002      0.158    3.274    4.951    20.002   
 651   23   28  29.548      0.696    3.070    3.621    29.548   
 652   23   27  21.153      0.502    2.130    3.990    21.153   
 653   23   26  30.434      1.099    3.523    2.502    30.434   
 654   23   25  31.171      0.923    4.015    3.434    31.171   
 655   23   24  28.050      0.767    5.000    4.079    28.050   
 656   23   23  23.096      0.899    3.298    2.477    23.096   
 657   23   22  28.150      0.996    4.421    3.422    28.150   
 658   23   21  31.897      0.000    2.456    3.019    31.897   
 659   23   20  34.737     43.573    3.831    2.525    34.737   
 660   23   19  39.856      1.917    3.741    1.284    39.856   
 661   23   18  22.066      0.513    1.824    2.573    22.066   
 662   23   17  23.298      0.564    2.611    4.286    23.298   
 663   23   16  27.420      0.912    3.928    3.716    27.420   
 664   23   15  16.005      0.474    2.356    4.631    16.005   
 665   23   14  23.608      0.728    3.347    3.946    23.608   
 666   23   13  17.894      0.461    2.108    5.206    17.894   
 667   23   12  17.498      0.552    2.585    4.424    17.498   
 668   23   11  25.855      0.627    2.662    3.447    25.855   
 669   23   10  32.221      1.001    4.235    3.733    32.221   
 670   23    9  14.635      0.296    2.272    5.448    14.635   
 671   23    8   9.717      0.271    1.229    6.681     9.717   
 672   23    7   9.919      0.298    1.383    8.314     9.919   
 673   23    6   8.327      0.310    0.915    6.270     8.327   
 674   23    5   8.858      0.230    0.994    6.882     8.858   
 675   23    4  10.814      0.331    1.541    5.960    10.814   
 676   23    3  11.180      0.305    1.290    6.201    11.180   
 677   23    2   6.956      0.262    0.899    6.932     6.956   
 678   23    1   7.151      0.403    0.951    4.442     7.151   
 679   23    0   7.628      0.291    1.061    6.603     7.628   
 680   22   39   8.343      0.324    0.978    5.782     8.343   
 681   22   38   9.449      0.277    1.329    7.483     9.449   
 682   22   37  10.394      0.318    1.454    5.686    10.394   
 683   22   36  10.766      0.310    1.332    6.406    10.766   
 684   22   35  11.910      1.051    1.481    5.845    11.910   
 685   22   34   8.887      0.282    1.137    6.875     8.887   
 686   22   33   9.308      0.301    1.189    5.551     9.308   
 687   22   32   8.229      0.104    0.922    7.632     8.229   
 688   22   31   6.754      0.223    0.973    7.664     6.754   
 689   22   30   9.226      0.259    1.119    6.680     9.226   
 690   22   29   8.000     17.163    3.000   -0.000     8.000   
 691   22   28  26.097      0.748    3.553    4.006    26.097   
 692   22   27  43.120      1.187    5.000    2.632    43.120   
 693   22   26  18.227      0.496    2.184    4.412    18.227   
 694   22   25  23.474      0.585    2.384    2.716    23.474   
 695   22   24  17.145      0.569    2.835    4.847    17.145   
 696   22   23  16.073      0.459    2.381    5.363    16.073   
 697   22   22  29.487      0.872    4.234    4.002    29.487   
 698   22   21  33.183      1.252    3.380    1.958    33.183   
 699   22   20  30.264      0.755    3.152    3.083    30.264   
 700   22   19  19.993      0.619    2.857    5.175    19.993   
 701   22   18  35.905      1.170    5.000    2.141    35.905   
 702   22   17  27.586      0.662    2.899    3.806    27.586   
 703   22   16  39.987      1.733    4.912    2.429    39.987   
 704   22   15  33.822      1.300    4.276    2.304    33.822   
 705   22   14  21.511      0.557    2.551    4.051    21.511   
 706   22   13  37.479      1.364    5.000    1.731    37.479   
 707   22   12  20.736      0.444    1.906    4.136    20.736   
 708   22   11  22.012      0.676    3.127    4.334    22.012   
 709   22   10  29.964      1.080    4.707    3.591    29.964   
 710   22    9  12.856      0.469    2.298    5.969    12.856   
 711   22    8   9.285      0.242    1.133    6.949     9.285   
 712   22    7  15.618      0.435    1.945    4.671    15.618   
 713   22    6  10.077      0.229    0.939    7.418    10.077   
 714   22    5  10.180      0.292    1.321    6.542    10.180   
 715   22    4  10.749      0.346    1.141    5.141    10.749   
 716   22    3  10.683      0.238    1.175    6.163    10.683   
 717   22    2   8.607      0.248    1.012    8.185     8.607   
 718   22    1   9.391      0.296    1.128    6.497     9.391   
 719   22    0  10.242      0.094    1.281    6.050    10.242   
 720   21   39   9.052      0.029    0.915    7.149     9.052   
 721   21   38   9.621      0.530    1.142    3.441     9.621   
 722   21   37   7.842      0.143    1.141    6.505     7.842   
 723   21   36  10.711      0.314    1.407    5.817    10.711   
 724   21   35   6.604      0.216    0.572    7.043     6.604   
 725   21   34   8.593      0.243    1.151    7.479     8.593   
 726   21   33   6.413      0.234    0.900    8.171     6.413   
 727   21   32   7.843      0.162    0.942    8.697     7.843   
 728   21   31   7.323      0.471    0.530    4.121     7.323   
 729   21   30   8.369      0.279    1.207    8.129     8.369   
 730   21   29  25.163      0.762    3.573    4.035    25.163   
 731   21   28  24.933      0.810    3.645    3.743    24.933   
 732   21   27  43.833      1.469    3.088    1.865    43.833   
 733   21   26  27.816      0.924    4.330    4.048    27.816   
 734   21   25  16.781      0.509    2.261    5.305    16.781   
 735   21   24  36.268      1.543    5.000    1.688    36.268   
 736   21   23  24.755      0.726    2.377    2.577    24.755   
 737   21   22  22.642      0.659    2.638    3.270    22.642   
 738   21   21  27.847      1.290    5.000    2.661    27.847   
 739   21   20  39.234      1.339    5.000    2.197    39.234   
 740   21   19  47.468      1.318    5.000    1.872    47.468   
 741   21   18  20.376      0.632    2.451    3.163    20.376   
 742   21   17  21.071      0.609    2.517    4.144    21.071   
 743   21   16  20.439      0.163    2.995    3.868    20.439   
 744   21   15  36.791      1.447    4.884    1.639    36.791   
 745   21   14  18.413      0.634    2.753    4.453    18.413   
 746   21   13  21.158      0.611    2.323    3.731    21.158   
 747   21   12  22.497      0.720    3.061    3.479    22.497   
 748   21   11  23.500      0.000    0.000    1.751    23.500   
 749   21   10  14.212      0.219    2.035    5.786    14.212   
 750   21    9  11.623      0.317    1.519    6.470    11.623   
 751   21    8   8.977      0.251    1.028    8.099     8.977   
 752   21    7   8.768      0.126    1.003   11.165     8.768   
 753   21    6  13.448      0.271    1.197    5.446    13.448   
 754   21    5  13.906      0.463    2.356    5.690    13.906   
 755   21    4   7.778      0.239    0.761    6.542     7.778   
 756   21    3   9.150      0.083    0.939    4.274     9.150   
 757   21    2  10.771      0.295    1.323    5.940    10.771   
 758   21    1   8.960      0.121    0.826    6.316     8.960   
 759   21    0  12.082      0.327    1.195    4.851    12.082   
 760   20   39   7.964      0.371    0.514    4.515     7.964   
 761   20   38   8.251      0.320    0.985    6.039     8.251   
 762   20   37  13.097      0.332    1.121    3.857    13.097   
 763   20   36   8.452      0.031    1.003    7.217     8.452   
 764   20   35   9.435      0.344    1.288    5.055     9.435   
 765   20   34   8.448      0.310    1.119    5.343     8.448   
 766   20   33   9.242      0.662    0.631    6.781     9.242   
 767   20   32   8.489      0.251    0.675    5.164     8.489   
 768   20   31  12.151      0.329    1.258    4.824    12.151   
 769   20   30  10.372      0.318    1.186    6.605    10.372   
 770   20   29  36.334      2.285    4.337    1.349    36.334   
 771   20   28  30.954      1.447    5.000    2.508    30.954   
 772   20   27  22.289      0.654    5.000    3.227    22.289   
 773   20   26  20.771      0.699    2.474    3.352    20.771   
 774   20   25  10.500      0.019    0.002      inf    10.500   
 775   20   24  19.605      0.708    2.659    3.372    19.605   
 776   20   23  48.009      4.093    5.000    0.841    48.009   
 777   20   22  22.618      1.130    3.059    2.167    22.618   
 778   20   21  21.517      0.743    2.576    3.212    21.517   
 779   20   20   8.000     17.163    3.000   -0.000     8.000   
 780   20   19   8.000     17.163    3.000   -0.000     8.000   
 781   20   18  40.173      1.648    3.961    1.681    40.173   
 782   20   17  23.598      0.937    3.661    3.315    23.598   
 783   20   16  22.770      0.980    3.889    3.154    22.770   
 784   20   15  42.549      1.810    5.000    1.375    42.549   
 785   20   14  16.036      0.473    2.016    5.520    16.036   
 786   20   13  26.952      1.029    3.865    2.560    26.952   
 787   20   12  39.080      1.096    2.677    1.568    39.080   
 788   20   11   8.000     17.163    3.000   -0.000     8.000   
 789   20   10  29.216      0.886    3.428    3.148    29.216   
 790   20    9   9.063      0.307    1.244    6.002     9.063   
 791   20    8   6.880      0.276    0.776    7.992     6.880   
 792   20    7   8.987      0.302    1.173    7.010     8.987   
 793   20    6   8.891      0.324    1.221    5.355     8.891   
 794   20    5   8.306      0.352    1.281    6.740     8.306   
 795   20    4   8.009      0.312    0.819    7.019     8.009   
 796   20    3   7.784      0.223    0.727    6.905     7.784   
 797   20    2   8.942      0.367    1.108    4.094     8.942   
 798   20    1   9.590      0.342    0.895    4.450     9.590   
 799   20    0   8.748      0.484    1.099    3.503     8.748   
