column  row  current_HV_Setting  new_HV_Setting  Voltage_change
00      00      997.467         1050.000         + 52.533
00      01      971.284         1011.455         + 40.171
00      02      942.556          996.243         + 53.687
00      03      976.580         1013.099         + 36.519
00      04      919.433          944.777         + 25.344
00      05      989.456         1026.715         + 37.259
00      06     1001.336         1043.745         + 42.409
00      07      999.330         1049.130         + 49.800
00      08      945.402          980.640         + 35.238
00      09      993.007         1027.157         + 34.150
00      10      988.017         1021.861         + 33.844
00      11      982.775         1013.582         + 30.807
00      12      985.467         1017.256         + 31.789
00      13      992.174         1031.912         + 39.738
00      14      977.251         1004.815         + 27.564
00      15      992.348         1038.168         + 45.820
00      16      982.976         1017.734         + 34.758
00      17      974.554         1009.048         + 34.494
00      18      979.783         1015.421         + 35.638
00      19      978.119         1012.455         + 34.336
00      20      989.499         1027.956         + 38.457
00      21      985.317         1021.479         + 36.162
00      22      986.237         1015.232         + 28.995
00      23      981.619         1017.239         + 35.620
00      24      992.553         1026.687         + 34.134
00      25     1001.637         1050.000         + 48.363
00      26      993.890         1040.624         + 46.734
00      27      977.927         1003.780         + 25.853
00      28      947.055          967.907         + 20.852
00      29      959.135          990.522         + 31.387
00      30      991.781         1013.377         + 21.596
00      31      992.217         1050.000         + 57.783
00      32      989.854         1026.080         + 36.226
00      33      974.964          986.485         + 11.521
00      34      980.631         1012.575         + 31.944
00      35      985.686         1016.812         + 31.126
00      36      992.553         1048.030         + 55.477
00      37      993.359         1030.973         + 37.614
00      38      987.569         1020.964         + 33.395
00      39      965.049          991.882         + 26.833
01      00      983.674          993.845         + 10.171
01      01      945.959          971.913         + 25.954
01      02      993.610         1050.000         + 56.390
01      03      978.593          995.877         + 17.284
01      04      976.542         1012.331         + 35.789
01      05      986.251         1013.516         + 27.265
01      06      976.177         1028.687         + 52.510
01      07      973.151         1006.091         + 32.940
01      08      988.325         1024.563         + 36.238
01      09      975.675          998.441         + 22.766
01      10      983.445         1010.538         + 27.093
01      11      991.477         1026.130         + 34.653
01      12      967.029         1010.148         + 43.119
01      13      981.420         1025.709         + 44.289
01      14      991.434         1037.996         + 46.562
01      15      964.969          981.985         + 17.016
01      16      986.679         1021.097         + 34.418
01      17      982.976         1023.577         + 40.601
01      18      974.579          999.683         + 25.104
01      19      991.087         1042.626         + 51.539
01      20      987.961         1027.197         + 39.236
01      21      993.964         1050.000         + 56.036
01      22      976.202         1011.541         + 35.339
01      23      993.949         1035.469         + 41.520
01      24     1016.741         1050.000         + 33.259
01      25      965.492          996.878         + 31.386
01      26      991.723         1028.309         + 36.586
01      27      991.897         1032.421         + 40.524
01      28      987.709         1027.480         + 39.771
01      29      991.073         1027.087         + 36.014
01      30      976.782         1005.309         + 28.527
01      31      985.824         1024.225         + 38.401
01      32      995.169         1037.879         + 42.710
01      33      993.051         1004.800         + 11.749
01      34      994.870         1033.957         + 39.087
01      35      955.318          987.687         + 32.369
01      36      982.189         1007.135         + 24.946
01      37      993.964         1050.000         + 56.036
01      38      990.340         1029.284         + 38.944
01      39      989.059         1046.808         + 57.749
02      00      978.864         1013.745         + 34.881
02      01      985.618         1011.239         + 25.621
02      02      980.487         1011.725         + 31.238
02      03      953.644          981.202         + 27.558
02      04      996.221         1047.127         + 50.906
02      05      999.066         1045.309         + 46.243
02      06      990.756         1020.820         + 30.064
02      07      985.645         1026.268         + 40.623
02      08      986.127         1020.023         + 33.896
02      09      975.738         1008.093         + 32.355
02      10      989.997         1050.000         + 60.003
02      11      964.291          997.453         + 33.162
02      12      968.507          997.138         + 28.631
02      13      972.165          988.867         + 16.702
02      14      984.174         1018.120         + 33.946
02      15      994.975         1050.000         + 55.025
02      16      991.854         1019.084         + 27.230
02      17      961.952          992.376         + 30.424
02      18      987.975         1024.371         + 36.396
02      19      938.480          962.242         + 23.762
02      20      963.416          987.538         + 24.122
02      21      995.304         1034.320         + 39.016
02      22      958.311          988.161         + 29.850
02      23      988.101         1013.104         + 25.003
02      24      982.695         1019.751         + 37.056
02      25      991.318         1028.889         + 37.571
02      26      985.920         1018.663         + 32.743
02      27      980.030         1006.669         + 26.639
02      28      978.298         1011.611         + 33.313
02      29      979.575         1015.459         + 35.884
02      30      988.988         1016.629         + 27.641
02      31      987.346         1020.617         + 33.271
02      32      989.045         1025.549         + 36.504
02      33      979.861         1011.095         + 31.234
02      34     1007.798         1037.771         + 29.973
02      35      990.699         1029.046         + 38.347
02      36      967.713         1000.633         + 32.920
02      37      977.722         1003.879         + 26.157
02      38     1030.332         1050.000         + 19.668
02      39      952.035          980.086         + 28.051
03      00      981.354         1007.951         + 26.597
03      01      990.054         1017.788         + 27.734
03      02      985.180         1037.938         + 52.758
03      03      988.819         1025.178         + 36.359
03      04      982.548         1025.761         + 43.213
03      05      983.123         1033.302         + 50.179
03      06      982.681         1030.233         + 47.552
03      07      981.302         1012.079         + 30.777
03      08      994.662         1023.357         + 28.695
03      09      983.876         1004.779         + 20.903
03      10      986.915         1022.999         + 36.084
03      11      986.721         1019.639         + 32.918
03      12      984.309         1020.230         + 35.921
03      13      992.421         1041.704         + 49.283
03      14     1001.875         1024.117         + 22.242
03      15      982.162         1034.699         + 52.537
03      16      981.579         1015.352         + 33.773
03      17      972.262         1007.459         + 35.197
03      18      974.121          998.390         + 24.269
03      19      994.364         1032.713         + 38.349
03      20      973.531         1017.337         + 43.806
03      21      980.815         1019.281         + 38.466
03      22      970.160         1050.000         + 79.840
03      23      982.548         1004.947         + 22.399
03      24     1019.273         1050.000         + 30.727
03      25      978.016          999.967         + 21.951
03      26      988.903         1026.089         + 37.186
03      27      990.083         1023.998         + 33.915
03      28      993.979         1025.746         + 31.767
03      29      972.505          987.791         + 15.286
03      30      991.694         1026.422         + 34.728
03      31      990.598         1028.055         + 37.457
03      32      990.054         1024.826         + 34.772
03      33      990.083         1023.446         + 33.363
03      34      991.246         1050.000         + 58.754
03      35      966.327          990.402         + 24.075
03      36      990.011         1028.872         + 38.861
03      37      979.523          999.302         + 19.779
03      38      986.970         1019.516         + 32.546
03      39      998.156         1041.926         + 43.770
04      00      934.439          962.641         + 28.202
04      01      929.703          968.037         + 38.334
04      02      987.737         1026.439         + 38.702
04      03      946.902          981.197         + 34.295
04      04      986.430         1019.156         + 32.726
04      05      987.040         1026.748         + 39.708
04      06      987.318         1013.685         + 26.367
04      07      992.436         1029.083         + 36.647
04      08      988.087         1025.760         + 37.673
04      09      972.116          996.456         + 24.340
04      10      990.900         1039.305         + 48.405
04      11      970.756          992.367         + 21.611
04      12      982.056         1031.643         + 49.587
04      13      992.217         1029.892         + 37.675
04      14      971.621         1002.287         + 30.666
04      15      981.963         1003.674         + 21.711
04      16     1014.318         1050.000         + 35.682
04      17     1010.718         1042.217         + 31.499
04      18      980.946         1023.781         + 42.835
04      19      983.526         1006.369         + 22.843
04      20      982.855         1034.355         + 51.500
04      21     1009.964         1020.643         + 10.679
04      22      977.952          999.619         + 21.667
04      23      978.671          998.024         + 19.353
04      24      993.772         1033.327         + 39.555
04      25      951.655          988.490         + 36.835
04      26     1034.306         1050.000         + 15.694
04      27      969.401          987.192         + 17.791
04      28      987.919         1022.903         + 34.984
04      29      998.141         1050.000         + 51.859
04      30     1004.512         1050.000         + 45.488
04      31      993.212         1023.660         + 30.448
04      32      995.604         1050.000         + 54.396
04      33     1005.558         1037.212         + 31.654
04      34      994.454         1028.452         + 33.998
04      35      995.035         1032.192         + 37.157
04      36      983.445         1002.512         + 19.067
04      37      995.289         1043.756         + 48.467
04      38     1001.843         1040.939         + 39.096
04      39      961.896          993.406         + 31.510
05      00      981.857         1025.311         + 43.454
05      01      981.526         1017.719         + 36.193
05      02      970.457         1007.102         + 36.645
05      03      983.391         1009.358         + 25.967
05      04      990.354         1013.691         + 23.337
05      05      934.771          965.972         + 31.201
05      06      956.244          973.288         + 17.044
05      07      998.402         1027.982         + 29.580
05      08      923.206          951.508         + 28.302
05      09      971.260          992.439         + 21.179
05      10     1050.000         1050.000         +  0.000
05      11      992.553         1032.678         + 40.125
05      12      981.302         1006.441         + 25.139
05      13      990.268         1023.588         + 33.320
05      14      932.881          958.864         + 25.983
05      15      958.792          991.944         + 33.152
05      16      963.494          993.490         + 29.996
05      17     1019.032         1050.000         + 30.968
05      18      965.674          996.953         + 31.279
05      19      991.289         1026.138         + 34.849
05      20      981.315          990.511         +  9.196
05      21      964.992          989.214         + 24.222
05      22      980.959         1009.799         + 28.840
05      23      988.508         1029.712         + 41.204
05      24      981.249          985.195         +  3.946
05      25      987.332         1023.261         + 35.929
05      26      992.159         1034.432         + 42.273
05      27      995.935         1042.033         + 46.098
05      28      992.684         1032.566         + 39.882
05      29      990.785         1033.072         + 42.287
05      30     1006.135         1050.000         + 43.865
05      31      979.705         1011.259         + 31.554
05      32      985.755         1019.890         + 34.135
05      33     1006.135         1042.662         + 36.527
05      34      987.332         1021.303         + 33.971
05      35      988.861         1027.922         + 39.061
05      36      987.821         1015.826         + 28.005
05      37     1019.347         1050.000         + 30.653
05      38     1011.650         1044.638         + 32.988
05      39     1032.917         1050.000         + 17.083
06      00      960.387          994.511         + 34.124
06      01      986.568         1036.287         + 49.719
06      02      994.216         1039.675         + 45.459
06      03      971.597         1005.142         + 33.545
06      04      987.234         1022.042         + 34.808
06      05      975.400          979.171         +  3.771
06      06      973.592          998.717         + 25.125
06      07      984.485         1012.268         + 27.783
06      08      918.738          945.883         + 27.145
06      09      957.062          989.684         + 32.622
06      10      970.756          998.840         + 28.084
06      11      987.137         1015.631         + 28.494
06      12      976.681         1019.438         + 42.757
06      13      993.683         1032.548         + 38.865
06      14      929.129          947.530         + 18.401
06      15      998.402         1035.911         + 37.509
06      16      963.685         1001.974         + 38.289
06      17      987.332         1012.115         + 24.783
06      18      980.343         1031.556         + 51.213
06      19      989.243         1027.099         + 37.856
06      20      980.409          996.996         + 16.587
06      21      996.403         1027.950         + 31.547
06      22      985.975         1016.687         + 30.712
06      23     1028.366         1047.406         + 19.040
06      24      977.226         1000.118         + 22.892
06      25      986.901         1011.689         + 24.788
06      26     1010.049         1050.000         + 39.951
06      27      995.814         1042.638         + 46.824
06      28     1015.909         1050.000         + 34.091
06      29      963.965          976.907         + 12.942
06      30      986.251         1015.567         + 29.316
06      31      946.463          966.342         + 19.879
06      32      986.333         1016.861         + 30.528
06      33      990.283         1014.262         + 23.979
06      34      975.901         1007.625         + 31.724
06      35      972.712         1001.657         + 28.945
06      36     1050.000         1050.000         +  0.000
06      37      991.029         1020.068         + 29.039
06      38      984.472         1026.776         + 42.304
06      39     1019.421         1050.000         + 30.579
07      00      991.087         1030.711         + 39.624
07      01      991.593         1032.532         + 40.939
07      02      991.535         1022.731         + 31.196
07      03      993.286         1024.899         + 31.613
07      04      988.593         1025.992         + 37.399
07      05      999.969         1041.506         + 41.537
07      06      991.622         1031.762         + 40.140
07      07      985.057         1021.022         + 35.965
07      08      990.914         1017.960         + 27.046
07      09      999.781         1032.549         + 32.768
07      10      958.610          977.352         + 18.742
07      11      996.116         1037.943         + 41.827
07      12      992.816         1026.976         + 34.160
07      13      937.506          973.021         + 35.515
07      14      933.207          957.290         + 24.083
07      15      928.758          956.320         + 27.562
07      16      942.263          992.047         + 49.784
07      17      984.106         1005.924         + 21.818
07      18      987.318         1020.971         + 33.653
07      19     1011.806         1050.000         + 38.194
07      20      993.036         1050.000         + 56.964
07      21      993.742         1035.703         + 41.961
07      22      982.615         1012.964         + 30.349
07      23      981.751         1006.271         + 24.520
07      24      993.315         1024.321         + 31.006
07      25      990.641         1026.776         + 36.135
07      26      993.816         1036.250         + 42.434
07      27      996.146         1050.000         + 53.854
07      28     1012.678         1042.714         + 30.036
07      29     1005.887         1050.000         + 44.113
07      30      975.775         1009.481         + 33.706
07      31      983.714         1014.696         + 30.982
07      32     1012.398         1046.496         + 34.098
07      33     1036.076         1050.000         + 13.924
07      34      979.096         1008.486         + 29.390
07      35      990.885         1017.018         + 26.133
07      36      992.392         1026.000         + 33.608
07      37      987.891         1020.286         + 32.395
07      38     1017.396         1050.000         + 32.604
07      39      994.602         1033.837         + 39.235
08      00      986.003         1021.189         + 35.186
08      01      990.326         1023.548         + 33.222
08      02      981.170         1050.000         + 68.830
08      03      990.426         1026.793         + 36.367
08      04      968.976          987.231         + 18.255
08      05      959.662          981.084         + 21.422
08      06      993.403         1027.281         + 33.878
08      07      963.819          994.063         + 30.244
08      08      987.262         1047.295         + 60.033
08      09      971.524         1003.984         + 32.460
08      10     1050.000         1050.000         +  0.000
08      11      984.784         1005.513         + 20.729
08      12      989.045         1035.289         + 46.244
08      13      982.575         1018.416         + 35.841
08      14      941.307          973.743         + 32.436
08      15      984.567         1034.243         + 49.676
08      16     1026.809         1050.000         + 23.191
08      17      964.867         1001.335         + 36.468
08      18     1015.621         1050.000         + 34.379
08      19      975.363         1002.249         + 26.886
08      20      974.914         1016.790         + 41.876
08      21      970.589         1008.911         + 38.322
08      22     1014.869         1050.000         + 35.131
08      23     1028.205         1050.000         + 21.795
08      24      994.172         1024.959         + 30.787
08      25      990.641         1020.653         + 30.012
08      26      993.816         1025.100         + 31.284
08      27      988.579         1050.000         + 61.421
08      28      983.378         1030.120         + 46.742
08      29     1017.871         1042.407         + 24.536
08      30     1011.911         1047.675         + 35.764
08      31     1002.433         1036.348         + 33.915
08      32      961.117          981.841         + 20.724
08      33      988.059         1024.544         + 36.485
08      34      978.555         1000.773         + 22.218
08      35      993.359         1029.490         + 36.131
08      36     1045.687         1050.000         +  4.313
08      37      995.784         1031.558         + 35.774
08      38     1010.787         1044.644         + 33.857
08      39      990.240         1024.917         + 34.677
09      00      972.237         1008.661         + 36.424
09      01      981.963         1009.235         + 27.272
09      02      976.884          996.537         + 19.653
09      03     1000.501         1035.231         + 34.730
09      04      982.016         1026.222         + 44.206
09      05      936.956          954.303         + 17.347
09      06      985.632         1018.879         + 33.247
09      07      974.790         1005.895         + 31.105
09      08      977.378         1010.478         + 33.100
09      09      993.669         1050.000         + 56.331
09      10      993.772         1050.000         + 56.228
09      11      988.663         1023.454         + 34.791
09      12      981.830         1016.497         + 34.667
09      13      960.040          971.946         + 11.906
09      14      988.551         1019.506         + 30.955
09      15     1017.615         1050.000         + 32.385
09      16      982.869         1008.993         + 26.124
09      17     1015.927         1031.560         + 15.633
09      18      983.701         1019.193         + 35.492
09      19      988.847         1021.620         + 32.773
09      20     1001.939         1031.786         + 29.847
09      21      988.311         1026.097         + 37.786
09      22      972.420         1001.705         + 29.285
09      23      981.738         1009.728         + 27.990
09      24     1022.262         1050.000         + 27.738
09      25     1049.533         1050.000         +  0.467
09      26      987.975         1042.714         + 54.739
09      27      987.081         1030.402         + 43.321
09      28     1029.639         1050.000         + 20.361
09      29     1028.587         1050.000         + 21.413
09      30     1001.463         1050.000         + 48.537
09      31     1007.899         1031.992         + 24.093
09      32      987.276         1005.569         + 18.293
09      33     1004.545         1035.918         + 31.373
09      34      989.314         1023.169         + 33.855
09      35      990.555         1024.135         + 33.580
09      36     1007.966         1041.983         + 34.017
09      37      947.727          982.477         + 34.750
09      38     1046.389         1050.000         +  3.611
09      39      995.379         1040.131         + 44.752
10      00     1046.037         1050.000         +  3.963
10      01      984.052         1002.926         + 18.874
10      02      989.428         1026.221         + 36.793
10      03      945.496          970.119         + 24.623
10      04      976.643          992.107         + 15.464
10      05      993.713         1033.089         + 39.376
10      06      984.201         1012.706         + 28.505
10      07     1026.968         1050.000         + 23.032
10      08      972.444         1000.640         + 28.196
10      09      947.026          971.853         + 24.827
10      10      866.972          899.422         + 32.450
10      11      850.000          862.037         + 12.037
10      12      851.201          867.224         + 16.023
10      13      850.000          854.560         +  4.560
10      14      850.000          849.396         -  0.604
10      15      850.000          874.056         + 24.056
10      16      850.000          867.776         + 17.776
10      17      861.179          904.295         + 43.116
10      18      888.771          909.975         + 21.204
10      19      867.249          895.673         + 28.424
10      20      860.505          884.280         + 23.775
10      21      853.224          866.550         + 13.326
10      22      867.253          910.437         + 43.184
10      23      861.550          876.855         + 15.305
10      24      906.311          921.605         + 15.294
10      25      890.204          921.393         + 31.189
10      26      850.000          861.376         + 11.376
10      27      866.842          892.764         + 25.922
10      28      860.866          868.105         +  7.239
10      29      910.658          948.190         + 37.532
10      30     1001.479         1041.412         + 39.933
10      31      980.566         1004.324         + 23.758
10      32      974.480         1046.567         + 72.087
10      33      988.157         1018.320         + 30.163
10      34      977.582         1017.137         + 39.555
10      35      980.959         1000.870         + 19.911
10      36      986.693         1021.145         + 34.452
10      37      980.658         1001.626         + 20.968
10      38      994.870         1040.508         + 45.638
10      39      990.311         1028.191         + 37.880
11      00     1019.440         1050.000         + 30.560
11      01      989.897         1023.538         + 33.641
11      02      974.877         1006.487         + 31.610
11      03      974.790         1030.554         + 55.764
11      04      991.868         1026.992         + 35.124
11      05      994.990         1039.669         + 44.679
11      06      968.753          984.092         + 15.339
11      07      992.699         1039.096         + 46.397
11      08      987.360         1021.617         + 34.257
11      09      982.628         1017.525         + 34.897
11      10      912.259          957.826         + 45.567
11      11      861.440          882.942         + 21.502
11      12      850.000          848.618         -  1.382
11      13      850.000          867.100         + 17.100
11      14      850.000          832.674         - 17.326
11      15      850.000          843.296         -  6.704
11      16      890.781          905.065         + 14.284
11      17      850.000          875.584         + 25.584
11      18      855.632          865.434         +  9.802
11      19      850.000          874.632         + 24.632
11      20      858.320          872.220         + 13.900
11      21      873.246          887.665         + 14.419
11      22      862.062          895.870         + 33.808
11      23      850.000          845.195         -  4.805
11      24      852.742          854.898         +  2.156
11      25      850.000          878.015         + 28.015
11      26      928.062          931.099         +  3.037
11      27      873.519          891.919         + 18.400
11      28      868.510          878.232         +  9.722
11      29      871.958          884.976         + 13.018
11      30      989.812         1021.462         + 31.650
11      31     1033.315         1050.000         + 16.685
11      32      996.509         1039.805         + 43.296
11      33      980.095         1001.645         + 21.550
11      34     1010.443         1046.536         + 36.093
11      35      987.179         1011.789         + 24.610
11      36      971.850          994.572         + 22.722
11      37      985.906         1031.466         + 45.560
11      38     1050.000         1050.000         +  0.000
11      39      993.610         1029.956         + 36.346
12      00      987.779         1040.913         + 53.134
12      01      986.058         1020.220         + 34.162
12      02      992.276         1050.000         + 57.724
12      03      977.531         1016.370         + 38.839
12      04      988.635         1012.512         + 23.877
12      05      976.265         1009.229         + 32.964
12      06      985.153         1015.612         + 30.459
12      07      968.871          991.732         + 22.861
12      08      992.028         1036.648         + 44.620
12      09      970.876          993.053         + 22.177
12      10      859.720          882.136         + 22.416
12      11      868.234          896.097         + 27.863
12      12      850.000          830.562         - 19.438
12      13      850.000          829.883         - 20.117
12      14      850.000          840.941         -  9.059
12      15      857.138          887.256         + 30.118
12      16      877.264          913.894         + 36.630
12      17      874.912          886.881         + 11.969
12      18      868.379          886.566         + 18.187
12      19      858.470          870.287         + 11.817
12      20      906.086          922.103         + 16.017
12      21      862.070          874.892         + 12.822
12      22      854.221          872.305         + 18.084
12      23      867.249          883.729         + 16.480
12      24      850.000          866.758         + 16.758
12      25      892.081          919.165         + 27.084
12      26      850.000          842.753         -  7.247
12      27      885.899          909.165         + 23.266
12      28      865.585          901.978         + 36.393
12      29      925.096          940.184         + 15.088
12      30     1017.050         1050.000         + 32.950
12      31      984.363         1015.610         + 31.247
12      32      996.101         1028.931         + 32.830
12      33      988.537         1020.409         + 31.872
12      34     1007.430         1045.806         + 38.376
12      35     1031.545         1050.000         + 18.455
12      36      997.757         1030.976         + 33.219
12      37     1007.831         1043.986         + 36.155
12      38      989.669         1017.076         + 27.407
12      39      990.068         1028.425         + 38.357
13      00      987.947         1014.786         + 26.839
13      01      969.981          999.573         + 29.592
13      02      978.375         1004.767         + 26.392
13      03      981.579         1013.521         + 31.942
13      04      991.376         1028.552         + 37.176
13      05      969.118          995.245         + 26.127
13      06      978.722         1012.215         + 33.493
13      07      987.207         1019.513         + 32.306
13      08      991.897         1037.213         + 45.316
13      09      928.750          951.585         + 22.835
13      10      863.149          877.189         + 14.040
13      11      852.985          867.008         + 14.023
13      12      850.835          865.329         + 14.494
13      13      850.000          863.129         + 13.129
13      14      850.000          855.041         +  5.041
13      15      855.187          876.533         + 21.346
13      16      868.155          887.866         + 19.711
13      17      865.309          879.522         + 14.213
13      18      867.249          897.206         + 29.957
13      19      850.000          861.676         + 11.676
13      20      850.000          853.397         +  3.397
13      21      880.420          907.093         + 26.673
13      22      850.000          855.332         +  5.332
13      23      908.976          921.154         + 12.178
13      24      922.312          944.616         + 22.304
13      25      866.691          886.197         + 19.506
13      26      850.000          862.946         + 12.946
13      27      891.729          916.823         + 25.094
13      28      850.000          859.420         +  9.420
13      29      857.588          895.811         + 38.223
13      30      996.797         1037.665         + 40.868
13      31     1002.225         1050.000         + 47.775
13      32     1021.711         1050.000         + 28.289
13      33     1013.099         1048.146         + 35.047
13      34     1000.266         1042.123         + 41.857
13      35      984.893         1012.073         + 27.180
13      36      982.815         1017.282         + 34.467
13      37     1011.287         1035.664         + 24.377
13      38      981.051         1013.550         + 32.499
13      39      973.666         1004.848         + 31.182
14      00      973.654         1006.875         + 33.221
14      01      995.559         1022.115         + 26.556
14      02      988.903         1015.705         + 26.802
14      03      985.399         1018.223         + 32.824
14      04      998.556         1034.430         + 35.874
14      05      986.209         1022.745         + 36.536
14      06      988.932         1043.003         + 54.071
14      07      988.101         1021.165         + 33.064
14      08      992.655         1039.782         + 47.127
14      09      985.125         1008.857         + 23.732
14      10      850.000          840.258         -  9.742
14      11      857.419          881.920         + 24.501
14      12      851.786          866.086         + 14.300
14      13      850.000          858.638         +  8.638
14      14      907.687          921.889         + 14.202
14      15      864.694          883.287         + 18.593
14      16      850.000          860.506         + 10.506
14      17      867.249          884.399         + 17.150
14      18      854.962          883.456         + 28.494
14      19      867.249          906.579         + 39.330
14      20      868.374          893.160         + 24.786
14      21      867.249          901.999         + 34.750
14      22      864.770          886.234         + 21.464
14      23      856.079          868.897         + 12.818
14      24      938.410          969.512         + 31.102
14      25      850.000          857.803         +  7.803
14      26      865.041          879.752         + 14.711
14      27      893.699          926.653         + 32.954
14      28      867.249          894.420         + 27.171
14      29      924.055          942.053         + 17.998
14      30      987.779         1008.392         + 20.613
14      31      984.228         1016.716         + 32.488
14      32     1024.532         1050.000         + 25.468
14      33     1016.759         1049.795         + 33.036
14      34      989.371         1018.330         + 28.959
14      35      984.187         1016.017         + 31.830
14      36      992.188         1021.584         + 29.396
14      37      985.590         1009.165         + 23.575
14      38      976.139         1007.125         + 30.986
14      39     1026.611         1050.000         + 23.389
15      00      966.350          981.262         + 14.912
15      01      983.043         1014.053         + 31.010
15      02      992.465         1000.758         +  8.293
15      03      958.514          972.156         + 13.642
15      04      986.610         1014.501         + 27.891
15      05      986.804         1019.377         + 32.573
15      06      983.755         1018.423         + 34.668
15      07      992.509         1031.539         + 39.030
15      08     1006.747         1050.000         + 43.253
15      09      983.836         1001.950         + 18.114
15      10      889.870          902.232         + 12.362
15      11      871.822          884.702         + 12.880
15      12      850.000          862.484         + 12.484
15      13      875.015          890.778         + 15.763
15      14      850.000          883.140         + 33.140
15      15      850.000          847.618         -  2.382
15      16      883.934          899.909         + 15.975
15      17      884.016          907.135         + 23.119
15      18      861.489          893.554         + 32.065
15      19      899.039          912.951         + 13.912
15      20      850.000          867.457         + 17.457
15      21      867.531          893.205         + 25.674
15      22      890.099          905.899         + 15.800
15      23      850.000          871.256         + 21.256
15      24      850.000          858.405         +  8.405
15      25      884.424          903.965         + 19.541
15      26      850.000          852.214         +  2.214
15      27      859.472          879.646         + 20.174
15      28      902.920          919.770         + 16.850
15      29      866.972          881.212         + 14.240
15      30      986.845         1013.184         + 26.339
15      31      932.464          950.404         + 17.940
15      32      991.361         1031.014         + 39.653
15      33      991.001         1011.324         + 20.323
15      34      990.684         1024.888         + 34.204
15      35      982.135         1009.821         + 27.686
15      36      982.175         1014.678         + 32.503
15      37      993.124         1016.205         + 23.081
15      38      979.965         1016.423         + 36.458
15      39     1008.420         1045.517         + 37.097
16      00      989.968         1025.482         + 35.514
16      01      990.455         1034.015         + 43.560
16      02      990.756         1023.959         + 33.203
16      03      954.493          988.899         + 34.406
16      04      993.521         1011.535         + 18.014
16      05      983.257          997.573         + 14.316
16      06      983.190         1019.274         + 36.084
16      07      988.325         1030.976         + 42.651
16      08      987.081         1023.189         + 36.108
16      09      943.858          971.592         + 27.734
16      10      870.872          885.809         + 14.937
16      11      902.970          920.289         + 17.319
16      12      862.083          877.058         + 14.975
16      13      872.745          888.929         + 16.184
16      14      850.000          872.471         + 22.471
16      15      858.577          875.261         + 16.684
16      16      867.249          884.192         + 16.943
16      17      897.445          924.751         + 27.306
16      18      867.249          889.739         + 22.490
16      19      850.000          853.949         +  3.949
16      20      850.000          839.381         - 10.619
16      21      866.077          920.863         + 54.786
16      22      850.613          855.803         +  5.190
16      23      902.491          923.411         + 20.920
16      24      892.322          914.025         + 21.703
16      25      923.817          941.085         + 17.268
16      26      920.510          936.688         + 16.178
16      27      895.014          923.677         + 28.663
16      28      880.192          888.968         +  8.776
16      29      920.873          948.531         + 27.658
16      30     1050.000         1050.000         +  0.000
16      31     1032.229         1050.000         + 17.771
16      32     1000.973         1041.403         + 40.430
16      33     1005.854         1038.720         + 32.866
16      34      985.755         1018.327         + 32.572
16      35      992.144         1020.543         + 28.399
16      36      988.847         1017.678         + 28.831
16      37     1041.602         1050.000         +  8.398
16      38      992.889         1028.849         + 35.960
16      39      982.069         1014.997         + 32.928
17      00      959.943          974.440         + 14.497
17      01      989.186         1017.755         + 28.569
17      02      989.201         1041.347         + 52.146
17      03      967.318          986.750         + 19.432
17      04      985.838         1025.903         + 40.065
17      05      988.059         1015.626         + 27.567
17      06      986.748         1045.208         + 58.460
17      07      992.014         1025.962         + 33.948
17      08      986.721         1018.945         + 32.224
17      09      962.526          978.447         + 15.921
17      10      850.000          837.363         - 12.637
17      11      903.182          929.926         + 26.744
17      12      903.139          938.862         + 35.723
17      13      850.000          868.136         + 18.136
17      14      924.470          941.409         + 16.939
17      15      854.875          868.165         + 13.290
17      16      867.749          886.868         + 19.119
17      17      872.717          902.538         + 29.821
17      18      850.000          835.325         - 14.675
17      19      850.000          871.615         + 21.615
17      20      867.249          903.618         + 36.369
17      21      903.145          916.668         + 13.523
17      22      868.383          899.134         + 30.751
17      23      860.760          876.747         + 15.987
17      24      850.000          839.752         - 10.248
17      25      868.116          884.176         + 16.060
17      26      867.249          882.111         + 14.862
17      27      850.000          844.912         -  5.088
17      28      891.357          906.179         + 14.822
17      29      850.000          854.940         +  4.940
17      30     1050.000         1050.000         +  0.000
17      31      993.271         1043.367         + 50.096
17      32     1009.486         1044.339         + 34.853
17      33     1008.673         1050.000         + 41.327
17      34      967.180          998.395         + 31.215
17      35     1004.659         1030.823         + 26.164
17      36      985.879         1020.807         + 34.928
17      37      975.825         1008.232         + 32.407
17      38      983.110         1021.371         + 38.261
17      39      996.372         1029.729         + 33.357
18      00      977.927         1003.472         + 25.545
18      01      983.728         1027.592         + 43.864
18      02      978.838         1002.859         + 24.021
18      03      989.101         1012.409         + 23.308
18      04      940.872          954.437         + 13.565
18      05      983.499         1002.947         + 19.448
18      06      992.875         1021.824         + 28.949
18      07      975.800         1005.986         + 30.186
18      08      986.333         1020.857         + 34.524
18      09      977.074          992.179         + 15.105
18      10      864.105          890.609         + 26.504
18      11      867.249          892.437         + 25.188
18      12      850.000          848.535         -  1.465
18      13      895.882          904.570         +  8.688
18      14      867.249          924.702         + 57.453
18      15      850.000          835.999         - 14.001
18      16      916.319          939.277         + 22.958
18      17      861.016          877.403         + 16.387
18      18      850.000          880.202         + 30.202
18      19      850.000          852.607         +  2.607
18      20      909.654          943.987         + 34.333
18      21      893.693          908.657         + 14.964
18      22      850.000          839.714         - 10.286
18      23      850.000          863.202         + 13.202
18      24      904.503          914.928         + 10.425
18      25      896.757          915.390         + 18.633
18      26      882.199          897.923         + 15.724
18      27      865.589          897.672         + 32.083
18      28      895.499          907.699         + 12.200
18      29      867.249          891.016         + 23.767
18      30      989.755         1019.902         + 30.147
18      31      995.995         1035.356         + 39.361
18      32      994.975         1029.142         + 34.167
18      33      996.131         1033.052         + 36.921
18      34     1050.000         1050.000         +  0.000
18      35      985.645         1005.401         + 19.756
18      36      983.445         1024.918         + 41.473
18      37      965.811         1000.392         + 34.581
18      38     1050.000         1050.000         +  0.000
18      39     1049.582         1050.000         +  0.418
19      00      946.035          974.032         + 27.997
19      01      967.981          995.237         + 27.256
19      02      982.962         1018.411         + 35.449
19      03      957.738          992.343         + 34.605
19      04      994.930         1045.828         + 50.898
19      05      985.508         1021.882         + 36.374
19      06      989.812         1024.424         + 34.612
19      07      969.295          992.330         + 23.035
19      08      995.574         1042.011         + 46.437
19      09      978.993         1002.395         + 23.402
19      10      867.249          898.943         + 31.694
19      11      850.376          864.430         + 14.054
19      12      870.118          888.499         + 18.381
19      13      861.558          876.072         + 14.514
19      14      868.576          891.538         + 22.962
19      15      866.816          874.821         +  8.005
19      16      850.000          863.925         + 13.925
19      17      867.249          887.913         + 20.664
19      18      850.000          844.521         -  5.479
19      21      861.415          879.132         + 17.717
19      22      867.249          874.917         +  7.668
19      23      850.000          863.117         + 13.117
19      24      889.471          910.596         + 21.125
19      25      874.509          894.673         + 20.164
19      26      850.000          867.700         + 17.700
19      27      867.249          875.187         +  7.938
19      28      850.000          849.692         -  0.308
19      29      867.232          876.879         +  9.647
19      30      998.865         1042.300         + 43.435
19      31      945.392         1002.839         + 57.447
19      32     1050.000         1050.000         +  0.000
19      33      995.274         1037.861         + 42.587
19      34     1011.062         1050.000         + 38.938
19      35      994.483         1027.243         + 32.760
19      36      988.424         1016.097         + 27.673
19      37      994.751         1042.811         + 48.060
19      38      993.389         1027.468         + 34.079
19      39     1007.296         1050.000         + 42.704
20      00      986.499         1021.517         + 35.018
20      01      989.101         1029.724         + 40.623
20      02      987.947         1027.077         + 39.130
20      03      993.462         1034.622         + 41.160
20      04      995.544         1037.979         + 42.435
20      05      990.612         1029.392         + 38.780
20      06      985.755         1003.469         + 17.714
20      07      983.782         1019.735         + 35.953
20      08     1001.796         1047.696         + 45.900
20      09      984.309         1014.000         + 29.691
20      10      858.954          875.645         + 16.691
20      11      864.496          865.594         +  1.098
20      12      850.000          860.756         + 10.756
20      13      874.038          889.463         + 15.425
20      14      922.486          926.519         +  4.033
20      15      850.000          852.138         +  2.138
20      16      887.514          901.490         + 13.976
20      17      867.249          884.658         + 17.409
20      18      850.000          867.470         + 17.470
20      21      892.081          908.742         + 16.661
20      22      867.249          895.658         + 28.409
20      23      850.000          837.661         - 12.339
20      24      900.921          917.641         + 16.720
20      25      877.896          891.619         + 13.723
20      26      928.606          925.271         -  3.335
20      27      877.408          884.303         +  6.895
20      28      864.105          870.514         +  6.409
20      29      850.000          852.214         +  2.214
20      30      970.960         1001.653         + 30.693
20      31      979.705         1001.859         + 22.154
20      32      987.040         1028.468         + 41.428
20      33      976.568         1004.364         + 27.796
20      34      990.111         1034.608         + 44.497
20      35      980.252         1022.089         + 41.837
20      36      993.624         1016.763         + 23.139
20      37      951.285          984.323         + 33.038
20      38      994.290         1032.183         + 37.893
20      39     1000.737         1045.656         + 44.919
21      00      959.092          989.236         + 30.144
21      01      983.177         1013.091         + 29.914
21      02      981.249         1002.646         + 21.397
21      03      992.159         1023.129         + 30.970
21      04     1008.117         1050.000         + 41.883
21      05      936.600          968.019         + 31.419
21      06      958.109          976.870         + 18.761
21      07      986.887         1025.417         + 38.530
21      08      988.988         1016.708         + 27.720
21      09      969.886         1001.561         + 31.675
21      10      927.235          972.175         + 44.940
21      11      867.249          898.704         + 31.455
21      12      867.249          896.693         + 29.444
21      13      897.587          921.260         + 23.673
21      14      902.138          908.841         +  6.703
21      15      850.000          858.417         +  8.417
21      16      867.249          900.285         + 33.036
21      17      895.835          921.102         + 25.267
21      18      902.746          910.167         +  7.421
21      19      850.000          830.330         - 19.670
21      20      850.000          864.901         + 14.901
21      21      864.185          877.893         + 13.708
21      22      867.249          903.665         + 36.416
21      23      884.668          893.900         +  9.232
21      24      850.000          855.885         +  5.885
21      25      926.872          946.942         + 20.070
21      26      866.601          875.788         +  9.187
21      27      850.000          841.009         -  8.991
21      28      867.253          882.940         + 15.687
21      29      867.249          883.652         + 16.403
21      30      986.762         1023.285         + 36.523
21      31      984.703         1032.014         + 47.311
21      32      997.360         1038.717         + 41.357
21      33      997.131         1029.862         + 32.731
21      34      992.904         1017.332         + 24.428
21      35      990.957         1007.550         + 16.593
21      36      978.851          995.997         + 17.146
21      37      989.584         1050.000         + 60.416
21      38      972.870         1014.498         + 41.628
21      39      985.440         1018.896         + 33.456
22      00      983.257         1015.862         + 32.605
22      01      983.405         1023.565         + 40.160
22      02      984.893         1019.031         + 34.138
22      03      984.635         1013.519         + 28.884
22      04      983.123         1035.869         + 52.746
22      05      975.863         1009.208         + 33.345
22      06      991.738         1020.525         + 28.787
22      07      914.660          947.190         + 32.530
22      08      985.358         1019.999         + 34.641
22      09      958.120          972.247         + 14.127
22      10      857.682          872.994         + 15.312
22      11      867.249          900.012         + 32.763
22      12      895.626          912.724         + 17.098
22      13      850.000          851.370         +  1.370
22      14      893.262          901.936         +  8.674
22      15      850.000          864.171         + 14.171
22      16      850.000          845.498         -  4.502
22      17      861.566          881.868         + 20.302
22      18      850.000          859.962         +  9.962
22      19      904.244          917.551         + 13.307
22      20      863.950          870.311         +  6.361
22      21      850.000          851.015         +  1.015
22      22      850.000          859.022         +  9.022
22      23      921.996          936.157         + 14.161
22      24      917.846          928.909         + 11.063
22      25      880.734          901.122         + 20.388
22      26      915.574          928.878         + 13.304
22      27      850.000          846.660         -  3.340
22      28      880.257          887.269         +  7.012
22      29      900.142          910.766         + 10.624
22      30      988.087         1024.385         + 36.298
22      31      994.483         1035.274         + 40.791
22      32      994.350         1035.349         + 40.999
22      33      989.712         1020.117         + 30.405
22      34      990.885         1026.008         + 35.123
22      35      968.542          995.705         + 27.163
22      36      983.391         1015.638         + 32.247
22      37      981.844          991.916         + 10.072
22      38      984.336         1016.812         + 32.476
22      39      995.050         1022.988         + 27.938
23      00     1020.898         1050.000         + 29.102
23      01      989.698         1024.441         + 34.743
23      02     1001.494         1050.000         + 48.506
23      03      978.119         1015.088         + 36.969
23      04      972.968          998.077         + 25.109
23      05      987.346         1012.222         + 24.876
23      06      988.621         1019.318         + 30.697
23      07      967.981          988.371         + 20.390
23      08      985.412         1033.398         + 47.986
23      09      929.371          949.608         + 20.237
23      10      850.057          883.590         + 33.533
23      11      867.249          883.793         + 16.544
23      12      907.029          932.918         + 25.889
23      13      933.493          942.240         +  8.747
23      14      867.249          883.408         + 16.159
23      15      921.209          937.588         + 16.379
23      16      855.421          867.827         + 12.406
23      17      867.249          888.262         + 21.013
23      18      867.249          883.191         + 15.942
23      19      850.000          840.354         -  9.646
23      20      850.000          861.604         + 11.604
23      21      850.879          872.904         + 22.025
23      22      856.667          866.778         + 10.111
23      23      867.249          897.841         + 30.592
23      24      869.229          876.071         +  6.842
23      25      850.000          860.696         + 10.696
23      26      850.000          857.919         +  7.919
23      27      867.249          880.234         + 12.985
23      28      855.298          869.682         + 14.384
23      29      895.626          918.809         + 23.183
23      30      982.909         1009.627         + 26.718
23      31     1022.758         1050.000         + 27.242
23      32      991.419         1029.289         + 37.870
23      33      991.999         1021.825         + 29.826
23      34      982.481         1010.682         + 28.201
23      35      986.859         1008.049         + 21.190
23      36      997.772         1034.322         + 36.550
23      37      981.328         1019.071         + 37.743
23      38      984.445         1015.418         + 30.973
23      39     1022.109         1050.000         + 27.891
24      00      981.354         1050.000         + 68.646
24      01      968.086         1000.741         + 32.655
24      02      967.958          977.411         +  9.453
24      03      985.289         1040.743         + 55.454
24      04      987.040         1016.637         + 29.597
24      05      984.771         1017.839         + 33.068
24      06      985.262         1019.798         + 34.536
24      07      995.469         1032.590         + 37.121
24      08      983.876         1011.075         + 27.199
24      09      987.360         1018.784         + 31.424
24      10      850.000          877.476         + 27.476
24      11      850.000          859.538         +  9.538
24      12      867.240          884.299         + 17.059
24      13      896.804          916.686         + 19.882
24      14      867.253          887.689         + 20.436
24      15      856.357          890.716         + 34.359
24      16      850.000          849.375         -  0.625
24      17      904.865          910.362         +  5.497
24      18      866.700          873.720         +  7.020
24      19      863.398          876.560         + 13.162
24      20      868.374          881.389         + 13.015
24      21      867.253          892.105         + 24.852
24      22      856.632          873.202         + 16.570
24      23      867.253          886.573         + 19.320
24      24      867.249          898.629         + 31.380
24      25      850.000          847.951         -  2.049
24      26      922.994          946.740         + 23.746
24      27      865.585          863.128         -  2.457
24      28      923.687          941.691         + 18.004
24      29      867.249          891.113         + 23.864
24      30      990.670         1050.000         + 59.330
24      31      985.920         1010.237         + 24.317
24      32      989.257         1030.100         + 40.843
24      33      967.318          982.203         + 14.885
24      34      986.790         1020.309         + 33.519
24      35      995.544         1039.328         + 43.784
24      36      987.989         1030.553         + 42.564
24      37      988.031         1018.223         + 30.192
24      38     1016.777         1050.000         + 33.223
24      39      987.807         1030.129         + 42.322
25      00      954.853          978.895         + 24.042
25      01     1009.946         1050.000         + 40.054
25      02      954.627          981.983         + 27.356
25      03      978.864          995.155         + 16.291
25      04      980.828         1007.692         + 26.864
25      05      994.528         1036.180         + 41.652
25      06      973.494          991.748         + 18.254
25      07      973.163         1006.895         + 33.732
25      08      998.171         1050.000         + 51.829
25      09      993.477         1032.615         + 39.138
25      10      850.000          834.331         - 15.669
25      11      867.249          884.050         + 16.801
25      12      867.810          887.155         + 19.345
25      13      862.958          882.103         + 19.145
25      14      867.249          899.499         + 32.250
25      15      864.218          878.814         + 14.596
25      16      855.134          868.097         + 12.963
25      17      850.000          857.423         +  7.423
25      18      867.249          892.255         + 25.006
25      19      850.000          857.746         +  7.746
25      20      859.977          874.339         + 14.362
25      21      852.675          862.443         +  9.768
25      22      866.972          910.159         + 43.187
25      23      850.000          841.405         -  8.595
25      24      850.000          828.895         - 21.105
25      25      916.775          942.692         + 25.917
25      26      855.172          865.230         + 10.058
25      27      850.000          844.751         -  5.249
25      28      867.249          877.136         +  9.887
25      29      898.019          905.995         +  7.976
25      30      973.961          990.170         + 16.209
25      31      974.468          984.624         + 10.156
25      32      978.606          990.157         + 11.551
25      33      977.531         1019.056         + 41.525
25      34      973.200          983.450         + 10.250
25      35     1003.572         1042.930         + 39.358
25      36      955.464          988.744         + 33.280
25      37      994.781         1034.730         + 39.949
25      38     1007.063         1040.457         + 33.394
25      39      984.350         1025.701         + 41.351
26      00      972.505         1001.952         + 29.447
26      01      986.915         1022.778         + 35.863
26      02      941.461          969.752         + 28.291
26      03      974.653         1009.367         + 34.714
26      04      987.012         1011.602         + 24.590
26      05      986.099         1035.967         + 49.868
26      06      947.227          980.737         + 33.510
26      07      987.234         1014.699         + 27.465
26      08      987.234         1026.792         + 39.558
26      09      959.727          971.737         + 12.010
26      10      850.000          855.670         +  5.670
26      11      917.356          935.196         + 17.840
26      12      867.249          900.558         + 33.309
26      13      862.523          882.384         + 19.861
26      14      850.000          832.612         - 17.388
26      15      866.963          924.609         + 57.646
26      16      857.890          878.331         + 20.441
26      17      854.711          878.339         + 23.628
26      18      867.249          907.635         + 40.386
26      19      924.818          947.527         + 22.709
26      20      857.165          868.879         + 11.714
26      21      850.000          841.250         -  8.750
26      22      919.616          927.635         +  8.019
26      23      867.249          888.545         + 21.296
26      24      860.700          882.601         + 21.901
26      25      907.812          908.153         +  0.341
26      26      863.950          880.751         + 16.801
26      27      919.345          921.611         +  2.266
26      28      937.707          925.273         - 12.434
26      29      919.425          932.680         + 13.255
26      30      991.448         1030.156         + 38.708
26      31      948.201          964.699         + 16.498
26      32      997.589         1038.149         + 40.560
26      33      982.109         1007.577         + 25.468
26      34      981.130         1011.014         + 29.884
26      35      988.960         1022.803         + 33.843
26      36      998.495         1042.078         + 43.583
26      37      987.248         1014.904         + 27.656
26      38      994.335         1045.378         + 51.043
26      39      995.289         1031.422         + 36.133
27      00      987.653         1046.519         + 58.866
27      01      979.692         1007.513         + 27.821
27      02      982.122         1028.432         + 46.310
27      03      978.503          999.721         + 21.218
27      04      988.875         1023.825         + 34.950
27      05      968.965         1002.140         + 33.175
27      06      992.889         1024.473         + 31.584
27      07      987.068         1014.308         + 27.240
27      08      985.728         1021.735         + 36.007
27      09      985.139         1020.548         + 35.409
27      10      850.000          839.771         - 10.229
27      11      850.000          842.008         -  7.992
27      12      927.616          944.777         + 17.161
27      13      850.000          857.171         +  7.171
27      14      850.000          838.203         - 11.797
27      15      934.533          956.310         + 21.777
27      16      850.000          862.182         + 12.182
27      17      850.000          853.661         +  3.661
27      18      867.249          912.811         + 45.562
27      19      850.000          849.629         -  0.371
27      20      850.000          845.853         -  4.147
27      21      866.972          917.088         + 50.116
27      22      850.000          831.944         - 18.056
27      23      917.363          926.911         +  9.548
27      24      850.000          864.196         + 14.196
27      25      927.529          932.968         +  5.439
27      26      850.000          844.953         -  5.047
27      27      867.249          897.590         + 30.341
27      28      870.378          883.348         + 12.970
27      29      904.713          933.837         + 29.124
27      30      939.803          961.993         + 22.190
27      31      990.914         1012.687         + 21.773
27      32      979.174         1010.549         + 31.375
27      33      993.669         1041.278         + 47.609
27      34      985.016         1018.242         + 33.226
27      35      965.709          977.389         + 11.680
27      36      975.913         1006.924         + 31.011
27      37      989.712         1026.670         + 36.958
27      38      985.399         1005.903         + 20.504
27      39      985.989         1024.067         + 38.078
28      00     1000.094         1045.412         + 45.318
28      01      987.569         1020.433         + 32.864
28      02      956.537          993.376         + 36.839
28      03      975.825         1002.568         + 26.743
28      04      945.997          975.324         + 29.327
28      05      990.455         1050.000         + 59.545
28      06      973.900          993.887         + 19.987
28      07      982.242         1016.388         + 34.146
28      08      996.433         1033.642         + 37.209
28      09      994.379         1026.076         + 31.697
28      10      850.000          858.417         +  8.417
28      11      850.000          853.860         +  3.860
28      12      906.331          922.711         + 16.380
28      13      850.000          861.616         + 11.616
28      14      890.220          906.466         + 16.246
28      15      867.249          884.800         + 17.551
28      16      911.829          926.952         + 15.123
28      17      890.171          905.387         + 15.216
28      18      903.552          926.161         + 22.609
28      19      867.249          897.221         + 29.972
28      20      852.022          860.412         +  8.390
28      21      867.249          887.953         + 20.704
28      22      867.253          894.941         + 27.688
28      23      921.523          941.352         + 19.829
28      24      867.249          886.741         + 19.492
28      25      931.899          965.362         + 33.463
28      26      900.379          927.011         + 26.632
28      27      850.000          828.337         - 21.663
28      28      918.745          925.106         +  6.361
28      29      897.186          905.459         +  8.273
28      30      991.260         1021.307         + 30.047
28      31      985.002         1016.221         + 31.219
28      32      970.314          987.084         + 16.770
28      33      965.128          994.762         + 29.634
28      34      996.478         1033.274         + 36.796
28      35     1003.928         1036.530         + 32.602
28      36      988.565         1022.579         + 34.014
28      37      990.742         1027.825         + 37.083
28      38      991.174         1022.555         + 31.381
28      39      998.402         1038.532         + 40.130
29      00      998.033         1039.472         + 41.439
29      01      984.989         1009.575         + 24.586
29      02      997.406         1050.000         + 52.594
29      03      987.513         1037.761         + 50.248
29      04      985.934         1033.681         + 47.747
29      05      984.989         1020.291         + 35.302
29      06      973.102          993.997         + 20.895
29      07      982.548         1005.399         + 22.851
29      08      991.520         1022.847         + 31.327
29      09      990.340         1024.987         + 34.647
29      10      850.000          839.258         - 10.742
29      11      850.000          874.921         + 24.921
29      12      867.249          927.501         + 60.252
29      13      896.173          922.404         + 26.231
29      14      884.181          900.995         + 16.814
29      15      850.000          831.038         - 18.962
29      16      857.099          872.376         + 15.277
29      17      851.055          866.299         + 15.244
29      18      861.472          873.806         + 12.334
29      19      879.285          894.880         + 15.595
29      20      906.382          923.578         + 17.196
29      21      912.102          931.645         + 19.543
29      22      935.112          972.581         + 37.469
29      23      911.966          923.391         + 11.425
29      24      920.911          931.717         + 10.806
29      25      885.863          900.401         + 14.538
29      26      899.942          909.755         +  9.813
29      27      850.000          856.988         +  6.988
29      28      905.419          910.478         +  5.059
29      29      850.000          845.741         -  4.259
29      30     1014.780         1050.000         + 35.220
29      31      995.334         1030.665         + 35.331
29      32      982.096         1015.522         + 33.426
29      33      989.840          999.872         + 10.032
29      34      995.484         1023.466         + 27.982
29      35     1004.171         1050.000         + 45.829
29      36      995.574          997.141         +  1.567
29      37      985.796         1021.076         + 35.280
29      38      987.234         1007.955         + 20.721
29      39      997.788         1050.000         + 52.212
30      00      977.965         1008.170         + 30.205
30      01      956.663          986.194         + 29.531
30      02      989.186         1026.780         + 37.594
30      03      986.113         1025.258         + 39.145
30      04      989.698         1017.121         + 27.423
30      05      986.984         1010.791         + 23.807
30      06      993.875         1031.561         + 37.686
30      07      987.807         1014.941         + 27.134
30      08      988.101         1014.145         + 26.044
30      09      989.683         1024.189         + 34.506
30      10      974.703          997.912         + 23.209
30      11      987.905         1050.000         + 62.095
30      12      995.844         1032.238         + 36.394
30      13      991.246         1025.167         + 33.921
30      14      945.978          974.730         + 28.752
30      15      982.521         1022.574         + 40.053
30      16      942.162          966.003         + 23.841
30      17      985.810         1003.917         + 18.107
30      18      995.080         1043.308         + 48.228
30      19      946.768          967.240         + 20.472
30      20      987.109         1021.458         + 34.349
30      21      969.815          998.990         + 29.175
30      22      987.597         1027.328         + 39.731
30      23      993.875         1029.444         + 35.569
30      24      938.825          955.930         + 17.105
30      25      988.087         1047.375         + 59.288
30      26      986.748         1049.661         + 62.913
30      27      982.362         1041.847         + 59.485
30      28      974.381          993.098         + 18.717
30      29      996.101         1028.449         + 32.348
30      30      993.403         1027.046         + 33.643
30      31     1002.337         1033.873         + 31.536
30      32     1013.875         1026.039         + 12.164
30      33      963.662          999.564         + 35.902
30      34      994.053         1031.589         + 37.536
30      35      968.121          979.293         + 11.172
30      36      989.712         1011.068         + 21.356
30      37      976.568         1027.487         + 50.919
30      38      988.213         1012.203         + 23.990
30      39      988.354         1023.269         + 34.915
31      00      989.911         1026.980         + 37.069
31      01      957.939          976.469         + 18.530
31      02      957.157          990.839         + 33.682
31      03      980.566         1004.127         + 23.561
31      04      988.143         1016.523         + 28.380
31      05      994.275         1032.970         + 38.695
31      06      995.679         1027.302         + 31.623
31      07      937.672          945.053         +  7.381
31      08      991.058         1016.805         + 25.747
31      09      989.997         1014.430         + 24.433
31      10      993.492         1023.753         + 30.261
31      11      984.025         1020.242         + 36.217
31      12      990.943         1050.000         + 59.057
31      13      989.286         1006.254         + 16.968
31      14     1000.203         1039.730         + 39.527
31      15      986.016         1022.682         + 36.666
31      16      991.347         1045.330         + 53.983
31      17      996.690         1036.645         + 39.955
31      18      975.188         1005.950         + 30.762
31      19      991.520         1050.000         + 58.480
31      20      989.926         1041.894         + 51.968
31      21      988.833         1030.838         + 42.005
31      22      989.499         1024.878         + 35.379
31      23      990.943         1035.680         + 44.737
31      24      992.072         1028.191         + 36.119
31      25      972.359         1004.147         + 31.788
31      26      985.084         1017.667         + 32.583
31      27      994.260         1032.587         + 38.327
31      28      994.186         1013.920         + 19.734
31      29      983.123         1013.487         + 30.364
31      30     1018.478         1050.000         + 31.522
31      31      999.563         1038.007         + 38.444
31      32     1004.350         1040.674         + 36.324
31      33      986.499         1012.704         + 26.205
31      34      991.709         1025.010         + 33.301
31      35      990.369         1019.775         + 29.406
31      36     1000.533         1019.308         + 18.775
31      37      994.841         1024.428         + 29.587
31      38      973.973         1000.370         + 26.397
31      39      988.129         1016.572         + 28.443
32      00      991.622         1023.428         + 31.806
32      01      978.080         1009.355         + 31.275
32      02      991.955         1030.928         + 38.973
32      03      982.521         1016.343         + 33.822
32      04      979.290         1013.734         + 34.444
32      05      978.311         1003.665         + 25.354
32      06      960.257          984.826         + 24.569
32      07      994.543         1050.000         + 55.457
32      08      997.085         1050.000         + 52.915
32      09      992.101         1018.470         + 26.369
32      10      984.390         1016.079         + 31.689
32      11      986.223         1024.831         + 38.608
32      12      938.560          970.726         + 32.166
32      13      995.799         1043.207         + 47.408
32      14      985.741         1023.153         + 37.412
32      15      986.333         1042.371         + 56.038
32      16      986.223         1015.266         + 29.043
32      17      992.919         1037.801         + 44.882
32      18      984.989          980.443         -  4.546
32      19      982.202         1015.532         + 33.330
32      20      988.171         1015.583         + 27.412
32      21      984.934         1018.689         + 33.755
32      22      998.726         1029.048         + 30.322
32      23      986.237         1021.855         + 35.618
32      24      970.625          980.794         + 10.169
32      25      988.171         1015.331         + 27.160
32      26      985.879         1017.305         + 31.426
32      27      995.334         1033.110         + 37.776
32      28      991.376         1037.543         + 46.167
32      29      988.199         1027.339         + 39.140
32      30      988.059         1010.130         + 22.071
32      31      987.499         1008.553         + 21.054
32      32     1011.460         1050.000         + 38.540
32      33      968.577          995.369         + 26.792
32      34      986.721         1009.563         + 22.842
32      35      993.330         1030.285         + 36.955
32      36      989.016         1040.330         + 51.314
32      37      991.941         1023.824         + 31.883
32      38      943.302          966.891         + 23.589
32      39      997.299         1050.000         + 52.701
33      00      982.601         1011.187         + 28.586
33      01      988.918         1015.642         + 26.724
33      02      981.658         1013.930         + 32.272
33      03      945.326          980.135         + 34.809
33      04      924.996          951.383         + 26.387
33      05      990.814         1028.730         + 37.916
33      06      992.889         1029.707         + 36.818
33      07      979.251         1012.762         + 33.511
33      08      987.681         1024.409         + 36.728
33      09      988.059         1021.938         + 33.879
33      10      998.556         1034.070         + 35.514
33      11      977.569         1008.503         + 30.934
33      12      986.458         1024.225         + 37.767
33      13      987.416         1030.861         + 43.445
33      14      975.700         1004.909         + 29.209
33      15      974.220          998.233         + 24.013
33      16      999.346         1035.471         + 36.125
33      17      995.274         1048.076         + 52.802
33      18      990.397         1025.672         + 35.275
33      19      977.914         1002.966         + 25.052
33      20     1002.050         1050.000         + 47.950
33      21      991.883         1037.180         + 45.297
33      22      986.734         1002.244         + 15.510
33      23      980.474          996.820         + 16.346
33      24      994.112         1044.910         + 50.798
33      25      988.368         1039.376         + 51.008
33      26      989.541         1050.000         + 60.459
33      27      997.619         1033.015         + 35.396
33      28      997.436         1032.996         + 35.560
33      29      993.036         1030.343         + 37.307
33      30      981.526          996.602         + 15.076
33      31      972.092          992.188         + 20.096
33      32     1011.425         1050.000         + 38.575
33      33      983.795         1002.155         + 18.360
33      34      961.259          999.247         + 37.988
33      35      971.947          999.034         + 27.087
33      36      989.854         1017.108         + 27.254
33      37      972.116         1006.474         + 34.358
33      38      978.890         1009.269         + 30.379
33      39      980.448         1010.231         + 29.783
34      00      970.076         1002.504         + 32.428
34      01      983.809         1020.872         + 37.063
34      02      992.845         1050.000         + 57.155
34      03      947.525          970.777         + 23.252
34      04      985.276         1036.319         + 51.043
34      05      994.379         1045.502         + 51.123
34      06      992.319         1050.000         + 57.681
34      07      969.519         1002.877         + 33.358
34      08      983.043         1018.258         + 35.215
34      09      991.738         1019.154         + 27.416
34      10      976.479          996.945         + 20.466
34      11      988.269         1035.639         + 47.370
34      12      984.472         1017.845         + 33.373
34      13      986.182         1021.104         + 34.922
34      14      994.394         1035.789         + 41.395
34      15      995.679         1031.415         + 35.736
34      16      985.536         1009.308         + 23.772
34      17      967.841          982.125         + 14.284
34      18      988.734         1028.669         + 39.935
34      19      983.620         1006.465         + 22.845
34      20      977.544          996.744         + 19.200
34      21     1001.131         1044.096         + 42.965
34      22      991.130         1037.584         + 46.454
34      23      993.890         1028.340         + 34.450
34      24      939.473          968.165         + 28.692
34      25      990.871         1025.250         + 34.379
34      26      978.799         1011.683         + 32.884
34      27      989.342         1048.601         + 59.259
34      28     1027.625         1050.000         + 22.375
34      29      986.984         1030.592         + 43.608
34      30      970.005         1001.570         + 31.565
34      31      970.696         1004.046         + 33.350
34      32      975.913         1007.589         + 31.676
34      33      989.997         1035.301         + 45.304
34      34      980.213         1041.836         + 61.623
34      35      976.190          996.356         + 20.166
34      36     1013.152         1047.225         + 34.073
34      37      987.318         1029.080         + 41.762
34      38     1003.653         1042.325         + 38.672
34      39      999.594         1045.430         + 45.836
35      00      960.170          986.377         + 26.207
35      01      960.398          990.789         + 30.391
35      02      957.252          991.379         + 34.127
35      03      959.027          995.458         + 36.431
35      04      985.153         1018.168         + 33.015
35      05      971.778          987.895         + 16.117
35      06      981.870         1007.610         + 25.740
35      07      988.185         1017.800         + 29.615
35      08      992.305         1030.557         + 38.252
35      09      994.127         1034.138         + 40.011
35      10      994.721         1035.236         + 40.515
35      11      933.073          961.846         + 28.773
35      12      995.619         1050.000         + 54.381
35      13      957.442          977.437         + 19.995
35      14      987.807         1027.247         + 39.440
35      15      991.955         1013.691         + 21.736
35      16      990.770         1009.905         + 19.135
35      17      973.740          994.766         + 21.026
35      18     1000.627         1017.455         + 16.828
35      19      989.669         1031.584         + 41.915
35      20      981.144         1011.948         + 30.804
35      21      995.905         1035.033         + 39.128
35      22      972.541         1005.281         + 32.740
35      23      978.658          993.676         + 15.018
35      24      978.799          996.331         + 17.532
35      25     1004.203         1042.263         + 38.060
35      26      977.188          994.076         + 16.888
35      27      988.508         1019.185         + 30.677
35      28      987.569         1025.500         + 37.931
35      29      982.348         1014.086         + 31.738
35      30      977.582         1011.916         + 34.334
35      31      988.607         1024.941         + 36.334
35      32      974.270         1002.550         + 28.280
35      33      988.734         1014.545         + 25.811
35      34      988.804         1015.651         + 26.847
35      35      993.816         1030.859         + 37.043
35      36      998.125         1043.875         + 45.750
35      37      993.007         1050.000         + 56.993
35      38      994.513         1032.431         + 37.918
35      39      989.059         1050.000         + 60.941
36      00      956.663          984.680         + 28.017
36      01      969.082         1003.897         + 34.815
36      02      988.382         1024.965         + 36.583
36      03      964.438          982.067         + 17.629
36      04      969.342         1002.579         + 33.237
36      05      965.230          992.858         + 27.628
36      06      988.003         1026.437         + 38.434
36      07      968.074         1017.447         + 49.373
36      08      983.944         1020.090         + 36.146
36      09      982.788         1016.254         + 33.466
36      10      972.298          989.471         + 17.173
36      11      991.289         1029.258         + 37.969
36      12      922.252          954.580         + 32.328
36      13      995.214         1029.811         + 34.597
36      14      984.662         1021.655         + 36.993
36      15      967.492          979.653         + 12.161
36      16      989.201         1020.716         + 31.515
36      17     1020.092         1050.000         + 29.908
36      18      969.815          987.771         + 17.956
36      19      984.716         1011.718         + 27.002
36      20      995.214         1030.133         + 34.919
36      21      969.130          997.905         + 28.775
36      22      990.483         1005.853         + 15.370
36      23      995.920         1029.766         + 33.846
36      24      971.898          990.409         + 18.511
36      25      978.967         1018.072         + 39.105
36      26      967.585          977.762         + 10.177
36      27      982.748         1028.921         + 46.173
36      28      964.505          996.391         + 31.886
36      29      990.297         1033.504         + 43.207
36      30      975.926         1003.750         + 27.824
36      31      986.873         1018.445         + 31.572
36      32      994.320         1033.210         + 38.890
36      33      981.883         1014.294         + 32.411
36      34      973.727         1003.227         + 29.500
36      35     1014.584         1050.000         + 35.416
36      36      982.268         1013.905         + 31.637
36      37      980.579         1018.810         + 38.231
36      38      909.434          963.104         + 53.670
36      39      987.012         1027.089         + 40.077
37      00      972.626         1012.660         + 40.034
37      01      989.926         1025.830         + 35.904
37      02      975.613         1006.599         + 30.986
37      03      993.315         1018.372         + 25.057
37      04      987.388         1025.850         + 38.462
37      05      985.906         1012.517         + 26.611
37      06      993.477         1035.463         + 41.986
37      07      982.428         1028.437         + 46.009
37      08      973.139          997.020         + 23.881
37      09      987.905         1028.923         + 41.018
37      10      942.538          973.351         + 30.813
37      11     1021.370         1050.000         + 28.630
37      12      983.687         1014.182         + 30.495
37      13      978.119          997.622         + 19.503
37      14      986.734         1014.660         + 27.926
37      15      990.684         1029.362         + 38.678
37      16      992.436         1030.710         + 38.274
37      17      994.186         1035.376         + 41.190
37      18     1033.778         1050.000         + 16.222
37      19      968.004          998.892         + 30.888
37      20      975.039          984.468         +  9.429
37      21      989.215         1011.947         + 22.732
37      22      989.470         1026.454         + 36.984
37      23      981.897         1038.270         + 56.373
37      24      981.354         1008.907         + 27.553
37      25      994.023         1050.000         + 55.977
37      26      946.273          975.795         + 29.522
37      27      965.572          992.373         + 26.801
37      28      975.400         1007.695         + 32.295
37      29      984.445         1018.668         + 34.223
37      30      958.802          983.696         + 24.894
37      31      998.927         1038.758         + 39.831
37      32      962.770          985.978         + 23.208
37      33      968.028          998.805         + 30.777
37      34      983.016         1017.742         + 34.726
37      35      945.950          975.681         + 29.731
37      36      936.600          963.802         + 27.202
37      37      980.999         1011.378         + 30.379
37      38      986.721         1032.467         + 45.746
37      39      994.454         1044.706         + 50.252
38      00      985.166         1020.137         + 34.971
38      01      975.176         1006.390         + 31.214
38      02      986.168         1016.708         + 30.540
38      03      963.282          999.858         + 36.576
38      04      995.409         1045.690         + 50.281
38      05      987.123         1049.010         + 61.887
38      06      987.109         1045.922         + 58.813
38      07     1018.680         1050.000         + 31.320
38      08      953.991          979.877         + 25.886
38      09     1001.210         1042.528         + 41.318
38      10      989.428         1026.049         + 36.621
38      11      985.577         1021.715         + 36.138
38      12      988.396         1043.500         + 55.104
38      13      977.226         1011.898         + 34.672
38      14      993.271         1020.873         + 27.602
38      15      997.116         1028.208         + 31.092
38      16      981.579         1005.134         + 23.555
38      17      989.655         1027.094         + 37.439
38      18      992.421         1050.000         + 57.579
38      19      989.968         1025.024         + 35.056
38      20      990.929         1040.887         + 49.958
38      21      977.850         1009.670         + 31.820
38      22      984.309         1016.668         + 32.359
38      23      999.984         1040.035         + 40.051
38      24      991.535         1028.424         + 36.889
38      25      981.144         1010.916         + 29.772
38      26      992.174         1042.951         + 50.777
38      27      980.422         1014.939         + 34.517
38      28      994.142         1034.420         + 40.278
38      29      980.684         1012.107         + 31.423
38      30      984.757         1032.541         + 47.784
38      31      966.925          996.710         + 29.785
38      32      984.323         1014.111         + 29.788
38      33      924.740          956.104         + 31.364
38      34      943.413          969.644         + 26.231
38      35      988.918         1026.831         + 37.913
38      36      977.939         1011.936         + 33.997
38      37      986.859         1045.160         + 58.301
38      38      980.631         1033.912         + 53.281
38      39      992.611         1050.000         + 57.389
39      00      987.304         1024.827         + 37.523
39      01      994.290         1033.214         + 38.924
39      02      972.213          980.258         +  8.045
39      03      976.744         1013.150         + 36.406
39      04      987.290         1034.106         + 46.816
39      05      957.579          984.927         + 27.348
39      06      964.134         1003.196         + 39.062
39      07      983.244         1016.360         + 33.116
39      08      982.069         1011.773         + 29.704
39      09      970.112          992.465         + 22.353
39      10      989.840         1032.701         + 42.861
39      11      928.662          958.049         + 29.387
39      12      975.263         1008.968         + 33.705
39      13      934.388          963.032         + 28.644
39      14      989.101         1038.047         + 48.946
39      15     1011.564         1050.000         + 38.436
39      16      991.217         1024.987         + 33.770
39      17      993.242         1039.945         + 46.703
39      18      970.529          993.339         + 22.810
39      19      970.912          989.664         + 18.752
39      20      988.157         1025.954         + 37.797
39      21      984.798         1042.113         + 57.315
39      22      984.350         1022.157         + 37.807
39      23      971.729          998.422         + 26.693
39      24      971.560          985.305         + 13.745
39      25      984.880         1016.667         + 31.787
39      26      970.302          997.966         + 27.664
39      27      993.256         1027.566         + 34.310
39      28      987.919         1017.236         + 29.317
39      29      934.312          967.541         + 33.229
39      30      984.825         1050.000         + 65.175
39      31      981.685         1004.109         + 22.424
39      32      994.038         1029.818         + 35.780
39      33      936.488          964.112         + 27.624
39      34      990.742         1050.000         + 59.258
39      35      992.057         1030.387         + 38.330
39      36      967.376          998.421         + 31.045
39      37      977.506         1009.576         + 32.070
39      38      990.871         1023.099         + 32.228
39      39      976.568         1009.000         + 32.432
