   0    ( 39 ,  39)    18.111 MeV    3.92151
   1    ( 39 ,  38)    29.284 MeV    6.24195
   3    ( 39 ,  36)    28.563 MeV    7.31608
   4    ( 39 ,  35)    25.255 MeV    6.1941
   6    ( 39 ,  33)    32.517 MeV    7.17502
   8    ( 39 ,  31)    17.615 MeV    4.6471
   9    ( 39 ,  30)    17.612 MeV    3.5162
  10    ( 39 ,  29)    25.175 MeV    6.86222
  12    ( 39 ,  27)    25.549 MeV    7.39573
  14    ( 39 ,  25)    29.932 MeV    7.19385
  15    ( 39 ,  24)    42.548 MeV    7.87235
  16    ( 39 ,  23)    13.379 MeV    4.45289
  17    ( 39 ,  22)    14.897 MeV    2.95582
  18    ( 39 ,  21)    16.988 MeV    4.37425
  20    ( 39 ,  19)    30.963 MeV    6.33294
  21    ( 39 ,  18)    29.574 MeV    7.84158
  23    ( 39 ,  16)    15.906 MeV    3.99126
  24    ( 39 ,  15)    37.516 MeV    12.078
  26    ( 39 ,  13)    28.077 MeV    6.49397
  28    ( 39 ,  11)    38.091 MeV    7.00401
  30    ( 39 ,   9)    33.014 MeV    7.84756
  31    ( 39 ,   8)    29.499 MeV    10.9386
  32    ( 39 ,   7)    30.236 MeV    7.98
  33    ( 39 ,   6)    19.736 MeV    7.20328
  34    ( 39 ,   5)    27.951 MeV    7.10064
  36    ( 39 ,   3)    29.635 MeV    8.58997
  38    ( 39 ,   1)    26.465 MeV    5.46512
  39    ( 39 ,   0)    16.388 MeV    3.41378
  40    ( 38 ,  39)    27.869 MeV    9.33236
  41    ( 38 ,  38)    26.818 MeV    9.16665
  43    ( 38 ,  36)    34.023 MeV    7.77121
  44    ( 38 ,  35)    18.844 MeV    6.46009
  45    ( 38 ,  34)    42.698 MeV    8.09952
  46    ( 38 ,  33)    44.111 MeV    6.68056
  47    ( 38 ,  32)    27.845 MeV    7.82786
  48    ( 38 ,  31)    30.316 MeV    7.1108
  53    ( 38 ,  26)    16.540 MeV    2.6382
  54    ( 38 ,  25)    17.456 MeV    5.4524
  55    ( 38 ,  24)    27.178 MeV    7.09999
  57    ( 38 ,  22)    19.129 MeV    7.32946
  58    ( 38 ,  21)    11.240 MeV    3.48076
  59    ( 38 ,  20)    40.056 MeV    9.18822
  60    ( 38 ,  19)    26.840 MeV    7.57769
  63    ( 38 ,  16)    27.513 MeV    8.28555
  64    ( 38 ,  15)    27.040 MeV    4.97948
  66    ( 38 ,  13)    28.724 MeV    8.27126
  68    ( 38 ,  11)    17.376 MeV    6.84184
  70    ( 38 ,   9)    19.849 MeV    5.17899
  71    ( 38 ,   8)    28.658 MeV    10.5999
  73    ( 38 ,   6)    36.784 MeV    10.4334
  74    ( 38 ,   5)    29.039 MeV    8.17174
  75    ( 38 ,   4)    46.417 MeV    12.2421
  76    ( 38 ,   3)     4.522 MeV    6.51282
  77    ( 38 ,   2)    39.917 MeV    9.2103
  78    ( 38 ,   1)    36.845 MeV    9.18423
  79    ( 38 ,   0)    28.708 MeV    5.36886
  80    ( 37 ,  39)    27.385 MeV    7.8065
  81    ( 37 ,  38)    18.321 MeV    1.90173
  82    ( 37 ,  37)    35.267 MeV    8.01649
  85    ( 37 ,  34)    39.132 MeV    9.00011
  86    ( 37 ,  33)    17.602 MeV    6.18225
  87    ( 37 ,  32)    37.337 MeV    8.53652
  89    ( 37 ,  30)    26.433 MeV    7.41386
  91    ( 37 ,  28)    31.128 MeV    7.8152
  92    ( 37 ,  27)    32.574 MeV    8.4776
  93    ( 37 ,  26)    34.897 MeV    7.24158
  94    ( 37 ,  25)    25.709 MeV    3.81742
  95    ( 37 ,  24)    29.312 MeV    8.57209
  97    ( 37 ,  22)    25.764 MeV    6.93286
  98    ( 37 ,  21)    25.366 MeV    6.18249
  99    ( 37 ,  20)    32.991 MeV    5.93144
 100    ( 37 ,  19)    37.769 MeV    7.37377
 101    ( 37 ,  18)    28.197 MeV    4.42137
 102    ( 37 ,  17)    31.515 MeV    7.46457
 103    ( 37 ,  16)    32.302 MeV    8.32048
 104    ( 37 ,  15)    42.830 MeV    8.80717
 105    ( 37 ,  14)    36.365 MeV    9.69429
 106    ( 37 ,  13)    44.967 MeV    9.82661
 107    ( 37 ,  12)    29.834 MeV    9.66928
 108    ( 37 ,  11)    29.716 MeV    8.60386
 109    ( 37 ,  10)    28.152 MeV    5.58594
 110    ( 37 ,   9)    25.781 MeV    6.98778
 111    ( 37 ,   8)    27.199 MeV    7.94907
 112    ( 37 ,   7)    19.340 MeV    5.79484
 114    ( 37 ,   5)    29.741 MeV    8.97551
 120    ( 36 ,  39)    30.390 MeV    7.05758
 121    ( 36 ,  38)    44.192 MeV    6.42857
 122    ( 36 ,  37)    33.768 MeV    6.96735
 123    ( 36 ,  36)    28.656 MeV    6.66312
 124    ( 36 ,  35)    39.617 MeV    8.36207
 125    ( 36 ,  34)    28.750 MeV    7.1291
 126    ( 36 ,  33)    13.095 MeV    3.52118
 127    ( 36 ,  32)    19.514 MeV    4.41466
 129    ( 36 ,  30)    18.293 MeV    6.33956
 131    ( 36 ,  28)    36.910 MeV    7.39068
 132    ( 36 ,  27)    27.733 MeV    8.17489
 133    ( 36 ,  26)    27.181 MeV    7.36659
 134    ( 36 ,  25)    25.503 MeV    6.25904
 135    ( 36 ,  24)    35.680 MeV    8.6757
 136    ( 36 ,  23)    26.996 MeV    5.90962
 138    ( 36 ,  21)    31.481 MeV    6.79821
 139    ( 36 ,  20)    25.681 MeV    5.35864
 140    ( 36 ,  19)    25.107 MeV    6.866
 141    ( 36 ,  18)    28.143 MeV    6.96631
 143    ( 36 ,  16)    25.065 MeV    6.82349
 144    ( 36 ,  15)    30.182 MeV    8.0442
 145    ( 36 ,  14)    26.789 MeV    5.00455
 146    ( 36 ,  13)    18.730 MeV    2.7223
 147    ( 36 ,  12)    43.254 MeV    5.82239
 148    ( 36 ,  11)    27.771 MeV    7.62292
 149    ( 36 ,  10)    27.904 MeV    6.94688
 150    ( 36 ,   9)    17.677 MeV    5.66162
 151    ( 36 ,   8)    31.898 MeV    8.02935
 152    ( 36 ,   7)    31.512 MeV    7.77918
 154    ( 36 ,   5)    30.910 MeV    7.62521
 155    ( 36 ,   4)    34.752 MeV    8.83636
 156    ( 36 ,   3)    43.040 MeV    7.14287
 158    ( 36 ,   1)    35.473 MeV    7.38595
 159    ( 36 ,   0)    25.186 MeV    10.4876
 160    ( 35 ,  39)    42.838 MeV    7.79476
 162    ( 35 ,  37)    37.049 MeV    11.3779
 163    ( 35 ,  36)    43.169 MeV    8.96225
 165    ( 35 ,  34)    42.841 MeV    8.47596
 167    ( 35 ,  32)    28.450 MeV    5.87519
 168    ( 35 ,  31)    19.569 MeV    5.05935
 169    ( 35 ,  30)    26.224 MeV    8.39834
 170    ( 35 ,  29)    30.465 MeV    6.8772
 171    ( 35 ,  28)    19.904 MeV    3.35983
 173    ( 35 ,  26)    32.126 MeV    5.62588
 175    ( 35 ,  24)    29.007 MeV    6.20779
 176    ( 35 ,  23)    27.164 MeV    5.59736
 177    ( 35 ,  22)    25.767 MeV    6.03118
 178    ( 35 ,  21)    27.684 MeV    5.99191
 182    ( 35 ,  17)    25.427 MeV    6.53418
 185    ( 35 ,  14)    25.061 MeV    7.72369
 186    ( 35 ,  13)    33.981 MeV    6.05011
 187    ( 35 ,  12)    16.836 MeV    4.74705
 188    ( 35 ,  11)    33.855 MeV    6.55722
 189    ( 35 ,  10)    14.893 MeV    3.19812
 190    ( 35 ,   9)    26.219 MeV    3.90068
 192    ( 35 ,   7)    29.704 MeV    8.25234
 195    ( 35 ,   4)    27.588 MeV    8.78218
 196    ( 35 ,   3)    26.762 MeV    7.38116
 197    ( 35 ,   2)    28.343 MeV    6.82939
 199    ( 35 ,   0)    30.585 MeV    6.98101
 200    ( 34 ,  39)    27.803 MeV    6.27423
 201    ( 34 ,  38)    28.122 MeV    4.1456
 203    ( 34 ,  36)    37.881 MeV    9.86319
 204    ( 34 ,  35)    19.567 MeV    7.49067
 206    ( 34 ,  33)    36.267 MeV    8.96176
 209    ( 34 ,  30)    31.246 MeV    6.40884
 210    ( 34 ,  29)    31.167 MeV    5.69057
 215    ( 34 ,  24)    26.375 MeV    5.76314
 216    ( 34 ,  23)    25.442 MeV    2.73368
 218    ( 34 ,  21)    26.790 MeV    1.95674
 222    ( 34 ,  17)    25.300 MeV    5.80103
 223    ( 34 ,  16)    28.616 MeV    7.29871
 226    ( 34 ,  13)    28.832 MeV    5.74913
 228    ( 34 ,  11)    29.969 MeV    7.44221
 229    ( 34 ,  10)    32.851 MeV    6.38781
 232    ( 34 ,   7)    28.914 MeV    6.87872
 235    ( 34 ,   4)    28.972 MeV    8.53557
 236    ( 34 ,   3)    15.720 MeV    7.15499
 237    ( 34 ,   2)    27.017 MeV    7.29111
 238    ( 34 ,   1)    28.930 MeV    6.00594
 240    ( 33 ,  39)    29.448 MeV    5.69497
 241    ( 33 ,  38)    37.820 MeV    7.24943
 242    ( 33 ,  37)    47.408 MeV    18.1079
 243    ( 33 ,  36)    44.010 MeV    14.9493
 244    ( 33 ,  35)    28.315 MeV    6.0559
 245    ( 33 ,  34)    45.615 MeV    7.33808
 246    ( 33 ,  33)    48.862 MeV    7.9157
 247    ( 33 ,  32)    29.112 MeV    5.31114
 248    ( 33 ,  31)    39.887 MeV    5.56361
 249    ( 33 ,  30)    26.401 MeV    5.87976
 250    ( 33 ,  29)    30.641 MeV    5.4094
 252    ( 33 ,  27)    27.504 MeV    4.2128
 253    ( 33 ,  26)    25.475 MeV    2.29806
 254    ( 33 ,  25)    19.840 MeV    3.15244
 256    ( 33 ,  23)    34.281 MeV    5.46189
 260    ( 33 ,  19)    32.575 MeV    6.8676
 261    ( 33 ,  18)    30.964 MeV    7.34089
 264    ( 33 ,  15)    31.418 MeV    6.49393
 265    ( 33 ,  14)    28.434 MeV    4.80637
 266    ( 33 ,  13)    29.853 MeV    7.33574
 268    ( 33 ,  11)    34.765 MeV    6.09698
 270    ( 33 ,   9)    26.221 MeV    3.38438
 271    ( 33 ,   8)    17.876 MeV    5.60692
 272    ( 33 ,   7)    29.990 MeV    5.73912
 275    ( 33 ,   4)    43.700 MeV    5.91785
 276    ( 33 ,   3)    37.812 MeV    5.4557
 279    ( 33 ,   0)    12.810 MeV    6.40616
 280    ( 32 ,  39)    26.733 MeV    2.28883
 281    ( 32 ,  38)    45.115 MeV    4.4523
 282    ( 32 ,  37)    25.348 MeV    3.21774
 283    ( 32 ,  36)    34.230 MeV    5.68515
 284    ( 32 ,  35)    44.573 MeV    9.51314
 285    ( 32 ,  34)    17.392 MeV    5.10553
 286    ( 32 ,  33)    48.940 MeV    5.27853
 287    ( 32 ,  32)    31.018 MeV    5.91104
 288    ( 32 ,  31)    25.569 MeV    4.82883
 289    ( 32 ,  30)    26.109 MeV    5.44784
 291    ( 32 ,  28)    25.069 MeV    3.4358
 295    ( 32 ,  24)    37.734 MeV    5.62692
 296    ( 32 ,  23)    27.491 MeV    4.79759
 298    ( 32 ,  21)    28.297 MeV    7.16592
 300    ( 32 ,  19)    29.439 MeV    5.16627
 302    ( 32 ,  17)    26.156 MeV    3.61897
 304    ( 32 ,  15)    26.116 MeV    6.94989
 307    ( 32 ,  12)    39.427 MeV    5.9682
 308    ( 32 ,  11)    28.432 MeV    6.34403
 309    ( 32 ,  10)    31.489 MeV    6.54525
 310    ( 32 ,   9)    28.801 MeV    6.66503
 312    ( 32 ,   7)    12.129 MeV    2.35487
 313    ( 32 ,   6)    29.255 MeV    6.58199
 314    ( 32 ,   5)    40.511 MeV    8.24865
 315    ( 32 ,   4)    13.352 MeV    4.04848
 316    ( 32 ,   3)    26.511 MeV    6.17906
 320    ( 31 ,  39)    39.721 MeV    7.86815
 321    ( 31 ,  38)    42.238 MeV    9.08293
 322    ( 31 ,  37)    44.304 MeV    7.95675
 323    ( 31 ,  36)    35.814 MeV    7.46074
 324    ( 31 ,  35)    45.013 MeV    6.72284
 325    ( 31 ,  34)    37.291 MeV    8.39333
 326    ( 31 ,  33)    25.651 MeV    7.51846
 328    ( 31 ,  31)    27.043 MeV    4.55397
 329    ( 31 ,  30)    25.689 MeV    2.49475
 330    ( 31 ,  29)    27.816 MeV    2.94098
 333    ( 31 ,  26)    25.086 MeV    3.17311
 334    ( 31 ,  25)    28.710 MeV    4.12564
 336    ( 31 ,  23)    26.297 MeV    3.92483
 337    ( 31 ,  22)    28.810 MeV    4.80796
 339    ( 31 ,  20)    26.884 MeV    4.99299
 340    ( 31 ,  19)    29.247 MeV    5.56054
 342    ( 31 ,  17)    30.143 MeV    5.87064
 343    ( 31 ,  16)    30.433 MeV    5.19572
 344    ( 31 ,  15)    29.354 MeV    5.42277
 345    ( 31 ,  14)    25.802 MeV    4.55055
 346    ( 31 ,  13)    28.688 MeV    5.31172
 347    ( 31 ,  12)    27.423 MeV    2.53218
 348    ( 31 ,  11)    31.497 MeV    7.01899
 354    ( 31 ,   5)    17.227 MeV    3.58
 356    ( 31 ,   3)    25.311 MeV    6.49918
 361    ( 30 ,  38)    38.704 MeV    6.73468
 362    ( 30 ,  37)     9.686 MeV    2.67075
 363    ( 30 ,  36)    36.257 MeV    9.01901
 364    ( 30 ,  35)    45.102 MeV    5.23869
 365    ( 30 ,  34)    30.745 MeV    6.96945
 366    ( 30 ,  33)    27.384 MeV    7.1168
 367    ( 30 ,  32)    42.107 MeV    7.14365
 368    ( 30 ,  31)    40.480 MeV    8.24979
 369    ( 30 ,  30)    29.741 MeV    5.54045
 370    ( 30 ,  29)    33.734 MeV    6.36483
 371    ( 30 ,  28)    29.700 MeV    6.13901
 375    ( 30 ,  24)    36.222 MeV    5.04799
 378    ( 30 ,  21)    34.498 MeV    5.93273
 379    ( 30 ,  20)    27.160 MeV    7.30314
 380    ( 30 ,  19)    30.788 MeV    5.61069
 381    ( 30 ,  18)    27.144 MeV    6.40471
 382    ( 30 ,  17)    25.003 MeV    5.52813
 383    ( 30 ,  16)    37.713 MeV    6.22141
 384    ( 30 ,  15)    25.180 MeV    4.68601
 385    ( 30 ,  14)    39.593 MeV    5.94324
 388    ( 30 ,  11)    17.276 MeV    4.58886
 391    ( 30 ,   8)    15.964 MeV    3.70319
 392    ( 30 ,   7)    11.668 MeV    3.22678
 393    ( 30 ,   6)    26.519 MeV    6.1164
 394    ( 30 ,   5)    26.447 MeV    5.91701
 395    ( 30 ,   4)    19.246 MeV    6.48983
 396    ( 30 ,   3)    17.787 MeV    3.61506
 397    ( 30 ,   2)    34.387 MeV    9.22692
 400    ( 29 ,  39)    30.335 MeV    7.38495
 401    ( 29 ,  38)    26.619 MeV    5.40064
 402    ( 29 ,  37)    30.406 MeV    6.50329
 403    ( 29 ,  36)    25.141 MeV    4.99142
 404    ( 29 ,  35)    29.174 MeV    5.45965
 405    ( 29 ,  34)    18.728 MeV    4.25294
 406    ( 29 ,  33)    46.974 MeV    13.6574
 407    ( 29 ,  32)    17.371 MeV    4.4288
 408    ( 29 ,  31)    25.384 MeV    3.34953
 409    ( 29 ,  30)    32.000 MeV    5.12618
 410    ( 29 ,  29)    25.000 MeV    0.549956
 411    ( 29 ,  28)    67.995 MeV    1.40751
 413    ( 29 ,  26)    62.366 MeV    2.06761
 414    ( 29 ,  25)    61.691 MeV    1.75013
 415    ( 29 ,  24)    51.822 MeV    2.68697
 416    ( 29 ,  23)    50.090 MeV    4.28391
 417    ( 29 ,  22)    38.086 MeV    4.64358
 418    ( 29 ,  21)    47.456 MeV    3.29793
 419    ( 29 ,  20)    48.989 MeV    3.24712
 420    ( 29 ,  19)    55.157 MeV    1.8784
 421    ( 29 ,  18)    71.411 MeV    1.71991
 422    ( 29 ,  17)    52.645 MeV    0.791308
 423    ( 29 ,  16)    25.695 MeV    0.61207
 424    ( 29 ,  15)    13.795 MeV    1.5861
 425    ( 29 ,  14)    51.534 MeV    2.11203
 426    ( 29 ,  13)    42.719 MeV    3.26434
 427    ( 29 ,  12)    53.713 MeV    3.02817
 428    ( 29 ,  11)    37.864 MeV    0.783822
 430    ( 29 ,   9)    29.099 MeV    6.60527
 431    ( 29 ,   8)    18.539 MeV    4.32932
 432    ( 29 ,   7)    41.940 MeV    6.78088
 433    ( 29 ,   6)    29.139 MeV    5.78146
 434    ( 29 ,   5)    34.371 MeV    6.4166
 435    ( 29 ,   4)    30.119 MeV    5.53055
 436    ( 29 ,   3)    29.593 MeV    5.9954
 437    ( 29 ,   2)    25.333 MeV    6.97966
 438    ( 29 ,   1)     9.789 MeV    3.93192
 439    ( 29 ,   0)    11.462 MeV    2.78885
 440    ( 28 ,  39)    42.666 MeV    14.8801
 441    ( 28 ,  38)    53.549 MeV    19.8464
 442    ( 28 ,  37)    38.202 MeV    6.54509
 443    ( 28 ,  36)    48.351 MeV    5.42057
 444    ( 28 ,  35)    41.671 MeV    7.03894
 446    ( 28 ,  33)    35.417 MeV    5.93612
 447    ( 28 ,  32)    33.354 MeV    5.72182
 450    ( 28 ,  29)    35.780 MeV    2.41302
 451    ( 28 ,  28)    50.584 MeV    2.85327
 452    ( 28 ,  27)    45.467 MeV    0.499467
 453    ( 28 ,  26)    70.494 MeV    1.35367
 454    ( 28 ,  25)    53.008 MeV    4.30246
 455    ( 28 ,  24)    25.583 MeV    0.675598
 456    ( 28 ,  23)    39.832 MeV    3.60106
 457    ( 28 ,  22)    62.726 MeV    1.92089
 458    ( 28 ,  21)    72.798 MeV    1.60341
 459    ( 28 ,  20)    29.862 MeV    0.56632
 460    ( 28 ,  19)    55.651 MeV    2.91282
 461    ( 28 ,  18)    48.516 MeV    2.29215
 462    ( 28 ,  17)    66.129 MeV    2.35561
 463    ( 28 ,  16)    47.347 MeV    2.99606
 464    ( 28 ,  15)    26.955 MeV    1.36063
 465    ( 28 ,  14)    45.046 MeV    3.17593
 466    ( 28 ,  13)    85.110 MeV    0.658272
 467    ( 28 ,  12)    55.036 MeV    2.15707
 468    ( 28 ,  11)    41.033 MeV    0.664171
 469    ( 28 ,  10)    84.984 MeV    0.906662
 470    ( 28 ,   9)    25.305 MeV    4.64886
 472    ( 28 ,   7)    30.342 MeV    7.81984
 473    ( 28 ,   6)    30.157 MeV    6.74132
 474    ( 28 ,   5)    27.506 MeV    6.93758
 475    ( 28 ,   4)    39.995 MeV    4.58507
 476    ( 28 ,   3)    30.224 MeV    6.82887
 477    ( 28 ,   2)    31.705 MeV    4.80851
 479    ( 28 ,   0)    26.441 MeV    2.69924
 480    ( 27 ,  39)    16.942 MeV    1.7563
 481    ( 27 ,  38)    32.650 MeV    6.44603
 482    ( 27 ,  37)    38.162 MeV    5.66502
 484    ( 27 ,  35)    16.748 MeV    4.24901
 485    ( 27 ,  34)    33.615 MeV    6.72048
 487    ( 27 ,  32)    35.604 MeV    4.13294
 488    ( 27 ,  31)    26.201 MeV    5.93348
 489    ( 27 ,  30)    52.149 MeV    3.61968
 490    ( 27 ,  29)    32.454 MeV    2.03147
 491    ( 27 ,  28)    19.955 MeV    0.929723
 492    ( 27 ,  27)    62.938 MeV    1.41312
 493    ( 27 ,  26)    26.862 MeV    0.53567
 494    ( 27 ,  25)    34.467 MeV    3.24544
 495    ( 27 ,  24)    30.972 MeV    0.704717
 496    ( 27 ,  23)    53.352 MeV    2.97818
 498    ( 27 ,  21)    86.394 MeV    0.783459
 499    ( 27 ,  20)    31.131 MeV    0.559795
 500    ( 27 ,  19)    35.802 MeV    0.651376
 501    ( 27 ,  18)    63.423 MeV    1.05063
 502    ( 27 ,  17)    38.607 MeV    0.88924
 503    ( 27 ,  16)    10.152 MeV    0.554495
 504    ( 27 ,  15)    30.602 MeV    3.20416
 505    ( 27 ,  14)    32.642 MeV    0.397345
 507    ( 27 ,  12)    42.491 MeV    2.91846
 508    ( 27 ,  11)    25.252 MeV    1.03181
 509    ( 27 ,  10)    26.575 MeV    1.18791
 512    ( 27 ,   7)    14.116 MeV    3.37528
 513    ( 27 ,   6)    19.554 MeV    4.30033
 514    ( 27 ,   5)    15.017 MeV    5.51843
 516    ( 27 ,   3)    28.723 MeV    6.46758
 517    ( 27 ,   2)    33.741 MeV    5.20728
 518    ( 27 ,   1)    17.470 MeV    4.10164
 519    ( 27 ,   0)    15.793 MeV    2.67444
 520    ( 26 ,  39)    38.510 MeV    5.13474
 523    ( 26 ,  36)    27.509 MeV    3.73471
 524    ( 26 ,  35)    33.607 MeV    5.40559
 525    ( 26 ,  34)    17.227 MeV    2.7955
 526    ( 26 ,  33)    18.679 MeV    5.39817
 528    ( 26 ,  31)    40.103 MeV    3.73949
 529    ( 26 ,  30)    25.536 MeV    3.55978
 530    ( 26 ,  29)    54.881 MeV    2.37984
 531    ( 26 ,  28)    38.227 MeV    1.97434
 532    ( 26 ,  27)    39.670 MeV    3.6969
 533    ( 26 ,  26)    31.463 MeV    0.871818
 534    ( 26 ,  25)    50.042 MeV    2.09314
 535    ( 26 ,  24)    31.724 MeV    0.580505
 536    ( 26 ,  23)    76.549 MeV    1.95272
 537    ( 26 ,  22)    49.847 MeV    3.34519
 538    ( 26 ,  21)    27.007 MeV    0.448831
 539    ( 26 ,  20)    34.509 MeV    0.622576
 540    ( 26 ,  19)    50.492 MeV    3.60818
 541    ( 26 ,  18)    43.586 MeV    0.544499
 542    ( 26 ,  17)    25.567 MeV    0.619847
 543    ( 26 ,  16)    75.656 MeV    1.11793
 544    ( 26 ,  15)    63.827 MeV    1.39594
 545    ( 26 ,  14)    48.236 MeV    0.957582
 546    ( 26 ,  13)    18.108 MeV    0.760828
 547    ( 26 ,  12)    49.739 MeV    1.74564
 548    ( 26 ,  11)    53.172 MeV    2.01526
 549    ( 26 ,  10)    89.738 MeV    1.19837
 550    ( 26 ,   9)    28.619 MeV    3.94917
 551    ( 26 ,   8)    26.511 MeV    5.34218
 553    ( 26 ,   6)    25.863 MeV    5.14656
 555    ( 26 ,   4)    26.380 MeV    5.19621
 556    ( 26 ,   3)    32.201 MeV    6.10393
 557    ( 26 ,   2)    25.255 MeV    3.81356
 558    ( 26 ,   1)    18.757 MeV    3.60141
 559    ( 26 ,   0)    49.293 MeV    4.69089
 560    ( 25 ,  39)    15.163 MeV    2.34785
 561    ( 25 ,  38)    29.669 MeV    5.05178
 562    ( 25 ,  37)    14.966 MeV    2.85816
 563    ( 25 ,  36)    31.981 MeV    5.1484
 564    ( 25 ,  35)    26.609 MeV    5.5228
 566    ( 25 ,  33)    18.554 MeV    2.32911
 568    ( 25 ,  31)    36.935 MeV    5.28391
 569    ( 25 ,  30)    35.690 MeV    4.96633
 570    ( 25 ,  29)    51.742 MeV    1.76568
 571    ( 25 ,  28)    56.343 MeV    2.14299
 572    ( 25 ,  27)    96.946 MeV    0.541284
 573    ( 25 ,  26)    29.789 MeV    0.750514
 574    ( 25 ,  25)    25.310 MeV    2.33469
 575    ( 25 ,  24)    29.027 MeV    1.63583
 577    ( 25 ,  22)    39.548 MeV    3.66073
 578    ( 25 ,  21)    36.641 MeV    0.666312
 579    ( 25 ,  20)    98.765 MeV    0.686112
 580    ( 25 ,  19)    13.922 MeV    0.51298
 582    ( 25 ,  17)    16.558 MeV    0.405129
 583    ( 25 ,  16)    14.693 MeV    0.590686
 584    ( 25 ,  15)    54.656 MeV    0.795626
 585    ( 25 ,  14)    61.311 MeV    1.425
 586    ( 25 ,  13)    64.214 MeV    1.13068
 587    ( 25 ,  12)    38.189 MeV    0.682499
 588    ( 25 ,  11)    62.444 MeV    1.70542
 590    ( 25 ,   9)    29.250 MeV    6.62279
 592    ( 25 ,   7)    32.232 MeV    4.68688
 593    ( 25 ,   6)    42.963 MeV    3.7566
 595    ( 25 ,   4)    35.856 MeV    5.77709
 596    ( 25 ,   3)    30.956 MeV    5.34228
 597    ( 25 ,   2)    32.696 MeV    5.75496
 599    ( 25 ,   0)    27.428 MeV    4.38942
 600    ( 24 ,  39)    25.796 MeV    3.18283
 601    ( 24 ,  38)    33.665 MeV    4.46511
 602    ( 24 ,  37)    27.031 MeV    5.35028
 605    ( 24 ,  34)    28.912 MeV    5.00521
 606    ( 24 ,  33)    28.777 MeV    4.15854
 607    ( 24 ,  32)    15.302 MeV    3.3258
 608    ( 24 ,  31)    28.390 MeV    3.89129
 609    ( 24 ,  30)    25.336 MeV    2.50379
 610    ( 24 ,  29)    53.357 MeV    1.27955
 611    ( 24 ,  28)    37.670 MeV    3.32991
 612    ( 24 ,  27)    66.747 MeV    0.849229
 613    ( 24 ,  26)    42.856 MeV    2.27321
 614    ( 24 ,  25)    51.000 MeV    0.585255
 615    ( 24 ,  24)    14.590 MeV    0.919341
 616    ( 24 ,  23)    55.789 MeV    1.22239
 617    ( 24 ,  22)    73.833 MeV    1.27858
 618    ( 24 ,  21)    64.173 MeV    1.71703
 619    ( 24 ,  20)    74.120 MeV    0.984659
 620    ( 24 ,  19)    80.061 MeV    1.19422
 621    ( 24 ,  18)    64.874 MeV    1.00883
 622    ( 24 ,  17)    54.895 MeV    1.91582
 624    ( 24 ,  15)    65.118 MeV    1.16573
 625    ( 24 ,  14)    28.699 MeV    0.738555
 626    ( 24 ,  13)    45.407 MeV    1.80251
 627    ( 24 ,  12)    55.530 MeV    0.552827
 629    ( 24 ,  10)    90.942 MeV    0.586696
 630    ( 24 ,   9)    25.736 MeV    2.90273
 634    ( 24 ,   5)    18.416 MeV    4.18392
 636    ( 24 ,   3)    18.645 MeV    4.42637
 637    ( 24 ,   2)    30.969 MeV    3.35609
 638    ( 24 ,   1)    34.018 MeV    4.97822
 639    ( 24 ,   0)    20.404 MeV    inf
 640    ( 23 ,  39)    36.537 MeV    4.86463
 641    ( 23 ,  38)    25.924 MeV    5.28038
 642    ( 23 ,  37)    33.912 MeV    4.00416
 645    ( 23 ,  34)    31.689 MeV    4.79331
 646    ( 23 ,  33)    17.198 MeV    3.09529
 647    ( 23 ,  32)    28.393 MeV    5.10713
 648    ( 23 ,  31)    26.016 MeV    3.11537
 649    ( 23 ,  30)    27.296 MeV    5.02937
 650    ( 23 ,  29)    46.372 MeV    2.30127
 652    ( 23 ,  27)     7.510 MeV    0.869069
 653    ( 23 ,  26)    69.967 MeV    2.08993
 654    ( 23 ,  25)    32.325 MeV    0.296291
 655    ( 23 ,  24)    27.262 MeV    0.494684
 656    ( 23 ,  23)     6.197 MeV    0.410178
 657    ( 23 ,  22)    68.498 MeV    0.75811
 659    ( 23 ,  20)    37.221 MeV    0.587948
 660    ( 23 ,  19)    31.972 MeV    1.068
 661    ( 23 ,  18)    73.811 MeV    0.860336
 662    ( 23 ,  17)    56.852 MeV    1.03576
 663    ( 23 ,  16)    93.814 MeV    0.818293
 664    ( 23 ,  15)    35.131 MeV    1.59726
 665    ( 23 ,  14)    56.387 MeV    1.2969
 666    ( 23 ,  13)    44.249 MeV    2.45673
 667    ( 23 ,  12)    37.423 MeV    2.7339
 670    ( 23 ,   9)    37.779 MeV    2.93927
 671    ( 23 ,   8)    27.691 MeV    3.82156
 672    ( 23 ,   7)    32.865 MeV    4.83589
 674    ( 23 ,   5)    28.635 MeV    3.87753
 675    ( 23 ,   4)    33.209 MeV    4.5036
 676    ( 23 ,   3)    29.988 MeV    3.86464
 677    ( 23 ,   2)    28.341 MeV    4.81827
 679    ( 23 ,   0)    34.802 MeV    4.48736
 681    ( 22 ,  38)    33.245 MeV    5.21595
 682    ( 22 ,  37)    29.987 MeV    3.94194
 685    ( 22 ,  34)    26.724 MeV    4.57804
 688    ( 22 ,  31)    33.622 MeV    5.20886
 689    ( 22 ,  30)    30.481 MeV    4.19871
 691    ( 22 ,  28)    53.801 MeV    1.57605
 692    ( 22 ,  27)    10.534 MeV    1.40431
 693    ( 22 ,  26)    27.251 MeV    2.39017
 694    ( 22 ,  25)    89.854 MeV    1.4719
 695    ( 22 ,  24)    29.685 MeV    3.33383
 696    ( 22 ,  23)    39.433 MeV    2.99469
 697    ( 22 ,  22)    28.872 MeV    0.843768
 698    ( 22 ,  21)    85.580 MeV    0.878665
 699    ( 22 ,  20)    35.000 MeV    0.797319
 700    ( 22 ,  19)    70.372 MeV    1.2511
 701    ( 22 ,  18)    29.593 MeV    0.551721
 702    ( 22 ,  17)    25.412 MeV    0.771785
 703    ( 22 ,  16)    25.441 MeV    1.42628
 704    ( 22 ,  15)    17.001 MeV    0.718927
 705    ( 22 ,  14)    68.907 MeV    1.96758
 706    ( 22 ,  13)     9.367 MeV    0.783722
 707    ( 22 ,  12)    55.619 MeV    2.26004
 708    ( 22 ,  11)    51.910 MeV    2.17607
 709    ( 22 ,  10)    31.637 MeV    0.517469
 710    ( 22 ,   9)    42.625 MeV    2.80808
 711    ( 22 ,   8)    29.835 MeV    4.1589
 712    ( 22 ,   7)    50.588 MeV    3.01186
 714    ( 22 ,   5)    25.073 MeV    4.05284
 715    ( 22 ,   4)    13.131 MeV    3.06723
 716    ( 22 ,   3)    15.994 MeV    4.21064
 717    ( 22 ,   2)    27.348 MeV    3.90796
 718    ( 22 ,   1)    28.433 MeV    4.29807
 720    ( 21 ,  39)    25.513 MeV    4.56327
 721    ( 21 ,  38)    12.808 MeV    2.7727
 722    ( 21 ,  37)    28.545 MeV    5.94383
 723    ( 21 ,  36)    34.604 MeV    3.20222
 724    ( 21 ,  35)    26.053 MeV    2.53831
 725    ( 21 ,  34)    32.959 MeV    4.97948
 726    ( 21 ,  33)    30.190 MeV    4.83612
 727    ( 21 ,  32)    26.494 MeV    3.45278
 728    ( 21 ,  31)    27.096 MeV    3.23443
 729    ( 21 ,  30)    29.387 MeV    4.10359
 730    ( 21 ,  29)    54.725 MeV    1.39985
 731    ( 21 ,  28)    73.640 MeV    1.55132
 732    ( 21 ,  27)    12.925 MeV    1.74546
 733    ( 21 ,  26)    67.178 MeV    1.6156
 734    ( 21 ,  25)    28.374 MeV    2.22852
 735    ( 21 ,  24)    12.761 MeV    0.629508
 736    ( 21 ,  23)    47.946 MeV    1.6123
 737    ( 21 ,  22)    56.866 MeV    1.46268
 738    ( 21 ,  21)    15.000 MeV    0.586111
 739    ( 21 ,  20)    19.779 MeV    1.24617
 740    ( 21 ,  19)    44.256 MeV    1.55668
 741    ( 21 ,  18)    56.594 MeV    2.01335
 743    ( 21 ,  16)    66.356 MeV    1.78833
 744    ( 21 ,  15)    19.000 MeV    0.908508
 745    ( 21 ,  14)    54.551 MeV    2.07616
 746    ( 21 ,  13)    56.547 MeV    1.35381
 747    ( 21 ,  12)    54.209 MeV    2.48476
 748    ( 21 ,  11)    69.332 MeV    1.18729
 749    ( 21 ,  10)    38.007 MeV    1.97631
 750    ( 21 ,   9)    32.827 MeV    4.52618
 751    ( 21 ,   8)    25.442 MeV    3.92342
 752    ( 21 ,   7)    28.638 MeV    5.00629
 753    ( 21 ,   6)    46.773 MeV    4.56274
 754    ( 21 ,   5)    42.349 MeV    3.49213
 756    ( 21 ,   3)    18.824 MeV    2.05232
 757    ( 21 ,   2)    31.538 MeV    3.31414
 758    ( 21 ,   1)    17.582 MeV    3.92157
 759    ( 21 ,   0)    33.590 MeV    3.21997
 761    ( 20 ,  38)    30.747 MeV    3.3453
 762    ( 20 ,  37)    48.863 MeV    2.94514
 763    ( 20 ,  36)    40.690 MeV    3.83657
 764    ( 20 ,  35)    32.240 MeV    3.42363
 765    ( 20 ,  34)    25.125 MeV    3.8401
 768    ( 20 ,  31)    49.524 MeV    3.02173
 769    ( 20 ,  30)    25.425 MeV    3.57144
 770    ( 20 ,  29)    61.404 MeV    1.02914
 771    ( 20 ,  28)    30.276 MeV    0.624925
 772    ( 20 ,  27)    66.124 MeV    1.35008
 773    ( 20 ,  26)    42.281 MeV    2.36041
 774    ( 20 ,  25)    47.326 MeV    1.40123
 775    ( 20 ,  24)    53.474 MeV    1.98829
 776    ( 20 ,  23)     4.793 MeV    1.58822
 777    ( 20 ,  22)    55.829 MeV    2.34825
 781    ( 20 ,  18)    25.711 MeV    0.804855
 782    ( 20 ,  17)    43.448 MeV    1.55691
 783    ( 20 ,  16)    52.761 MeV    1.45701
 784    ( 20 ,  15)    53.082 MeV    0.847147
 785    ( 20 ,  14)    38.360 MeV    2.27077
 786    ( 20 ,  13)    69.170 MeV    0.827801
 787    ( 20 ,  12)    94.657 MeV    0.982009
 790    ( 20 ,   9)    28.400 MeV    4.40456
 791    ( 20 ,   8)    26.910 MeV    3.60881
 792    ( 20 ,   7)    29.971 MeV    4.67441
 793    ( 20 ,   6)    29.473 MeV    2.76305
 794    ( 20 ,   5)    33.938 MeV    3.73759
 797    ( 20 ,   2)    29.853 MeV    2.20678
 798    ( 20 ,   1)    26.751 MeV    2.51269
