column  row  current_HV_Setting  new_HV_Setting  Voltage_change
00      00     1040.000         1037.365         -  2.635
00      01     1040.000         1010.135         - 29.865
00      02     1040.000          980.258         - 59.742
00      03     1040.000         1015.643         - 24.357
00      04     1040.000          956.210         - 83.790
00      05     1040.000         1029.034         - 10.966
00      06     1040.000         1041.390         +  1.390
00      07     1040.000         1039.303         -  0.697
00      08     1040.000          983.218         - 56.782
00      09     1040.000         1032.727         -  7.273
00      10     1040.000         1027.537         - 12.463
00      11     1040.000         1022.086         - 17.914
00      12     1040.000         1024.886         - 15.114
00      13     1040.000         1031.861         -  8.139
00      14     1040.000         1016.341         - 23.659
00      15     1040.000         1032.042         -  7.958
00      16     1040.000         1022.295         - 17.705
00      17     1040.000         1013.536         - 26.464
00      18     1040.000         1018.974         - 21.026
00      19     1040.000         1017.243         - 22.757
00      20     1040.000         1029.078         - 10.922
00      21     1040.000         1024.729         - 15.271
00      22     1040.000         1025.686         - 14.314
00      23     1040.000         1020.883         - 19.117
00      24     1040.000         1032.255         -  7.745
00      25     1040.000         1041.702         +  1.702
00      26     1040.000         1033.646         -  6.354
00      27     1040.000         1017.044         - 22.956
00      28     1040.000          984.937         - 55.063
00      29     1040.000          997.500         - 42.500
00      30     1040.000         1031.452         -  8.548
00      31     1040.000         1031.906         -  8.094
00      32     1040.000         1029.448         - 10.552
00      33     1040.000         1013.962         - 26.038
00      34     1040.000         1019.857         - 20.143
00      35     1040.000         1025.114         - 14.886
00      36     1040.000         1032.255         -  7.745
00      37     1040.000         1033.094         -  6.906
00      38     1040.000         1027.072         - 12.928
00      39     1040.000         1003.651         - 36.349
01      00     1040.000         1023.021         - 16.979
01      01     1040.000          983.798         - 56.202
01      02     1040.000         1033.354         -  6.646
01      03     1040.000         1017.737         - 22.263
01      04     1040.000         1015.604         - 24.396
01      05     1040.000         1025.701         - 14.299
01      06     1040.000         1015.224         - 24.776
01      07     1040.000         1012.077         - 27.923
01      08     1040.000         1027.858         - 12.142
01      09     1040.000         1014.702         - 25.298
01      10     1040.000         1022.783         - 17.217
01      11     1040.000         1031.136         -  8.864
01      12     1040.000         1005.710         - 34.290
01      13     1040.000         1020.677         - 19.323
01      14     1040.000         1031.091         -  8.909
01      15     1040.000         1003.568         - 36.432
01      16     1040.000         1026.146         - 13.854
01      17     1040.000         1022.295         - 17.705
01      18     1040.000         1013.562         - 26.438
01      19     1040.000         1030.731         -  9.269
01      20     1040.000         1027.479         - 12.521
01      21     1040.000         1033.723         -  6.277
01      22     1040.000         1015.250         - 24.750
01      23     1040.000         1033.707         -  6.293
01      24     1040.000         1050.000         + 10.000
01      25     1040.000         1004.112         - 35.888
01      26     1040.000         1031.392         -  8.608
01      27     1040.000         1031.573         -  8.427
01      28     1040.000         1027.217         - 12.783
01      29     1040.000         1030.716         -  9.284
01      30     1040.000         1015.854         - 24.146
01      31     1040.000         1025.257         - 14.743
01      32     1040.000         1034.976         -  5.024
01      33     1040.000         1032.773         -  7.227
01      34     1040.000         1034.665         -  5.335
01      35     1040.000          993.531         - 46.469
01      36     1040.000         1021.476         - 18.524
01      37     1040.000         1033.723         -  6.277
01      38     1040.000         1029.954         - 10.046
01      39     1040.000         1028.621         - 11.379
02      00     1040.000         1018.018         - 21.982
02      01     1040.000         1025.043         - 14.957
02      02     1040.000         1019.707         - 20.293
02      03     1040.000          991.790         - 48.210
02      04     1040.000         1036.070         -  3.930
02      05     1040.000         1039.029         -  0.971
02      06     1040.000         1030.386         -  9.614
02      07     1040.000         1025.071         - 14.929
02      08     1040.000         1025.572         - 14.428
02      09     1040.000         1014.767         - 25.233
02      10     1040.000         1029.597         - 10.403
02      11     1040.000         1002.863         - 37.137
02      12     1040.000         1007.247         - 32.753
02      13     1040.000         1011.051         - 28.949
02      14     1040.000         1023.541         - 16.459
02      15     1040.000         1034.774         -  5.226
02      16     1040.000         1031.528         -  8.472
02      17     1040.000         1000.430         - 39.570
02      18     1040.000         1027.494         - 12.506
02      19     1040.000          976.020         - 63.980
02      20     1040.000         1001.953         - 38.047
02      21     1040.000         1035.116         -  4.884
02      22     1040.000          996.644         - 43.356
02      23     1040.000         1027.625         - 12.375
02      24     1040.000         1022.003         - 17.997
02      25     1040.000         1030.971         -  9.029
02      26     1040.000         1025.357         - 14.643
02      27     1040.000         1019.231         - 20.769
02      28     1040.000         1017.430         - 22.570
02      29     1040.000         1018.758         - 21.242
02      30     1040.000         1028.548         - 11.452
02      31     1040.000         1026.840         - 13.160
02      32     1040.000         1028.607         - 11.393
02      33     1040.000         1019.055         - 20.945
02      34     1040.000         1048.110         +  8.110
02      35     1040.000         1030.327         -  9.673
02      36     1040.000         1006.422         - 33.578
02      37     1040.000         1016.831         - 23.169
02      38     1040.000         1050.000         + 10.000
02      39     1040.000          990.117         - 49.883
03      00     1040.000         1020.609         - 19.391
03      01     1040.000         1029.656         - 10.344
03      02     1040.000         1024.587         - 15.413
03      03     1040.000         1028.371         - 11.629
03      04     1040.000         1021.850         - 18.150
03      05     1040.000         1022.448         - 17.552
03      06     1040.000         1021.989         - 18.011
03      07     1040.000         1020.554         - 19.446
03      08     1040.000         1034.448         -  5.552
03      09     1040.000         1023.231         - 16.769
03      10     1040.000         1026.391         - 13.609
03      11     1040.000         1026.189         - 13.811
03      12     1040.000         1023.681         - 16.319
03      13     1040.000         1032.118         -  7.882
03      14     1040.000         1041.950         +  1.950
03      15     1040.000         1021.448         - 18.552
03      16     1040.000         1020.842         - 19.158
03      17     1040.000         1011.152         - 28.848
03      18     1040.000         1013.086         - 26.914
03      19     1040.000         1034.139         -  5.861
03      20     1040.000         1012.472         - 27.528
03      21     1040.000         1020.048         - 19.952
03      22     1040.000         1008.966         - 31.034
03      23     1040.000         1021.850         - 18.150
03      24     1040.000         1050.000         + 10.000
03      25     1040.000         1017.137         - 22.863
03      26     1040.000         1028.460         - 11.540
03      27     1040.000         1029.686         - 10.314
03      28     1040.000         1033.738         -  6.262
03      29     1040.000         1011.405         - 28.595
03      30     1040.000         1031.362         -  8.638
03      31     1040.000         1030.222         -  9.778
03      32     1040.000         1029.656         - 10.344
03      33     1040.000         1029.686         - 10.314
03      34     1040.000         1030.896         -  9.104
03      35     1040.000         1004.980         - 35.020
03      36     1040.000         1029.612         - 10.388
03      37     1040.000         1018.704         - 21.296
03      38     1040.000         1026.449         - 13.551
03      39     1040.000         1038.082         -  1.918
04      00     1040.000          971.817         - 68.183
04      01     1040.000          966.891         - 73.109
04      02     1040.000         1027.246         - 12.754
04      03     1040.000          984.778         - 55.222
04      04     1040.000         1025.887         - 14.113
04      05     1040.000         1026.521         - 13.479
04      06     1040.000         1026.811         - 13.189
04      07     1040.000         1032.133         -  7.867
04      08     1040.000         1027.610         - 12.390
04      09     1040.000         1011.001         - 28.999
04      10     1040.000         1030.536         -  9.464
04      11     1040.000         1009.586         - 30.414
04      12     1040.000         1021.338         - 18.662
04      13     1040.000         1031.906         -  8.094
04      14     1040.000         1010.486         - 29.514
04      15     1040.000         1021.241         - 18.759
04      16     1040.000         1050.000         + 10.000
04      17     1040.000         1050.000         + 10.000
04      18     1040.000         1020.184         - 19.816
04      19     1040.000         1022.867         - 17.133
04      20     1040.000         1022.169         - 17.831
04      21     1040.000         1050.000         + 10.000
04      22     1040.000         1017.070         - 22.930
04      23     1040.000         1017.817         - 22.183
04      24     1040.000         1033.523         -  6.477
04      25     1040.000          989.721         - 50.279
04      26     1040.000         1050.000         + 10.000
04      27     1040.000         1008.177         - 31.823
04      28     1040.000         1027.435         - 12.565
04      29     1040.000         1038.066         -  1.934
04      30     1040.000         1044.693         +  4.693
04      31     1040.000         1032.941         -  7.059
04      32     1040.000         1035.428         -  4.572
04      33     1040.000         1045.781         +  5.781
04      34     1040.000         1034.232         -  5.768
04      35     1040.000         1034.836         -  5.164
04      36     1040.000         1022.783         - 17.217
04      37     1040.000         1035.101         -  4.899
04      38     1040.000         1041.917         +  1.917
04      39     1040.000         1000.372         - 39.628
05      00     1040.000         1021.131         - 18.869
05      01     1040.000         1020.787         - 19.213
05      02     1040.000         1009.276         - 30.724
05      03     1040.000         1022.727         - 17.273
05      04     1040.000         1029.969         - 10.031
05      05     1040.000          972.162         - 67.838
05      06     1040.000          994.494         - 45.506
05      07     1040.000         1038.338         -  1.662
05      08     1040.000          960.135         - 79.865
05      09     1040.000         1010.110         - 29.890
05      10     1040.000         1050.000         + 10.000
05      11     1040.000         1032.255         -  7.745
05      12     1040.000         1020.554         - 19.446
05      13     1040.000         1029.879         - 10.121
05      14     1040.000          970.196         - 69.804
05      15     1040.000          997.143         - 42.857
05      16     1040.000         1002.034         - 37.966
05      17     1040.000         1050.000         + 10.000
05      18     1040.000         1004.301         - 35.699
05      19     1040.000         1030.941         -  9.059
05      20     1040.000         1020.567         - 19.433
05      21     1040.000         1003.592         - 36.408
05      22     1040.000         1020.198         - 19.802
05      23     1040.000         1028.049         - 11.951
05      24     1040.000         1020.499         - 19.501
05      25     1040.000         1026.825         - 13.175
05      26     1040.000         1031.845         -  8.155
05      27     1040.000         1035.772         -  4.228
05      28     1040.000         1032.392         -  7.608
05      29     1040.000         1030.416         -  9.584
05      30     1040.000         1046.380         +  6.380
05      31     1040.000         1018.893         - 21.107
05      32     1040.000         1025.185         - 14.815
05      33     1040.000         1046.380         +  6.380
05      34     1040.000         1026.825         - 13.175
05      35     1040.000         1028.415         - 11.585
05      36     1040.000         1027.333         - 12.667
05      37     1040.000         1050.000         + 10.000
05      38     1040.000         1050.000         + 10.000
05      39     1040.000         1050.000         + 10.000
06      00     1040.000          998.803         - 41.197
06      01     1040.000         1026.031         - 13.969
06      02     1040.000         1033.985         -  6.015
06      03     1040.000         1010.461         - 29.539
06      04     1040.000         1026.724         - 13.276
06      05     1040.000         1014.416         - 25.584
06      06     1040.000         1012.536         - 27.464
06      07     1040.000         1023.865         - 16.135
06      08     1040.000          955.488         - 84.512
06      09     1040.000          995.344         - 44.656
06      10     1040.000         1009.586         - 30.414
06      11     1040.000         1026.622         - 13.378
06      12     1040.000         1015.749         - 24.251
06      13     1040.000         1033.431         -  6.569
06      14     1040.000          966.294         - 73.706
06      15     1040.000         1038.338         -  1.662
06      16     1040.000         1002.232         - 37.768
06      17     1040.000         1026.825         - 13.175
06      18     1040.000         1019.557         - 20.443
06      19     1040.000         1028.813         - 11.187
06      20     1040.000         1019.625         - 20.375
06      21     1040.000         1036.259         -  3.741
06      22     1040.000         1025.414         - 14.586
06      23     1040.000         1050.000         + 10.000
06      24     1040.000         1016.315         - 23.685
06      25     1040.000         1026.377         - 13.623
06      26     1040.000         1050.000         + 10.000
06      27     1040.000         1035.647         -  4.353
06      28     1040.000         1050.000         + 10.000
06      29     1040.000         1002.524         - 37.476
06      30     1040.000         1025.701         - 14.299
06      31     1040.000          984.321         - 55.679
06      32     1040.000         1025.787         - 14.213
06      33     1040.000         1029.894         - 10.106
06      34     1040.000         1014.937         - 25.063
06      35     1040.000         1011.620         - 28.380
06      36     1040.000         1050.000         + 10.000
06      37     1040.000         1030.671         -  9.329
06      38     1040.000         1023.851         - 16.149
06      39     1040.000         1050.000         + 10.000
07      00     1040.000         1030.731         -  9.269
07      01     1040.000         1031.257         -  8.743
07      02     1040.000         1031.196         -  8.804
07      03     1040.000         1033.017         -  6.983
07      04     1040.000         1028.137         - 11.863
07      05     1040.000         1039.968         -  0.032
07      06     1040.000         1031.287         -  8.713
07      07     1040.000         1024.459         - 15.541
07      08     1040.000         1030.551         -  9.449
07      09     1040.000         1039.773         -  0.227
07      10     1040.000          996.954         - 43.046
07      11     1040.000         1035.960         -  4.040
07      12     1040.000         1032.529         -  7.471
07      13     1040.000          975.006         - 64.994
07      14     1040.000          970.536         - 69.464
07      15     1040.000          965.909         - 74.091
07      16     1040.000          979.953         - 60.047
07      17     1040.000         1023.470         - 16.530
07      18     1040.000         1026.811         - 13.189
07      19     1040.000         1050.000         + 10.000
07      20     1040.000         1032.757         -  7.243
07      21     1040.000         1033.492         -  6.508
07      22     1040.000         1021.919         - 18.081
07      23     1040.000         1021.021         - 18.979
07      24     1040.000         1033.048         -  6.952
07      25     1040.000         1030.267         -  9.733
07      26     1040.000         1033.569         -  6.431
07      27     1040.000         1035.992         -  4.008
07      28     1040.000         1050.000         + 10.000
07      29     1040.000         1046.123         +  6.123
07      30     1040.000         1014.806         - 25.194
07      31     1040.000         1023.063         - 16.937
07      32     1040.000         1050.000         + 10.000
07      33     1040.000         1050.000         + 10.000
07      34     1040.000         1018.260         - 21.740
07      35     1040.000         1030.521         -  9.479
07      36     1040.000         1032.088         -  7.912
07      37     1040.000         1027.406         - 12.594
07      38     1040.000         1050.000         + 10.000
07      39     1040.000         1034.386         -  5.614
08      00     1040.000         1025.443         - 14.557
08      01     1040.000         1029.939         - 10.061
08      02     1040.000         1020.417         - 19.583
08      03     1040.000         1030.043         -  9.957
08      04     1040.000         1007.736         - 32.264
08      05     1040.000          998.048         - 41.952
08      06     1040.000         1033.139         -  6.861
08      07     1040.000         1002.372         - 37.628
08      08     1040.000         1026.753         - 13.247
08      09     1040.000         1010.385         - 29.615
08      10     1040.000         1050.000         + 10.000
08      11     1040.000         1024.176         - 15.824
08      12     1040.000         1028.607         - 11.393
08      13     1040.000         1021.878         - 18.122
08      14     1040.000          978.959         - 61.041
08      15     1040.000         1023.950         - 16.050
08      16     1040.000         1050.000         + 10.000
08      17     1040.000         1003.462         - 36.538
08      18     1040.000         1050.000         + 10.000
08      19     1040.000         1014.377         - 25.623
08      20     1040.000         1013.911         - 26.089
08      21     1040.000         1009.412         - 30.588
08      22     1040.000         1050.000         + 10.000
08      23     1040.000         1050.000         + 10.000
08      24     1040.000         1033.938         -  6.062
08      25     1040.000         1030.267         -  9.733
08      26     1040.000         1033.569         -  6.431
08      27     1040.000         1028.122         - 11.878
08      28     1040.000         1022.713         - 17.287
08      29     1040.000         1050.000         + 10.000
08      30     1040.000         1050.000         + 10.000
08      31     1040.000         1042.530         +  2.530
08      32     1040.000          999.562         - 40.438
08      33     1040.000         1027.581         - 12.419
08      34     1040.000         1017.697         - 22.303
08      35     1040.000         1033.094         -  6.906
08      36     1040.000         1050.000         + 10.000
08      37     1040.000         1035.616         -  4.384
08      38     1040.000         1050.000         + 10.000
08      39     1040.000         1029.849         - 10.151
09      00     1040.000         1011.127         - 28.873
09      01     1040.000         1021.241         - 18.759
09      02     1040.000         1015.959         - 24.041
09      03     1040.000         1040.521         +  0.521
09      04     1040.000         1021.297         - 18.703
09      05     1040.000          974.435         - 65.565
09      06     1040.000         1025.057         - 14.943
09      07     1040.000         1013.782         - 26.218
09      08     1040.000         1016.474         - 23.526
09      09     1040.000         1033.415         -  6.585
09      10     1040.000         1033.523         -  6.477
09      11     1040.000         1028.210         - 11.790
09      12     1040.000         1021.104         - 18.896
09      13     1040.000          998.442         - 41.558
09      14     1040.000         1028.093         - 11.907
09      15     1040.000         1050.000         + 10.000
09      16     1040.000         1022.183         - 17.817
09      17     1040.000         1050.000         + 10.000
09      18     1040.000         1023.049         - 16.951
09      19     1040.000         1028.401         - 11.599
09      20     1040.000         1042.016         +  2.016
09      21     1040.000         1027.844         - 12.156
09      22     1040.000         1011.316         - 28.684
09      23     1040.000         1021.007         - 18.993
09      24     1040.000         1050.000         + 10.000
09      25     1040.000         1050.000         + 10.000
09      26     1040.000         1027.494         - 12.506
09      27     1040.000         1026.565         - 13.435
09      28     1040.000         1050.000         + 10.000
09      29     1040.000         1050.000         + 10.000
09      30     1040.000         1041.521         +  1.521
09      31     1040.000         1048.214         +  8.214
09      32     1040.000         1026.767         - 13.233
09      33     1040.000         1044.726         +  4.726
09      34     1040.000         1028.887         - 11.113
09      35     1040.000         1030.177         -  9.823
09      36     1040.000         1048.284         +  8.284
09      37     1040.000          985.636         - 54.364
09      38     1040.000         1050.000         + 10.000
09      39     1040.000         1035.194         -  4.806
10      00     1040.000         1050.000         + 10.000
10      01     1040.000         1023.414         - 16.586
10      02     1040.000         1029.005         - 10.995
10      03     1040.000          983.316         - 56.684
10      04     1040.000         1015.709         - 24.291
10      05     1040.000         1033.461         -  6.539
10      06     1040.000         1023.569         - 16.431
10      07     1040.000         1050.000         + 10.000
10      08     1040.000         1011.342         - 28.658
10      09     1040.000          984.907         - 55.093
10      10     1040.000          901.651         -138.349
10      11     1040.000          867.790         -172.210
10      12     1040.000          885.249         -154.751
10      13     1040.000          865.392         -174.608
10      14     1040.000          858.616         -181.384
10      15     1040.000          882.929         -157.071
10      16     1040.000          874.208         -165.792
10      17     1040.000          895.626         -144.374
10      18     1040.000          924.322         -115.678
10      19     1040.000          901.939         -138.061
10      20     1040.000          894.926         -145.074
10      21     1040.000          887.353         -152.647
10      22     1040.000          901.943         -138.057
10      23     1040.000          896.012         -143.988
10      24     1040.000          942.564         - 97.436
10      25     1040.000          925.812         -114.188
10      26     1040.000          875.919         -164.081
10      27     1040.000          901.516         -138.484
10      28     1040.000          895.300         -144.700
10      29     1040.000          947.085         - 92.915
10      30     1040.000         1041.538         +  1.538
10      31     1040.000         1019.788         - 20.212
10      32     1040.000         1013.459         - 26.541
10      33     1040.000         1027.683         - 12.317
10      34     1040.000         1016.685         - 23.315
10      35     1040.000         1020.198         - 19.802
10      36     1040.000         1026.161         - 13.839
10      37     1040.000         1019.884         - 20.116
10      38     1040.000         1034.665         -  5.335
10      39     1040.000         1029.924         - 10.076
11      00     1040.000         1050.000         + 10.000
11      01     1040.000         1029.493         - 10.507
11      02     1040.000         1013.872         - 26.128
11      03     1040.000         1013.782         - 26.218
11      04     1040.000         1031.543         -  8.457
11      05     1040.000         1034.789         -  5.211
11      06     1040.000         1007.503         - 32.497
11      07     1040.000         1032.407         -  7.593
11      08     1040.000         1026.854         - 13.146
11      09     1040.000         1021.933         - 18.067
11      10     1040.000          948.750         - 91.250
11      11     1040.000          895.897         -144.103
11      12     1040.000          854.416         -185.584
11      13     1040.000          870.543         -169.457
11      14     1040.000          829.720         -210.280
11      15     1040.000          845.549         -194.451
11      16     1040.000          926.413         -113.587
11      17     1040.000          883.014         -156.986
11      18     1040.000          889.857         -150.143
11      19     1040.000          877.325         -162.675
11      20     1040.000          892.652         -147.348
11      21     1040.000          908.176         -131.824
11      22     1040.000          896.545         -143.455
11      23     1040.000          851.392         -188.608
11      24     1040.000          886.852         -153.148
11      25     1040.000          883.650         -156.350
11      26     1040.000          965.184         - 74.816
11      27     1040.000          908.460         -131.540
11      28     1040.000          903.251         -136.749
11      29     1040.000          906.837         -133.163
11      30     1040.000         1029.404         - 10.596
11      31     1040.000         1050.000         + 10.000
11      32     1040.000         1036.369         -  3.631
11      33     1040.000         1019.299         - 20.701
11      34     1040.000         1050.000         + 10.000
11      35     1040.000         1026.666         - 13.334
11      36     1040.000         1010.724         - 29.276
11      37     1040.000         1025.343         - 14.657
11      38     1040.000         1050.000         + 10.000
11      39     1040.000         1033.354         -  6.646
12      00     1040.000         1027.290         - 12.710
12      01     1040.000         1025.500         - 14.500
12      02     1040.000         1031.967         -  8.033
12      03     1040.000         1016.632         - 23.368
12      04     1040.000         1028.181         - 11.819
12      05     1040.000         1015.316         - 24.684
12      06     1040.000         1024.559         - 15.441
12      07     1040.000         1007.625         - 32.375
12      08     1040.000         1031.709         -  8.291
12      09     1040.000         1009.711         - 30.289
12      10     1040.000          894.109         -145.891
12      11     1040.000          902.963         -137.037
12      12     1040.000          833.648         -206.352
12      13     1040.000          834.376         -205.624
12      14     1040.000          844.581         -195.419
12      15     1040.000          891.423         -148.577
12      16     1040.000          912.354         -127.646
12      17     1040.000          909.909         -130.091
12      18     1040.000          903.114         -136.886
12      19     1040.000          892.809         -147.191
12      20     1040.000          942.329         - 97.671
12      21     1040.000          896.553         -143.447
12      22     1040.000          888.390         -151.610
12      23     1040.000          901.939         -138.061
12      24     1040.000          883.654         -156.346
12      25     1040.000          927.764         -112.236
12      26     1040.000          850.748         -189.252
12      27     1040.000          921.335         -118.665
12      28     1040.000          900.209         -139.791
12      29     1040.000          962.100         - 77.900
12      30     1040.000         1050.000         + 10.000
12      31     1040.000         1023.738         - 16.262
12      32     1040.000         1035.945         -  4.055
12      33     1040.000         1028.078         - 11.922
12      34     1040.000         1047.727         +  7.727
12      35     1040.000         1050.000         + 10.000
12      36     1040.000         1037.667         -  2.333
12      37     1040.000         1048.145         +  8.145
12      38     1040.000         1029.256         - 10.744
12      39     1040.000         1029.671         - 10.329
13      00     1040.000         1027.464         - 12.536
13      01     1040.000         1008.781         - 31.219
13      02     1040.000         1017.510         - 22.490
13      03     1040.000         1020.842         - 19.158
13      04     1040.000         1031.031         -  8.969
13      05     1040.000         1007.882         - 32.118
13      06     1040.000         1017.871         - 22.129
13      07     1040.000         1026.695         - 13.305
13      08     1040.000         1031.573         -  8.427
13      09     1040.000          965.900         - 74.100
13      10     1040.000          897.675         -142.325
13      11     1040.000          887.104         -152.896
13      12     1040.000          884.869         -155.131
13      13     1040.000          871.178         -168.822
13      14     1040.000          859.899         -180.101
13      15     1040.000          889.395         -150.605
13      16     1040.000          902.881         -137.119
13      17     1040.000          899.921         -140.079
13      18     1040.000          901.939         -138.061
13      19     1040.000          861.366         -178.634
13      20     1040.000          871.817         -168.183
13      21     1040.000          915.637         -124.363
13      22     1040.000          858.805         -181.195
13      23     1040.000          945.335         - 94.665
13      24     1040.000          959.205         - 80.795
13      25     1040.000          901.359         -138.641
13      26     1040.000          875.483         -164.517
13      27     1040.000          927.399         -112.601
13      28     1040.000          857.134         -182.866
13      29     1040.000          891.891         -148.109
13      30     1040.000         1036.669         -  3.331
13      31     1040.000         1042.314         +  2.314
13      32     1040.000         1050.000         + 10.000
13      33     1040.000         1050.000         + 10.000
13      34     1040.000         1040.277         +  0.277
13      35     1040.000         1024.289         - 15.711
13      36     1040.000         1022.128         - 17.872
13      37     1040.000         1050.000         + 10.000
13      38     1040.000         1020.294         - 19.706
13      39     1040.000         1012.612         - 27.388
14      00     1040.000         1012.600         - 27.400
14      01     1040.000         1035.381         -  4.619
14      02     1040.000         1028.460         - 11.540
14      03     1040.000         1024.815         - 15.185
14      04     1040.000         1038.499         -  1.501
14      05     1040.000         1025.658         - 14.342
14      06     1040.000         1028.489         - 11.511
14      07     1040.000         1027.625         - 12.375
14      08     1040.000         1032.361         -  7.639
14      09     1040.000         1024.530         - 15.470
14      10     1040.000          848.861         -191.139
14      11     1040.000          891.716         -148.284
14      12     1040.000          885.857         -154.143
14      13     1040.000          866.000         -174.000
14      14     1040.000          943.995         - 96.005
14      15     1040.000          899.282         -140.718
14      16     1040.000          862.683         -177.317
14      17     1040.000          901.939         -138.061
14      18     1040.000          889.161         -150.839
14      19     1040.000          901.939         -138.061
14      20     1040.000          903.109         -136.891
14      21     1040.000          901.939         -138.061
14      22     1040.000          899.361         -140.639
14      23     1040.000          890.322         -149.678
14      24     1040.000          975.946         - 64.054
14      25     1040.000          863.603         -176.397
14      26     1040.000          899.643         -140.357
14      27     1040.000          929.447         -110.553
14      28     1040.000          901.939         -138.061
14      29     1040.000          961.017         - 78.983
14      30     1040.000         1027.290         - 12.710
14      31     1040.000         1023.597         - 16.403
14      32     1040.000         1050.000         + 10.000
14      33     1040.000         1050.000         + 10.000
14      34     1040.000         1028.946         - 11.054
14      35     1040.000         1023.555         - 16.445
14      36     1040.000         1031.876         -  8.124
14      37     1040.000         1025.014         - 14.986
14      38     1040.000         1015.185         - 24.815
14      39     1040.000         1050.000         + 10.000
15      00     1040.000         1005.004         - 34.996
15      01     1040.000         1022.364         - 17.636
15      02     1040.000         1032.164         -  7.836
15      03     1040.000          996.855         - 43.145
15      04     1040.000         1026.074         - 13.926
15      05     1040.000         1026.276         - 13.724
15      06     1040.000         1023.105         - 16.895
15      07     1040.000         1032.209         -  7.791
15      08     1040.000         1047.017         +  7.017
15      09     1040.000         1023.189         - 16.811
15      10     1040.000          925.464         -114.536
15      11     1040.000          906.695         -133.305
15      12     1040.000          877.336         -162.664
15      13     1040.000          910.016         -129.984
15      14     1040.000          873.118         -166.882
15      15     1040.000          859.559         -180.441
15      16     1040.000          919.291         -120.709
15      17     1040.000          919.377         -120.623
15      18     1040.000          895.948         -144.052
15      19     1040.000          935.000         -105.000
15      20     1040.000          863.408         -176.592
15      21     1040.000          902.232         -137.768
15      22     1040.000          925.703         -114.297
15      23     1040.000          882.524         -157.476
15      24     1040.000          876.332         -163.668
15      25     1040.000          919.801         -120.199
15      26     1040.000          852.084         -187.916
15      27     1040.000          893.851         -146.149
15      28     1040.000          939.037         -100.963
15      29     1040.000          901.651         -138.349
15      30     1040.000         1026.319         - 13.681
15      31     1040.000          969.762         - 70.238
15      32     1040.000         1031.016         -  8.984
15      33     1040.000         1030.641         -  9.359
15      34     1040.000         1030.312         -  9.688
15      35     1040.000         1021.421         - 18.579
15      36     1040.000         1021.462         - 18.538
15      37     1040.000         1032.849         -  7.151
15      38     1040.000         1019.164         - 20.836
15      39     1040.000         1048.756         +  8.756
16      00     1040.000         1029.567         - 10.433
16      01     1040.000         1030.073         -  9.927
16      02     1040.000         1030.386         -  9.614
16      03     1040.000          992.673         - 47.327
16      04     1040.000         1033.262         -  6.738
16      05     1040.000         1022.587         - 17.413
16      06     1040.000         1022.518         - 17.482
16      07     1040.000         1027.858         - 12.142
16      08     1040.000         1026.565         - 13.435
16      09     1040.000          981.612         - 58.388
16      10     1040.000          905.707         -134.293
16      11     1040.000          939.089         -100.911
16      12     1040.000          896.566         -143.434
16      13     1040.000          907.654         -132.346
16      14     1040.000          883.354         -156.646
16      15     1040.000          892.920         -147.080
16      16     1040.000          901.939         -138.061
16      17     1040.000          933.343         -106.657
16      18     1040.000          901.939         -138.061
16      19     1040.000          864.393         -175.607
16      20     1040.000          842.351         -197.649
16      21     1040.000          900.720         -139.280
16      22     1040.000          884.637         -155.363
16      23     1040.000          938.591         -101.409
16      24     1040.000          928.015         -111.985
16      25     1040.000          960.770         - 79.230
16      26     1040.000          957.330         - 82.670
16      27     1040.000          930.815         -109.185
16      28     1040.000          915.400         -124.600
16      29     1040.000          957.708         - 82.292
16      30     1040.000         1050.000         + 10.000
16      31     1040.000         1050.000         + 10.000
16      32     1040.000         1041.012         +  1.012
16      33     1040.000         1046.089         +  6.089
16      34     1040.000         1025.185         - 14.815
16      35     1040.000         1031.830         -  8.170
16      36     1040.000         1028.401         - 11.599
16      37     1040.000         1050.000         + 10.000
16      38     1040.000         1032.605         -  7.395
16      39     1040.000         1021.352         - 18.648
17      00     1040.000          998.340         - 41.660
17      01     1040.000         1028.754         - 11.246
17      02     1040.000         1028.769         - 11.231
17      03     1040.000         1006.011         - 33.989
17      04     1040.000         1025.271         - 14.729
17      05     1040.000         1027.581         - 12.419
17      06     1040.000         1026.218         - 13.782
17      07     1040.000         1031.694         -  8.306
17      08     1040.000         1026.189         - 13.811
17      09     1040.000         1001.027         - 38.973
17      10     1040.000          842.982         -197.018
17      11     1040.000          939.310         -100.690
17      12     1040.000          939.264         -100.736
17      13     1040.000          883.418         -156.582
17      14     1040.000          961.449         - 78.551
17      15     1040.000          889.070         -150.930
17      16     1040.000          902.459         -137.541
17      17     1040.000          907.626         -132.374
17      18     1040.000          847.522         -192.478
17      19     1040.000          863.701         -176.299
17      20     1040.000          901.939         -138.061
17      21     1040.000          939.271         -100.729
17      22     1040.000          903.118         -136.882
17      23     1040.000          895.191         -144.809
17      24     1040.000          850.049         -189.951
17      25     1040.000          902.840         -137.160
17      26     1040.000          901.939         -138.061
17      27     1040.000          857.322         -182.678
17      28     1040.000          927.011         -112.989
17      29     1040.000          881.198         -158.802
17      30     1040.000         1050.000         + 10.000
17      31     1040.000         1033.002         -  6.998
17      32     1040.000         1049.866         +  9.866
17      33     1040.000         1049.020         +  9.020
17      34     1040.000         1005.867         - 34.133
17      35     1040.000         1044.845         +  4.845
17      36     1040.000         1025.314         - 14.686
17      37     1040.000         1014.858         - 25.142
17      38     1040.000         1022.434         - 17.566
17      39     1040.000         1036.227         -  3.773
18      00     1040.000         1017.044         - 22.956
18      01     1040.000         1023.077         - 16.923
18      02     1040.000         1017.992         - 22.008
18      03     1040.000         1028.665         - 11.335
18      04     1040.000          978.507         - 61.493
18      05     1040.000         1022.839         - 17.161
18      06     1040.000         1032.590         -  7.410
18      07     1040.000         1014.832         - 25.168
18      08     1040.000         1025.787         - 14.213
18      09     1040.000         1016.157         - 23.843
18      10     1040.000          898.669         -141.331
18      11     1040.000          901.939         -138.061
18      12     1040.000          858.619         -181.381
18      13     1040.000          931.717         -108.283
18      14     1040.000          901.939         -138.061
18      15     1040.000          834.949         -205.051
18      16     1040.000          952.971         - 87.029
18      17     1040.000          895.457         -144.543
18      18     1040.000          877.269         -162.731
18      19     1040.000          859.934         -180.066
18      20     1040.000          946.040         - 93.960
18      21     1040.000          929.441         -110.559
18      22     1040.000          840.485         -199.515
18      23     1040.000          882.706         -157.294
18      24     1040.000          940.683         - 99.317
18      25     1040.000          932.627         -107.373
18      26     1040.000          917.487         -122.513
18      27     1040.000          900.213         -139.787
18      28     1040.000          931.319         -108.681
18      29     1040.000          901.939         -138.061
18      30     1040.000         1029.345         - 10.655
18      31     1040.000         1035.835         -  4.165
18      32     1040.000         1034.774         -  5.226
18      33     1040.000         1035.976         -  4.024
18      34     1040.000         1050.000         + 10.000
18      35     1040.000         1025.071         - 14.929
18      36     1040.000         1022.783         - 17.217
18      37     1040.000         1004.444         - 35.556
18      38     1040.000         1050.000         + 10.000
18      39     1040.000         1050.000         + 10.000
19      00     1040.000          983.877         - 56.123
19      01     1040.000         1006.700         - 33.300
19      02     1040.000         1022.281         - 17.719
19      03     1040.000          996.047         - 43.953
19      04     1040.000         1034.727         -  5.273
19      05     1040.000         1024.929         - 15.071
19      06     1040.000         1029.404         - 10.596
19      07     1040.000         1008.066         - 31.934
19      08     1040.000         1035.397         -  4.603
19      09     1040.000         1018.152         - 21.848
19      10     1040.000          901.939         -138.061
19      11     1040.000          884.392         -155.608
19      12     1040.000          904.923         -135.077
19      13     1040.000          896.020         -143.980
19      14     1040.000          903.319         -136.681
19      15     1040.000          901.489         -138.511
19      16     1040.000          871.181         -168.819
19      17     1040.000          901.939         -138.061
19      18     1040.000          851.944         -188.056
19      21     1040.000          895.872         -144.128
19      22     1040.000          901.939         -138.061
19      23     1040.000          874.351         -165.649
19      24     1040.000          925.050         -114.950
19      25     1040.000          909.490         -130.510
19      26     1040.000          861.461         -178.539
19      27     1040.000          901.939         -138.061
19      28     1040.000          862.439         -177.561
19      29     1040.000          901.921         -138.079
19      30     1040.000         1038.820         -  1.180
19      31     1040.000          983.208         - 56.792
19      32     1040.000         1050.000         + 10.000
19      33     1040.000         1035.085         -  4.915
19      34     1040.000         1050.000         + 10.000
19      35     1040.000         1034.263         -  5.737
19      36     1040.000         1027.961         - 12.039
19      37     1040.000         1034.541         -  5.459
19      38     1040.000         1033.124         -  6.876
19      39     1040.000         1047.588         +  7.588
20      00     1040.000         1025.959         - 14.041
20      01     1040.000         1028.665         - 11.335
20      02     1040.000         1027.464         - 12.536
20      03     1040.000         1033.201         -  6.799
20      04     1040.000         1035.366         -  4.634
20      05     1040.000         1030.237         -  9.763
20      06     1040.000         1025.185         - 14.815
20      07     1040.000         1023.133         - 16.867
20      08     1040.000         1041.868         +  1.868
20      09     1040.000         1023.681         - 16.319
20      10     1040.000          893.312         -146.688
20      11     1040.000          899.076         -140.924
20      12     1040.000          862.635         -177.365
20      13     1040.000          909.000         -131.000
20      14     1040.000          959.385         - 80.615
20      15     1040.000          847.522         -192.478
20      16     1040.000          923.015         -116.985
20      17     1040.000          901.939         -138.061
20      18     1040.000          859.940         -180.060
20      21     1040.000          927.764         -112.236
20      22     1040.000          901.939         -138.061
20      23     1040.000          838.654         -201.346
20      24     1040.000          936.958         -103.042
20      25     1040.000          913.011         -126.989
20      26     1040.000          965.750         - 74.250
20      27     1040.000          912.504         -127.496
20      28     1040.000          898.669         -141.331
20      29     1040.000          870.753         -169.247
20      30     1040.000         1009.798         - 30.202
20      31     1040.000         1018.893         - 21.107
20      32     1040.000         1026.521         - 13.479
20      33     1040.000         1015.630         - 24.370
20      34     1040.000         1029.716         - 10.284
20      35     1040.000         1019.462         - 20.538
20      36     1040.000         1033.369         -  6.631
20      37     1040.000          989.337         - 50.663
20      38     1040.000         1034.062         -  5.938
20      39     1040.000         1040.766         +  0.766
21      00     1040.000          997.455         - 42.545
21      01     1040.000         1022.504         - 17.496
21      02     1040.000         1020.499         - 19.501
21      03     1040.000         1031.845         -  8.155
21      04     1040.000         1048.441         +  8.441
21      05     1040.000          974.064         - 65.936
21      06     1040.000          996.434         - 43.566
21      07     1040.000         1026.362         - 13.638
21      08     1040.000         1028.548         - 11.452
21      09     1040.000         1008.682         - 31.318
21      10     1040.000          964.325         - 75.675
21      11     1040.000          901.939         -138.061
21      12     1040.000          901.939         -138.061
21      13     1040.000          933.490         -106.510
21      14     1040.000          938.224         -101.776
21      15     1040.000          866.197         -173.803
21      16     1040.000          901.939         -138.061
21      17     1040.000          931.669         -108.331
21      18     1040.000          938.856         -101.144
21      19     1040.000          829.727         -210.273
21      20     1040.000          862.222         -177.778
21      21     1040.000          898.752         -141.248
21      22     1040.000          901.939         -138.061
21      23     1040.000          920.054         -119.946
21      24     1040.000          867.009         -172.991
21      25     1040.000          963.947         - 76.053
21      26     1040.000          901.265         -138.735
21      27     1040.000          851.963         -188.037
21      28     1040.000          901.943         -138.057
21      29     1040.000          901.939         -138.061
21      30     1040.000         1026.233         - 13.767
21      31     1040.000         1024.091         - 15.909
21      32     1040.000         1037.254         -  2.746
21      33     1040.000         1037.016         -  2.984
21      34     1040.000         1032.620         -  7.380
21      35     1040.000         1030.596         -  9.404
21      36     1040.000         1018.005         - 21.995
21      37     1040.000         1029.167         - 10.833
21      38     1040.000         1011.785         - 28.215
21      39     1040.000         1024.857         - 15.143
22      00     1040.000         1022.587         - 17.413
22      01     1040.000         1022.741         - 17.259
22      02     1040.000         1024.289         - 15.711
22      03     1040.000         1024.020         - 15.980
22      04     1040.000         1022.448         - 17.552
22      05     1040.000         1014.898         - 25.102
22      06     1040.000         1031.407         -  8.593
22      07     1040.000          951.246         - 88.754
22      08     1040.000         1024.772         - 15.228
22      09     1040.000          996.445         - 43.555
22      10     1040.000          891.989         -148.011
22      11     1040.000          901.939         -138.061
22      12     1040.000          931.452         -108.548
22      13     1040.000          866.605         -173.395
22      14     1040.000          928.992         -111.008
22      15     1040.000          875.808         -164.192
22      16     1040.000          860.887         -179.113
22      17     1040.000          896.029         -143.971
22      18     1040.000          869.270         -170.730
22      19     1040.000          940.414         - 99.586
22      20     1040.000          898.508         -141.492
22      21     1040.000          872.394         -167.606
22      22     1040.000          879.883         -160.117
22      23     1040.000          958.876         - 81.124
22      24     1040.000          954.560         - 85.440
22      25     1040.000          915.963         -124.037
22      26     1040.000          952.197         - 87.803
22      27     1040.000          851.596         -188.404
22      28     1040.000          915.467         -124.533
22      29     1040.000          936.148         -103.852
22      30     1040.000         1027.610         - 12.390
22      31     1040.000         1034.263         -  5.737
22      32     1040.000         1034.124         -  5.876
22      33     1040.000         1029.300         - 10.700
22      34     1040.000         1030.521         -  9.479
22      35     1040.000         1007.284         - 32.716
22      36     1040.000         1022.727         - 17.273
22      37     1040.000         1021.117         - 18.883
22      38     1040.000         1023.710         - 16.290
22      39     1040.000         1034.852         -  5.148
23      00     1040.000         1050.000         + 10.000
23      01     1040.000         1029.286         - 10.714
23      02     1040.000         1041.554         +  1.554
23      03     1040.000         1017.243         - 22.757
23      04     1040.000         1011.886         - 28.114
23      05     1040.000         1026.840         - 13.160
23      06     1040.000         1028.166         - 11.834
23      07     1040.000         1006.700         - 33.300
23      08     1040.000         1024.829         - 15.171
23      09     1040.000          966.546         - 73.454
23      10     1040.000          884.060         -155.940
23      11     1040.000          901.939         -138.061
23      12     1040.000          943.311         - 96.689
23      13     1040.000          970.833         - 69.167
23      14     1040.000          901.939         -138.061
23      15     1040.000          958.057         - 81.943
23      16     1040.000          889.638         -150.362
23      17     1040.000          901.939         -138.061
23      18     1040.000          901.939         -138.061
23      19     1040.000          855.125         -184.875
23      20     1040.000          876.646         -163.354
23      21     1040.000          884.914         -155.086
23      22     1040.000          890.934         -149.066
23      23     1040.000          901.939         -138.061
23      24     1040.000          903.998         -136.002
23      25     1040.000          871.821         -168.179
23      26     1040.000          882.205         -157.795
23      27     1040.000          901.939         -138.061
23      28     1040.000          889.510         -150.490
23      29     1040.000          931.452         -108.548
23      30     1040.000         1022.225         - 17.775
23      31     1040.000         1050.000         + 10.000
23      32     1040.000         1031.076         -  8.924
23      33     1040.000         1031.679         -  8.321
23      34     1040.000         1021.781         - 18.219
23      35     1040.000         1026.334         - 13.666
23      36     1040.000         1037.683         -  2.317
23      37     1040.000         1020.581         - 19.419
23      38     1040.000         1023.822         - 16.178
23      39     1040.000         1050.000         + 10.000
24      00     1040.000         1020.609         - 19.391
24      01     1040.000         1006.809         - 33.191
24      02     1040.000         1006.676         - 33.324
24      03     1040.000         1024.701         - 15.299
24      04     1040.000         1026.521         - 13.479
24      05     1040.000         1024.162         - 15.838
24      06     1040.000         1024.672         - 15.328
24      07     1040.000         1035.288         -  4.712
24      08     1040.000         1023.231         - 16.769
24      09     1040.000         1026.854         - 13.146
24      10     1040.000          879.382         -160.618
24      11     1040.000          878.411         -161.589
24      12     1040.000          901.930         -138.070
24      13     1040.000          932.676         -107.324
24      14     1040.000          901.943         -138.057
24      15     1040.000          890.611         -149.389
24      16     1040.000          856.588         -183.412
24      17     1040.000          941.060         - 98.940
24      18     1040.000          901.368         -138.632
24      19     1040.000          897.934         -142.066
24      20     1040.000          903.109         -136.891
24      21     1040.000          901.943         -138.057
24      22     1040.000          890.897         -149.103
24      23     1040.000          901.943         -138.057
24      24     1040.000          901.939         -138.061
24      25     1040.000          857.872         -182.128
24      26     1040.000          959.913         - 80.087
24      27     1040.000          900.209         -139.791
24      28     1040.000          960.635         - 79.365
24      29     1040.000          901.939         -138.061
24      30     1040.000         1030.297         -  9.703
24      31     1040.000         1025.357         - 14.643
24      32     1040.000         1028.828         - 11.172
24      33     1040.000         1006.011         - 33.989
24      34     1040.000         1026.262         - 13.738
24      35     1040.000         1035.366         -  4.634
24      36     1040.000         1027.508         - 12.492
24      37     1040.000         1027.552         - 12.448
24      38     1040.000         1050.000         + 10.000
24      39     1040.000         1027.319         - 12.681
25      00     1040.000          993.048         - 46.952
25      01     1040.000         1050.000         + 10.000
25      02     1040.000          992.812         - 47.188
25      03     1040.000         1018.018         - 21.982
25      04     1040.000         1020.061         - 19.939
25      05     1040.000         1034.309         -  5.691
25      06     1040.000         1012.434         - 27.566
25      07     1040.000         1012.090         - 27.910
25      08     1040.000         1038.098         -  1.902
25      09     1040.000         1033.216         -  6.784
25      10     1040.000          837.154         -202.846
25      11     1040.000          901.939         -138.061
25      12     1040.000          902.522         -137.478
25      13     1040.000          897.476         -142.524
25      14     1040.000          901.939         -138.061
25      15     1040.000          898.787         -141.213
25      16     1040.000          889.339         -150.661
25      17     1040.000          881.999         -158.001
25      18     1040.000          901.939         -138.061
25      19     1040.000          882.220         -157.780
25      20     1040.000          894.376         -145.624
25      21     1040.000          886.782         -153.218
25      22     1040.000          901.651         -138.349
25      23     1040.000          851.944         -188.056
25      24     1040.000          836.417         -203.583
25      25     1040.000          953.446         - 86.554
25      26     1040.000          889.379         -150.621
25      27     1040.000          867.006         -172.994
25      28     1040.000          901.939         -138.061
25      29     1040.000          933.940         -106.060
25      30     1040.000         1012.920         - 27.080
25      31     1040.000         1013.446         - 26.554
25      32     1040.000         1017.750         - 22.250
25      33     1040.000         1016.632         - 23.368
25      34     1040.000         1012.128         - 27.872
25      35     1040.000         1043.715         +  3.715
25      36     1040.000          993.682         - 46.318
25      37     1040.000         1034.572         -  5.428
25      38     1040.000         1047.346         +  7.346
25      39     1040.000         1023.724         - 16.276
26      00     1040.000         1011.405         - 28.595
26      01     1040.000         1026.391         - 13.609
26      02     1040.000          979.119         - 60.881
26      03     1040.000         1013.640         - 26.360
26      04     1040.000         1026.492         - 13.508
26      05     1040.000         1025.543         - 14.457
26      06     1040.000          985.117         - 54.883
26      07     1040.000         1026.724         - 13.276
26      08     1040.000         1026.724         - 13.276
26      09     1040.000          998.116         - 41.884
26      10     1040.000          857.884         -182.116
26      11     1040.000          954.050         - 85.950
26      12     1040.000          901.939         -138.061
26      13     1040.000          897.024         -142.976
26      14     1040.000          838.448         -201.552
26      15     1040.000          901.642         -138.358
26      16     1040.000          892.206         -147.794
26      17     1040.000          888.899         -151.101
26      18     1040.000          901.939         -138.061
26      19     1040.000          961.810         - 78.190
26      20     1040.000          891.452         -148.548
26      21     1040.000          843.949         -196.051
26      22     1040.000          956.401         - 83.599
26      23     1040.000          901.939         -138.061
26      24     1040.000          895.128         -144.872
26      25     1040.000          944.124         - 95.876
26      26     1040.000          898.508         -141.492
26      27     1040.000          956.118         - 83.882
26      28     1040.000          975.215         - 64.785
26      29     1040.000          956.202         - 83.798
26      30     1040.000         1031.106         -  8.894
26      31     1040.000          986.129         - 53.871
26      32     1040.000         1037.492         -  2.508
26      33     1040.000         1021.393         - 18.607
26      34     1040.000         1020.376         - 19.624
26      35     1040.000         1028.518         - 11.482
26      36     1040.000         1038.434         -  1.566
26      37     1040.000         1026.738         - 13.262
26      38     1040.000         1034.108         -  5.892
26      39     1040.000         1035.101         -  4.899
27      00     1040.000         1027.159         - 12.841
27      01     1040.000         1018.880         - 21.120
27      02     1040.000         1021.407         - 18.593
27      03     1040.000         1017.644         - 22.356
27      04     1040.000         1028.430         - 11.570
27      05     1040.000         1007.723         - 32.277
27      06     1040.000         1032.605         -  7.395
27      07     1040.000         1026.550         - 13.450
27      08     1040.000         1025.157         - 14.843
27      09     1040.000         1024.544         - 15.456
27      10     1040.000          844.883         -195.117
27      11     1040.000          836.559         -203.441
27      12     1040.000          964.721         - 75.279
27      13     1040.000          882.929         -157.071
27      14     1040.000          834.086         -205.914
27      15     1040.000          971.914         - 68.086
27      16     1040.000          872.678         -167.322
27      17     1040.000          851.079         -188.921
27      18     1040.000          901.939         -138.061
27      19     1040.000          858.249         -181.751
27      20     1040.000          859.746         -180.254
27      21     1040.000          901.651         -138.349
27      22     1040.000          841.569         -198.431
27      23     1040.000          954.057         - 85.943
27      24     1040.000          878.428         -161.572
27      25     1040.000          964.630         - 75.370
27      26     1040.000          862.632         -177.368
27      27     1040.000          901.939         -138.061
27      28     1040.000          905.193         -134.807
27      29     1040.000          940.901         - 99.099
27      30     1040.000          977.396         - 62.604
27      31     1040.000         1030.551         -  9.449
27      32     1040.000         1018.341         - 21.659
27      33     1040.000         1033.415         -  6.585
27      34     1040.000         1024.417         - 15.583
27      35     1040.000         1004.337         - 35.663
27      36     1040.000         1014.950         - 25.050
27      37     1040.000         1029.300         - 10.700
27      38     1040.000         1024.815         - 15.185
27      39     1040.000         1025.428         - 14.572
28      00     1040.000         1040.098         +  0.098
28      01     1040.000         1027.072         - 12.928
28      02     1040.000          994.798         - 45.202
28      03     1040.000         1014.858         - 25.142
28      04     1040.000          983.837         - 56.163
28      05     1040.000         1030.073         -  9.927
28      06     1040.000         1012.856         - 27.144
28      07     1040.000         1021.531         - 18.469
28      08     1040.000         1036.290         -  3.710
28      09     1040.000         1034.154         -  5.846
28      10     1040.000          864.791         -175.209
28      11     1040.000          862.234         -177.766
28      12     1040.000          942.584         - 97.416
28      13     1040.000          872.467         -167.533
28      14     1040.000          925.829         -114.171
28      15     1040.000          901.939         -138.061
28      16     1040.000          948.303         - 91.697
28      17     1040.000          925.778         -114.222
28      18     1040.000          939.694         -100.306
28      19     1040.000          901.939         -138.061
28      20     1040.000          886.103         -153.897
28      21     1040.000          901.939         -138.061
28      22     1040.000          901.943         -138.057
28      23     1040.000          958.384         - 81.616
28      24     1040.000          901.939         -138.061
28      25     1040.000          969.175         - 70.825
28      26     1040.000          936.394         -103.606
28      27     1040.000          842.268         -197.732
28      28     1040.000          955.495         - 84.505
28      29     1040.000          933.073         -106.927
28      30     1040.000         1030.911         -  9.089
28      31     1040.000         1024.403         - 15.597
28      32     1040.000         1009.127         - 30.873
28      33     1040.000         1003.733         - 36.267
28      34     1040.000         1036.337         -  3.663
28      35     1040.000         1044.085         +  4.085
28      36     1040.000         1028.107         - 11.893
28      37     1040.000         1030.371         -  9.629
28      38     1040.000         1030.821         -  9.179
28      39     1040.000         1038.338         -  1.662
29      00     1040.000         1037.954         -  2.046
29      01     1040.000         1024.388         - 15.612
29      02     1040.000         1037.302         -  2.698
29      03     1040.000         1027.014         - 12.986
29      04     1040.000         1025.371         - 14.629
29      05     1040.000         1024.388         - 15.612
29      06     1040.000         1012.026         - 27.974
29      07     1040.000         1021.850         - 18.150
29      08     1040.000         1031.181         -  8.819
29      09     1040.000         1029.954         - 10.046
29      10     1040.000          839.875         -200.125
29      11     1040.000          882.657         -157.343
29      12     1040.000          901.939         -138.061
29      13     1040.000          932.020         -107.980
29      14     1040.000          919.549         -120.451
29      15     1040.000          827.423         -212.577
29      16     1040.000          891.383         -148.617
29      17     1040.000          885.097         -154.903
29      18     1040.000          895.931         -144.069
29      19     1040.000          914.456         -125.544
29      20     1040.000          942.638         - 97.362
29      21     1040.000          948.586         - 91.414
29      22     1040.000          972.516         - 67.484
29      23     1040.000          948.444         - 91.556
29      24     1040.000          957.747         - 82.253
29      25     1040.000          921.297         -118.703
29      26     1040.000          935.940         -104.060
29      27     1040.000          865.594         -174.406
29      28     1040.000          941.636         - 98.364
29      29     1040.000          864.600         -175.400
29      30     1040.000         1050.000         + 10.000
29      31     1040.000         1035.147         -  4.853
29      32     1040.000         1021.379         - 18.621
29      33     1040.000         1029.434         - 10.566
29      34     1040.000         1035.303         -  4.697
29      35     1040.000         1044.338         +  4.338
29      36     1040.000         1035.397         -  4.603
29      37     1040.000         1025.228         - 14.772
29      38     1040.000         1026.724         - 13.276
29      39     1040.000         1037.699         -  2.301
30      00     1040.000         1017.084         - 22.916
30      01     1040.000          994.929         - 45.071
30      02     1040.000         1028.754         - 11.246
30      03     1040.000         1025.557         - 14.443
30      04     1040.000         1029.286         - 10.714
30      05     1040.000         1026.464         - 13.536
30      06     1040.000         1033.630         -  6.370
30      07     1040.000         1027.319         - 12.681
30      08     1040.000         1027.625         - 12.375
30      09     1040.000         1029.271         - 10.729
30      10     1040.000         1013.691         - 26.309
30      11     1040.000         1027.421         - 12.579
30      12     1040.000         1035.678         -  4.322
30      13     1040.000         1030.896         -  9.104
30      14     1040.000          983.817         - 56.183
30      15     1040.000         1021.822         - 18.178
30      16     1040.000          979.849         - 60.151
30      17     1040.000         1025.242         - 14.758
30      18     1040.000         1034.883         -  5.117
30      19     1040.000          984.639         - 55.361
30      20     1040.000         1026.594         - 13.406
30      21     1040.000         1008.608         - 31.392
30      22     1040.000         1027.101         - 12.899
30      23     1040.000         1033.630         -  6.370
30      24     1040.000          976.378         - 63.622
30      25     1040.000         1027.610         - 12.390
30      26     1040.000         1026.218         - 13.782
30      27     1040.000         1021.656         - 18.344
30      28     1040.000         1013.356         - 26.644
30      29     1040.000         1035.945         -  4.055
30      30     1040.000         1033.139         -  6.861
30      31     1040.000         1042.430         +  2.430
30      32     1040.000         1050.000         + 10.000
30      33     1040.000         1002.209         - 37.791
30      34     1040.000         1033.815         -  6.185
30      35     1040.000         1006.846         - 33.154
30      36     1040.000         1029.300         - 10.700
30      37     1040.000         1015.630         - 24.370
30      38     1040.000         1027.742         - 12.258
30      39     1040.000         1027.888         - 12.112
31      00     1040.000         1029.508         - 10.492
31      01     1040.000          996.257         - 43.743
31      02     1040.000          995.443         - 44.557
31      03     1040.000         1019.788         - 20.212
31      04     1040.000         1027.669         - 12.331
31      05     1040.000         1034.046         -  5.954
31      06     1040.000         1035.506         -  4.494
31      07     1040.000          975.179         - 64.821
31      08     1040.000         1030.701         -  9.299
31      09     1040.000         1029.597         - 10.403
31      10     1040.000         1033.231         -  6.769
31      11     1040.000         1023.386         - 16.614
31      12     1040.000         1030.581         -  9.419
31      13     1040.000         1028.857         - 11.143
31      14     1040.000         1040.211         +  0.211
31      15     1040.000         1025.457         - 14.543
31      16     1040.000         1031.001         -  8.999
31      17     1040.000         1036.558         -  3.442
31      18     1040.000         1014.196         - 25.804
31      19     1040.000         1031.181         -  8.819
31      20     1040.000         1029.523         - 10.477
31      21     1040.000         1028.386         - 11.614
31      22     1040.000         1029.078         - 10.922
31      23     1040.000         1030.581         -  9.419
31      24     1040.000         1031.755         -  8.245
31      25     1040.000         1011.253         - 28.747
31      26     1040.000         1024.488         - 15.512
31      27     1040.000         1034.031         -  5.969
31      28     1040.000         1033.954         -  6.046
31      29     1040.000         1022.448         - 17.552
31      30     1040.000         1050.000         + 10.000
31      31     1040.000         1039.546         -  0.454
31      32     1040.000         1044.524         +  4.524
31      33     1040.000         1025.959         - 14.041
31      34     1040.000         1031.377         -  8.623
31      35     1040.000         1029.983         - 10.017
31      36     1040.000         1040.554         +  0.554
31      37     1040.000         1034.634         -  5.366
31      38     1040.000         1012.932         - 27.068
31      39     1040.000         1027.654         - 12.346
32      00     1040.000         1031.287         -  8.713
32      01     1040.000         1017.203         - 22.797
32      02     1040.000         1031.634         -  8.366
32      03     1040.000         1021.822         - 18.178
32      04     1040.000         1018.462         - 21.538
32      05     1040.000         1017.443         - 22.557
32      06     1040.000          998.667         - 41.333
32      07     1040.000         1034.324         -  5.676
32      08     1040.000         1036.969         -  3.031
32      09     1040.000         1031.785         -  8.215
32      10     1040.000         1023.766         - 16.234
32      11     1040.000         1025.672         - 14.328
32      12     1040.000          976.102         - 63.898
32      13     1040.000         1035.631         -  4.369
32      14     1040.000         1025.171         - 14.829
32      15     1040.000         1025.787         - 14.213
32      16     1040.000         1025.672         - 14.328
32      17     1040.000         1032.635         -  7.365
32      18     1040.000         1024.388         - 15.612
32      19     1040.000         1021.490         - 18.510
32      20     1040.000         1027.698         - 12.302
32      21     1040.000         1024.332         - 15.668
32      22     1040.000         1038.675         -  1.325
32      23     1040.000         1025.686         - 14.314
32      24     1040.000         1009.449         - 30.551
32      25     1040.000         1027.698         - 12.302
32      26     1040.000         1025.314         - 14.686
32      27     1040.000         1035.147         -  4.853
32      28     1040.000         1031.031         -  8.969
32      29     1040.000         1027.727         - 12.273
32      30     1040.000         1027.581         - 12.419
32      31     1040.000         1026.999         - 13.001
32      32     1040.000         1050.000         + 10.000
32      33     1040.000         1007.320         - 32.680
32      34     1040.000         1026.189         - 13.811
32      35     1040.000         1033.063         -  6.937
32      36     1040.000         1028.577         - 11.423
32      37     1040.000         1031.619         -  8.381
32      38     1040.000          981.034         - 58.966
32      39     1040.000         1037.191         -  2.809
33      00     1040.000         1021.905         - 18.095
33      01     1040.000         1028.474         - 11.526
33      02     1040.000         1020.925         - 19.075
33      03     1040.000          983.139         - 56.861
33      04     1040.000          961.995         - 78.005
33      05     1040.000         1030.446         -  9.554
33      06     1040.000         1032.605         -  7.395
33      07     1040.000         1018.421         - 21.579
33      08     1040.000         1027.188         - 12.812
33      09     1040.000         1027.581         - 12.419
33      10     1040.000         1038.499         -  1.501
33      11     1040.000         1016.672         - 23.328
33      12     1040.000         1025.916         - 14.084
33      13     1040.000         1026.912         - 13.088
33      14     1040.000         1014.728         - 25.272
33      15     1040.000         1013.189         - 26.811
33      16     1040.000         1039.320         -  0.680
33      17     1040.000         1035.085         -  4.915
33      18     1040.000         1030.013         -  9.987
33      19     1040.000         1017.030         - 22.970
33      20     1040.000         1042.132         +  2.132
33      21     1040.000         1031.558         -  8.442
33      22     1040.000         1026.204         - 13.796
33      23     1040.000         1019.693         - 20.307
33      24     1040.000         1033.877         -  6.123
33      25     1040.000         1027.902         - 12.098
33      26     1040.000         1029.123         - 10.877
33      27     1040.000         1037.524         -  2.476
33      28     1040.000         1037.334         -  2.666
33      29     1040.000         1032.757         -  7.243
33      30     1040.000         1020.787         - 19.213
33      31     1040.000         1010.976         - 29.024
33      32     1040.000         1050.000         + 10.000
33      33     1040.000         1023.147         - 16.853
33      34     1040.000          999.710         - 40.290
33      35     1040.000         1010.825         - 29.175
33      36     1040.000         1029.448         - 10.552
33      37     1040.000         1011.001         - 28.999
33      38     1040.000         1018.045         - 21.955
33      39     1040.000         1019.666         - 20.334
34      00     1040.000         1008.879         - 31.121
34      01     1040.000         1023.161         - 16.839
34      02     1040.000         1032.559         -  7.441
34      03     1040.000          985.426         - 54.574
34      04     1040.000         1024.687         - 15.313
34      05     1040.000         1034.154         -  5.846
34      06     1040.000         1032.012         -  7.988
34      07     1040.000         1008.300         - 31.700
34      08     1040.000         1022.364         - 17.636
34      09     1040.000         1031.407         -  8.593
34      10     1040.000         1015.538         - 24.462
34      11     1040.000         1027.800         - 12.200
34      12     1040.000         1023.851         - 16.149
34      13     1040.000         1025.629         - 14.371
34      14     1040.000         1034.170         -  5.830
34      15     1040.000         1035.506         -  4.494
34      16     1040.000         1024.957         - 15.043
34      17     1040.000         1006.555         - 33.445
34      18     1040.000         1028.283         - 11.717
34      19     1040.000         1022.965         - 17.035
34      20     1040.000         1016.646         - 23.354
34      21     1040.000         1041.176         +  1.176
34      22     1040.000         1030.776         -  9.224
34      23     1040.000         1033.646         -  6.354
34      24     1040.000          977.052         - 62.948
34      25     1040.000         1030.506         -  9.494
34      26     1040.000         1017.951         - 22.049
34      27     1040.000         1028.916         - 11.084
34      28     1040.000         1050.000         + 10.000
34      29     1040.000         1026.464         - 13.536
34      30     1040.000         1008.805         - 31.195
34      31     1040.000         1009.524         - 30.476
34      32     1040.000         1014.950         - 25.050
34      33     1040.000         1029.597         - 10.403
34      34     1040.000         1019.421         - 20.579
34      35     1040.000         1015.237         - 24.763
34      36     1040.000         1050.000         + 10.000
34      37     1040.000         1026.811         - 13.189
34      38     1040.000         1043.799         +  3.799
34      39     1040.000         1039.578         -  0.422
35      00     1040.000          998.577         - 41.423
35      01     1040.000          998.814         - 41.186
35      02     1040.000          995.542         - 44.458
35      03     1040.000          997.389         - 42.611
35      04     1040.000         1024.559         - 15.441
35      05     1040.000         1010.649         - 29.351
35      06     1040.000         1021.145         - 18.855
35      07     1040.000         1027.712         - 12.288
35      08     1040.000         1031.997         -  8.003
35      09     1040.000         1033.892         -  6.108
35      10     1040.000         1034.510         -  5.490
35      11     1040.000          970.396         - 69.604
35      12     1040.000         1035.444         -  4.556
35      13     1040.000          995.739         - 44.261
35      14     1040.000         1027.319         - 12.681
35      15     1040.000         1031.634         -  8.366
35      16     1040.000         1030.401         -  9.599
35      17     1040.000         1012.689         - 27.311
35      18     1040.000         1040.652         +  0.652
35      19     1040.000         1029.256         - 10.744
35      20     1040.000         1020.389         - 19.611
35      21     1040.000         1035.741         -  4.259
35      22     1040.000         1011.443         - 28.557
35      23     1040.000         1017.804         - 22.196
35      24     1040.000         1017.951         - 22.049
35      25     1040.000         1044.372         +  4.372
35      26     1040.000         1016.275         - 23.725
35      27     1040.000         1028.049         - 11.951
35      28     1040.000         1027.072         - 12.928
35      29     1040.000         1021.642         - 18.358
35      30     1040.000         1016.685         - 23.315
35      31     1040.000         1028.151         - 11.849
35      32     1040.000         1013.240         - 26.760
35      33     1040.000         1028.283         - 11.717
35      34     1040.000         1028.357         - 11.643
35      35     1040.000         1033.569         -  6.431
35      36     1040.000         1038.050         -  1.950
35      37     1040.000         1032.727         -  7.273
35      38     1040.000         1034.294         -  5.706
35      39     1040.000         1028.621         - 11.379
36      00     1040.000          994.929         - 45.071
36      01     1040.000         1007.846         - 32.154
36      02     1040.000         1027.917         - 12.083
36      03     1040.000         1003.015         - 36.985
36      04     1040.000         1008.116         - 31.884
36      05     1040.000         1003.839         - 36.161
36      06     1040.000         1027.523         - 12.477
36      07     1040.000         1006.797         - 33.203
36      08     1040.000         1023.302         - 16.698
36      09     1040.000         1022.100         - 17.900
36      10     1040.000         1011.190         - 28.810
36      11     1040.000         1030.941         -  9.059
36      12     1040.000          959.142         - 80.858
36      13     1040.000         1035.023         -  4.977
36      14     1040.000         1024.048         - 15.952
36      15     1040.000         1006.192         - 33.808
36      16     1040.000         1028.769         - 11.231
36      17     1040.000         1050.000         + 10.000
36      18     1040.000         1008.608         - 31.392
36      19     1040.000         1024.105         - 15.895
36      20     1040.000         1035.023         -  4.977
36      21     1040.000         1007.895         - 32.105
36      22     1040.000         1030.103         -  9.897
36      23     1040.000         1035.756         -  4.244
36      24     1040.000         1010.774         - 29.226
36      25     1040.000         1018.126         - 21.874
36      26     1040.000         1006.289         - 33.711
36      27     1040.000         1022.058         - 17.942
36      28     1040.000         1003.086         - 36.914
36      29     1040.000         1029.909         - 10.091
36      30     1040.000         1014.963         - 25.037
36      31     1040.000         1026.348         - 13.652
36      32     1040.000         1034.093         -  5.907
36      33     1040.000         1021.159         - 18.841
36      34     1040.000         1012.676         - 27.324
36      35     1040.000         1050.000         + 10.000
36      36     1040.000         1021.559         - 18.441
36      37     1040.000         1019.802         - 20.198
36      38     1040.000          945.812         - 94.188
36      39     1040.000         1026.492         - 13.508
37      00     1040.000         1011.531         - 28.469
37      01     1040.000         1029.523         - 10.477
37      02     1040.000         1014.637         - 25.363
37      03     1040.000         1033.048         -  6.952
37      04     1040.000         1026.883         - 13.117
37      05     1040.000         1025.343         - 14.657
37      06     1040.000         1033.216         -  6.784
37      07     1040.000         1021.725         - 18.275
37      08     1040.000         1012.064         - 27.936
37      09     1040.000         1027.421         - 12.579
37      10     1040.000          980.239         - 59.761
37      11     1040.000         1050.000         + 10.000
37      12     1040.000         1023.035         - 16.965
37      13     1040.000         1017.243         - 22.757
37      14     1040.000         1026.204         - 13.796
37      15     1040.000         1030.312         -  9.688
37      16     1040.000         1032.133         -  7.867
37      17     1040.000         1033.954         -  6.046
37      18     1040.000         1050.000         + 10.000
37      19     1040.000         1006.724         - 33.276
37      20     1040.000         1014.040         - 25.960
37      21     1040.000         1028.783         - 11.217
37      22     1040.000         1029.049         - 10.951
37      23     1040.000         1021.172         - 18.828
37      24     1040.000         1020.609         - 19.391
37      25     1040.000         1033.784         -  6.216
37      26     1040.000          984.123         - 55.877
37      27     1040.000         1004.195         - 35.805
37      28     1040.000         1014.416         - 25.584
37      29     1040.000         1023.822         - 16.178
37      30     1040.000          997.155         - 42.845
37      31     1040.000         1038.884         -  1.116
37      32     1040.000         1001.281         - 38.719
37      33     1040.000         1006.749         - 33.251
37      34     1040.000         1022.336         - 17.664
37      35     1040.000          983.788         - 56.212
37      36     1040.000          974.064         - 65.936
37      37     1040.000         1020.239         - 19.761
37      38     1040.000         1026.189         - 13.811
37      39     1040.000         1034.232         -  5.768
38      00     1040.000         1024.573         - 15.427
38      01     1040.000         1014.183         - 25.817
38      02     1040.000         1025.615         - 14.385
38      03     1040.000         1001.813         - 38.187
38      04     1040.000         1035.225         -  4.775
38      05     1040.000         1026.608         - 13.392
38      06     1040.000         1026.594         - 13.406
38      07     1040.000         1050.000         + 10.000
38      08     1040.000          992.151         - 47.849
38      09     1040.000         1041.258         +  1.258
38      10     1040.000         1029.005         - 10.995
38      11     1040.000         1025.000         - 15.000
38      12     1040.000         1027.932         - 12.068
38      13     1040.000         1016.315         - 23.685
38      14     1040.000         1033.002         -  6.998
38      15     1040.000         1037.001         -  2.999
38      16     1040.000         1020.842         - 19.158
38      17     1040.000         1029.241         - 10.759
38      18     1040.000         1032.118         -  7.882
38      19     1040.000         1029.567         - 10.433
38      20     1040.000         1030.566         -  9.434
38      21     1040.000         1016.964         - 23.036
38      22     1040.000         1023.681         - 16.319
38      23     1040.000         1039.984         -  0.016
38      24     1040.000         1031.196         -  8.804
38      25     1040.000         1020.389         - 19.611
38      26     1040.000         1031.861         -  8.139
38      27     1040.000         1019.639         - 20.361
38      28     1040.000         1033.908         -  6.092
38      29     1040.000         1019.911         - 20.089
38      30     1040.000         1024.148         - 15.852
38      31     1040.000         1005.602         - 34.398
38      32     1040.000         1023.696         - 16.304
38      33     1040.000          961.730         - 78.270
38      34     1040.000          981.149         - 58.851
38      35     1040.000         1028.474         - 11.526
38      36     1040.000         1017.057         - 22.943
38      37     1040.000         1026.334         - 13.666
38      38     1040.000         1019.857         - 20.143
38      39     1040.000         1032.316         -  7.684
39      00     1040.000         1026.796         - 13.204
39      01     1040.000         1034.062         -  5.938
39      02     1040.000         1011.102         - 28.898
39      03     1040.000         1015.814         - 24.186
39      04     1040.000         1026.782         - 13.218
39      05     1040.000          995.882         - 44.118
39      06     1040.000         1002.699         - 37.301
39      07     1040.000         1022.573         - 17.427
39      08     1040.000         1021.352         - 18.648
39      09     1040.000         1008.916         - 31.084
39      10     1040.000         1029.434         - 10.566
39      11     1040.000          965.809         - 74.191
39      12     1040.000         1014.273         - 25.727
39      13     1040.000          971.764         - 68.236
39      14     1040.000         1028.665         - 11.335
39      15     1040.000         1050.000         + 10.000
39      16     1040.000         1030.866         -  9.134
39      17     1040.000         1032.971         -  7.029
39      18     1040.000         1009.350         - 30.650
39      19     1040.000         1009.748         - 30.252
39      20     1040.000         1027.683         - 12.317
39      21     1040.000         1024.190         - 15.810
39      22     1040.000         1023.724         - 16.276
39      23     1040.000         1010.599         - 29.401
39      24     1040.000         1010.423         - 29.577
39      25     1040.000         1024.275         - 15.725
39      26     1040.000         1009.115         - 30.885
39      27     1040.000         1032.986         -  7.014
39      28     1040.000         1027.435         - 12.565
39      29     1040.000          971.684         - 68.316
39      30     1040.000         1024.218         - 15.782
39      31     1040.000         1020.952         - 19.048
39      32     1040.000         1033.800         -  6.200
39      33     1040.000          973.947         - 66.053
39      34     1040.000         1030.371         -  9.629
39      35     1040.000         1031.739         -  8.261
39      36     1040.000         1006.071         - 33.929
39      37     1040.000         1016.606         - 23.394
39      38     1040.000         1030.506         -  9.494
39      39     1040.000         1015.630         - 24.370
