# index    column     row     hvBot
0         39         39         910.00  
1         39         38         910.00  
2         39         37         910.00  
3         39         36         910.00  
4         39         35         910.00  
5         39         34         910.00  
6         39         33         910.00  
7         39         32         910.00  
8         39         31         910.00  
9         39         30         910.00  
10        39         29         910.00  
11        39         28         910.00  
12        39         27         910.00  
13        39         26         910.00  
14        39         25         910.00  
15        39         24         910.00  
16        39         23         910.00  
17        39         22         910.00  
18        39         21         910.00  
19        39         20         910.00  
20        39         19         910.00  
21        39         18         910.00  
22        39         17         910.00  
23        39         16         910.00  
24        39         15         910.00  
25        39         14         910.00  
26        39         13         910.00  
27        39         12         910.00  
28        39         11         910.00  
29        39         10         910.00  
30        39         9          910.00  
31        39         8          910.00  
32        39         7          910.00  
33        39         6          910.00  
34        39         5          910.00  
35        39         4          910.00  
36        39         3          910.00  
37        39         2          910.00  
38        39         1          910.00  
39        39         0          910.00  
40        38         39         910.00  
41        38         38         910.00  
42        38         37         910.00  
43        38         36         910.00  
44        38         35         910.00  
45        38         34         910.00  
46        38         33         910.00  
47        38         32         910.00  
48        38         31         910.00  
49        38         30         910.00  
50        38         29         910.00  
51        38         28         910.00  
52        38         27         910.00  
53        38         26         910.00  
54        38         25         910.00  
55        38         24         910.00  
56        38         23         910.00  
57        38         22         910.00  
58        38         21         910.00  
59        38         20         910.00  
60        38         19         910.00  
61        38         18         910.00  
62        38         17         910.00  
63        38         16         910.00  
64        38         15         910.00  
65        38         14         910.00  
66        38         13         910.00  
67        38         12         910.00  
68        38         11         910.00  
69        38         10         910.00  
70        38         9          910.00  
71        38         8          910.00  
72        38         7          910.00  
73        38         6          910.00  
74        38         5          910.00  
75        38         4          910.00  
76        38         3          910.00  
77        38         2          910.00  
78        38         1          910.00  
79        38         0          910.00  
80        37         39         910.00  
81        37         38         910.00  
82        37         37         910.00  
83        37         36         910.00  
84        37         35         910.00  
85        37         34         910.00  
86        37         33         910.00  
87        37         32         910.00  
88        37         31         910.00  
89        37         30         910.00  
90        37         29         910.00  
91        37         28         910.00  
92        37         27         910.00  
93        37         26         910.00  
94        37         25         910.00  
95        37         24         910.00  
96        37         23         910.00  
97        37         22         910.00  
98        37         21         910.00  
99        37         20         910.00  
100       37         19         910.00  
101       37         18         910.00  
102       37         17         910.00  
103       37         16         910.00  
104       37         15         910.00  
105       37         14         910.00  
106       37         13         910.00  
107       37         12         910.00  
108       37         11         910.00  
109       37         10         910.00  
110       37         9          910.00  
111       37         8          910.00  
112       37         7          910.00  
113       37         6          910.00  
114       37         5          910.00  
115       37         4          910.00  
116       37         3          910.00  
117       37         2          910.00  
118       37         1          910.00  
119       37         0          910.00  
120       36         39         910.00  
121       36         38         910.00  
122       36         37         910.00  
123       36         36         910.00  
124       36         35         910.00  
125       36         34         910.00  
126       36         33         910.00  
127       36         32         910.00  
128       36         31         910.00  
129       36         30         910.00  
130       36         29         910.00  
131       36         28         910.00  
132       36         27         910.00  
133       36         26         910.00  
134       36         25         910.00  
135       36         24         910.00  
136       36         23         910.00  
137       36         22         910.00  
138       36         21         910.00  
139       36         20         910.00  
140       36         19         910.00  
141       36         18         910.00  
142       36         17         910.00  
143       36         16         910.00  
144       36         15         910.00  
145       36         14         910.00  
146       36         13         910.00  
147       36         12         910.00  
148       36         11         910.00  
149       36         10         910.00  
150       36         9          910.00  
151       36         8          910.00  
152       36         7          910.00  
153       36         6          910.00  
154       36         5          910.00  
155       36         4          910.00  
156       36         3          910.00  
157       36         2          910.00  
158       36         1          910.00  
159       36         0          910.00  
160       35         39         910.00  
161       35         38         910.00  
162       35         37         910.00  
163       35         36         910.00  
164       35         35         910.00  
165       35         34         910.00  
166       35         33         910.00  
167       35         32         910.00  
168       35         31         910.00  
169       35         30         910.00  
170       35         29         910.00  
171       35         28         910.00  
172       35         27         910.00  
173       35         26         910.00  
174       35         25         910.00  
175       35         24         910.00  
176       35         23         910.00  
177       35         22         910.00  
178       35         21         910.00  
179       35         20         910.00  
180       35         19         910.00  
181       35         18         910.00  
182       35         17         910.00  
183       35         16         910.00  
184       35         15         910.00  
185       35         14         910.00  
186       35         13         910.00  
187       35         12         910.00  
188       35         11         910.00  
189       35         10         910.00  
190       35         9          910.00  
191       35         8          910.00  
192       35         7          910.00  
193       35         6          910.00  
194       35         5          910.00  
195       35         4          910.00  
196       35         3          910.00  
197       35         2          910.00  
198       35         1          910.00  
199       35         0          910.00  
200       34         39         910.00  
201       34         38         910.00  
202       34         37         910.00  
203       34         36         910.00  
204       34         35         910.00  
205       34         34         910.00  
206       34         33         910.00  
207       34         32         910.00  
208       34         31         910.00  
209       34         30         910.00  
210       34         29         910.00  
211       34         28         910.00  
212       34         27         910.00  
213       34         26         910.00  
214       34         25         910.00  
215       34         24         910.00  
216       34         23         910.00  
217       34         22         910.00  
218       34         21         910.00  
219       34         20         910.00  
220       34         19         910.00  
221       34         18         910.00  
222       34         17         910.00  
223       34         16         910.00  
224       34         15         910.00  
225       34         14         910.00  
226       34         13         910.00  
227       34         12         910.00  
228       34         11         910.00  
229       34         10         910.00  
230       34         9          910.00  
231       34         8          910.00  
232       34         7          910.00  
233       34         6          910.00  
234       34         5          910.00  
235       34         4          910.00  
236       34         3          910.00  
237       34         2          910.00  
238       34         1          910.00  
239       34         0          910.00  
240       33         39         910.00  
241       33         38         910.00  
242       33         37         910.00  
243       33         36         910.00  
244       33         35         910.00  
245       33         34         910.00  
246       33         33         910.00  
247       33         32         910.00  
248       33         31         910.00  
249       33         30         910.00  
250       33         29         910.00  
251       33         28         910.00  
252       33         27         910.00  
253       33         26         910.00  
254       33         25         910.00  
255       33         24         910.00  
256       33         23         910.00  
257       33         22         910.00  
258       33         21         910.00  
259       33         20         910.00  
260       33         19         910.00  
261       33         18         910.00  
262       33         17         910.00  
263       33         16         910.00  
264       33         15         910.00  
265       33         14         910.00  
266       33         13         910.00  
267       33         12         910.00  
268       33         11         910.00  
269       33         10         910.00  
270       33         9          910.00  
271       33         8          910.00  
272       33         7          910.00  
273       33         6          910.00  
274       33         5          910.00  
275       33         4          910.00  
276       33         3          910.00  
277       33         2          910.00  
278       33         1          910.00  
279       33         0          910.00  
280       32         39         910.00  
281       32         38         910.00  
282       32         37         910.00  
283       32         36         910.00  
284       32         35         910.00  
285       32         34         910.00  
286       32         33         910.00  
287       32         32         910.00  
288       32         31         910.00  
289       32         30         910.00  
290       32         29         910.00  
291       32         28         910.00  
292       32         27         910.00  
293       32         26         910.00  
294       32         25         910.00  
295       32         24         910.00  
296       32         23         910.00  
297       32         22         910.00  
298       32         21         910.00  
299       32         20         910.00  
300       32         19         910.00  
301       32         18         910.00  
302       32         17         910.00  
303       32         16         910.00  
304       32         15         910.00  
305       32         14         910.00  
306       32         13         910.00  
307       32         12         910.00  
308       32         11         910.00  
309       32         10         910.00  
310       32         9          910.00  
311       32         8          910.00  
312       32         7          910.00  
313       32         6          910.00  
314       32         5          910.00  
315       32         4          910.00  
316       32         3          910.00  
317       32         2          910.00  
318       32         1          910.00  
319       32         0          910.00  
320       31         39         910.00  
321       31         38         910.00  
322       31         37         910.00  
323       31         36         910.00  
324       31         35         910.00  
325       31         34         910.00  
326       31         33         910.00  
327       31         32         910.00  
328       31         31         910.00  
329       31         30         910.00  
330       31         29         910.00  
331       31         28         910.00  
332       31         27         910.00  
333       31         26         910.00  
334       31         25         910.00  
335       31         24         910.00  
336       31         23         910.00  
337       31         22         910.00  
338       31         21         910.00  
339       31         20         910.00  
340       31         19         910.00  
341       31         18         910.00  
342       31         17         910.00  
343       31         16         910.00  
344       31         15         910.00  
345       31         14         910.00  
346       31         13         910.00  
347       31         12         910.00  
348       31         11         910.00  
349       31         10         910.00  
350       31         9          910.00  
351       31         8          910.00  
352       31         7          910.00  
353       31         6          910.00  
354       31         5          910.00  
355       31         4          910.00  
356       31         3          910.00  
357       31         2          910.00  
358       31         1          910.00  
359       31         0          910.00  
360       30         39         910.00  
361       30         38         910.00  
362       30         37         910.00  
363       30         36         910.00  
364       30         35         910.00  
365       30         34         910.00  
366       30         33         910.00  
367       30         32         910.00  
368       30         31         910.00  
369       30         30         910.00  
370       30         29         910.00  
371       30         28         910.00  
372       30         27         910.00  
373       30         26         910.00  
374       30         25         910.00  
375       30         24         910.00  
376       30         23         910.00  
377       30         22         910.00  
378       30         21         910.00  
379       30         20         910.00  
380       30         19         910.00  
381       30         18         910.00  
382       30         17         910.00  
383       30         16         910.00  
384       30         15         910.00  
385       30         14         910.00  
386       30         13         910.00  
387       30         12         910.00  
388       30         11         910.00  
389       30         10         910.00  
390       30         9          910.00  
391       30         8          910.00  
392       30         7          910.00  
393       30         6          910.00  
394       30         5          910.00  
395       30         4          910.00  
396       30         3          910.00  
397       30         2          910.00  
398       30         1          910.00  
399       30         0          910.00  
400       29         39         910.00  
401       29         38         910.00  
402       29         37         910.00  
403       29         36         910.00  
404       29         35         910.00  
405       29         34         910.00  
406       29         33         910.00  
407       29         32         910.00  
408       29         31         910.00  
409       29         30         910.00  
410       29         29         910.00  
411       29         28         910.00  
412       29         27         910.00  
413       29         26         910.00  
414       29         25         910.00  
415       29         24         910.00  
416       29         23         910.00  
417       29         22         910.00  
418       29         21         910.00  
419       29         20         910.00  
420       29         19         910.00  
421       29         18         910.00  
422       29         17         910.00  
423       29         16         910.00  
424       29         15         910.00  
425       29         14         910.00  
426       29         13         910.00  
427       29         12         910.00  
428       29         11         910.00  
429       29         10         910.00  
430       29         9          910.00  
431       29         8          910.00  
432       29         7          910.00  
433       29         6          910.00  
434       29         5          910.00  
435       29         4          910.00  
436       29         3          910.00  
437       29         2          910.00  
438       29         1          910.00  
439       29         0          910.00  
440       28         39         910.00  
441       28         38         910.00  
442       28         37         910.00  
443       28         36         910.00  
444       28         35         910.00  
445       28         34         910.00  
446       28         33         910.00  
447       28         32         910.00  
448       28         31         910.00  
449       28         30         910.00  
450       28         29         910.00  
451       28         28         910.00  
452       28         27         910.00  
453       28         26         910.00  
454       28         25         910.00  
455       28         24         910.00  
456       28         23         910.00  
457       28         22         910.00  
458       28         21         910.00  
459       28         20         910.00  
460       28         19         910.00  
461       28         18         910.00  
462       28         17         910.00  
463       28         16         910.00  
464       28         15         910.00  
465       28         14         910.00  
466       28         13         910.00  
467       28         12         910.00  
468       28         11         910.00  
469       28         10         910.00  
470       28         9          910.00  
471       28         8          910.00  
472       28         7          910.00  
473       28         6          910.00  
474       28         5          910.00  
475       28         4          910.00  
476       28         3          910.00  
477       28         2          910.00  
478       28         1          910.00  
479       28         0          910.00  
480       27         39         910.00  
481       27         38         910.00  
482       27         37         910.00  
483       27         36         910.00  
484       27         35         910.00  
485       27         34         910.00  
486       27         33         910.00  
487       27         32         910.00  
488       27         31         910.00  
489       27         30         910.00  
490       27         29         910.00  
491       27         28         910.00  
492       27         27         910.00  
493       27         26         910.00  
494       27         25         910.00  
495       27         24         910.00  
496       27         23         910.00  
497       27         22         910.00  
498       27         21         910.00  
499       27         20         910.00  
500       27         19         910.00  
501       27         18         910.00  
502       27         17         910.00  
503       27         16         910.00  
504       27         15         910.00  
505       27         14         910.00  
506       27         13         910.00  
507       27         12         910.00  
508       27         11         910.00  
509       27         10         910.00  
510       27         9          910.00  
511       27         8          910.00  
512       27         7          910.00  
513       27         6          910.00  
514       27         5          910.00  
515       27         4          910.00  
516       27         3          910.00  
517       27         2          910.00  
518       27         1          910.00  
519       27         0          910.00  
520       26         39         910.00  
521       26         38         910.00  
522       26         37         910.00  
523       26         36         910.00  
524       26         35         910.00  
525       26         34         910.00  
526       26         33         910.00  
527       26         32         910.00  
528       26         31         910.00  
529       26         30         910.00  
530       26         29         910.00  
531       26         28         910.00  
532       26         27         910.00  
533       26         26         910.00  
534       26         25         910.00  
535       26         24         910.00  
536       26         23         910.00  
537       26         22         910.00  
538       26         21         910.00  
539       26         20         910.00  
540       26         19         910.00  
541       26         18         910.00  
542       26         17         910.00  
543       26         16         910.00  
544       26         15         910.00  
545       26         14         910.00  
546       26         13         910.00  
547       26         12         910.00  
548       26         11         910.00  
549       26         10         910.00  
550       26         9          910.00  
551       26         8          910.00  
552       26         7          910.00  
553       26         6          910.00  
554       26         5          910.00  
555       26         4          910.00  
556       26         3          910.00  
557       26         2          910.00  
558       26         1          910.00  
559       26         0          910.00  
560       25         39         910.00  
561       25         38         910.00  
562       25         37         910.00  
563       25         36         910.00  
564       25         35         910.00  
565       25         34         910.00  
566       25         33         910.00  
567       25         32         910.00  
568       25         31         910.00  
569       25         30         910.00  
570       25         29         910.00  
571       25         28         910.00  
572       25         27         910.00  
573       25         26         910.00  
574       25         25         910.00  
575       25         24         910.00  
576       25         23         910.00  
577       25         22         910.00  
578       25         21         910.00  
579       25         20         910.00  
580       25         19         910.00  
581       25         18         910.00  
582       25         17         910.00  
583       25         16         910.00  
584       25         15         910.00  
585       25         14         910.00  
586       25         13         910.00  
587       25         12         910.00  
588       25         11         910.00  
589       25         10         910.00  
590       25         9          910.00  
591       25         8          910.00  
592       25         7          910.00  
593       25         6          910.00  
594       25         5          910.00  
595       25         4          910.00  
596       25         3          910.00  
597       25         2          910.00  
598       25         1          910.00  
599       25         0          910.00  
600       24         39         910.00  
601       24         38         910.00  
602       24         37         910.00  
603       24         36         910.00  
604       24         35         910.00  
605       24         34         910.00  
606       24         33         910.00  
607       24         32         910.00  
608       24         31         910.00  
609       24         30         910.00  
610       24         29         910.00  
611       24         28         910.00  
612       24         27         910.00  
613       24         26         910.00  
614       24         25         910.00  
615       24         24         910.00  
616       24         23         910.00  
617       24         22         910.00  
618       24         21         910.00  
619       24         20         910.00  
620       24         19         910.00  
621       24         18         910.00  
622       24         17         910.00  
623       24         16         910.00  
624       24         15         910.00  
625       24         14         910.00  
626       24         13         910.00  
627       24         12         910.00  
628       24         11         910.00  
629       24         10         910.00  
630       24         9          910.00  
631       24         8          910.00  
632       24         7          910.00  
633       24         6          910.00  
634       24         5          910.00  
635       24         4          910.00  
636       24         3          910.00  
637       24         2          910.00  
638       24         1          910.00  
639       24         0          910.00  
640       23         39         910.00  
641       23         38         910.00  
642       23         37         910.00  
643       23         36         910.00  
644       23         35         910.00  
645       23         34         910.00  
646       23         33         910.00  
647       23         32         910.00  
648       23         31         910.00  
649       23         30         910.00  
650       23         29         910.00  
651       23         28         910.00  
652       23         27         910.00  
653       23         26         910.00  
654       23         25         910.00  
655       23         24         910.00  
656       23         23         910.00  
657       23         22         910.00  
658       23         21         910.00  
659       23         20         910.00  
660       23         19         910.00  
661       23         18         910.00  
662       23         17         910.00  
663       23         16         910.00  
664       23         15         910.00  
665       23         14         910.00  
666       23         13         910.00  
667       23         12         910.00  
668       23         11         910.00  
669       23         10         910.00  
670       23         9          910.00  
671       23         8          910.00  
672       23         7          910.00  
673       23         6          910.00  
674       23         5          910.00  
675       23         4          910.00  
676       23         3          910.00  
677       23         2          910.00  
678       23         1          910.00  
679       23         0          910.00  
680       22         39         910.00  
681       22         38         910.00  
682       22         37         910.00  
683       22         36         910.00  
684       22         35         910.00  
685       22         34         910.00  
686       22         33         910.00  
687       22         32         910.00  
688       22         31         910.00  
689       22         30         910.00  
690       22         29         910.00  
691       22         28         910.00  
692       22         27         910.00  
693       22         26         910.00  
694       22         25         910.00  
695       22         24         910.00  
696       22         23         910.00  
697       22         22         910.00  
698       22         21         910.00  
699       22         20         910.00  
700       22         19         910.00  
701       22         18         910.00  
702       22         17         910.00  
703       22         16         910.00  
704       22         15         910.00  
705       22         14         910.00  
706       22         13         910.00  
707       22         12         910.00  
708       22         11         910.00  
709       22         10         910.00  
710       22         9          910.00  
711       22         8          910.00  
712       22         7          910.00  
713       22         6          910.00  
714       22         5          910.00  
715       22         4          910.00  
716       22         3          910.00  
717       22         2          910.00  
718       22         1          910.00  
719       22         0          910.00  
720       21         39         910.00  
721       21         38         910.00  
722       21         37         910.00  
723       21         36         910.00  
724       21         35         910.00  
725       21         34         910.00  
726       21         33         910.00  
727       21         32         910.00  
728       21         31         910.00  
729       21         30         910.00  
730       21         29         910.00  
731       21         28         910.00  
732       21         27         910.00  
733       21         26         910.00  
734       21         25         910.00  
735       21         24         910.00  
736       21         23         910.00  
737       21         22         910.00  
738       21         21         910.00  
739       21         20         910.00  
740       21         19         910.00  
741       21         18         910.00  
742       21         17         910.00  
743       21         16         910.00  
744       21         15         910.00  
745       21         14         910.00  
746       21         13         910.00  
747       21         12         910.00  
748       21         11         910.00  
749       21         10         910.00  
750       21         9          910.00  
751       21         8          910.00  
752       21         7          910.00  
753       21         6          910.00  
754       21         5          910.00  
755       21         4          910.00  
756       21         3          910.00  
757       21         2          910.00  
758       21         1          910.00  
759       21         0          910.00  
760       20         39         910.00  
761       20         38         910.00  
762       20         37         910.00  
763       20         36         910.00  
764       20         35         910.00  
765       20         34         910.00  
766       20         33         910.00  
767       20         32         910.00  
768       20         31         910.00  
769       20         30         910.00  
770       20         29         910.00  
771       20         28         910.00  
772       20         27         910.00  
773       20         26         910.00  
774       20         25         910.00  
775       20         24         910.00  
776       20         23         910.00  
777       20         22         910.00  
778       20         21         910.00  
779       20         20         910.00  
780       20         19         910.00  
781       20         18         910.00  
782       20         17         910.00  
783       20         16         910.00  
784       20         15         910.00  
785       20         14         910.00  
786       20         13         910.00  
787       20         12         910.00  
788       20         11         910.00  
789       20         10         910.00  
790       20         9          910.00  
791       20         8          910.00  
792       20         7          910.00  
793       20         6          910.00  
794       20         5          910.00  
795       20         4          910.00  
796       20         3          910.00  
797       20         2          910.00  
798       20         1          910.00  
799       20         0          910.00  
800       19         39         910.00  
801       19         38         910.00  
802       19         37         910.00  
803       19         36         910.00  
804       19         35         910.00  
805       19         34         910.00  
806       19         33         910.00  
807       19         32         910.00  
808       19         31         910.00  
809       19         30         910.00  
810       19         29         910.00  
811       19         28         910.00  
812       19         27         910.00  
813       19         26         910.00  
814       19         25         910.00  
815       19         24         910.00  
816       19         23         910.00  
817       19         22         910.00  
818       19         21         910.00  
819       19         20         910.00  
820       19         19         910.00  
821       19         18         910.00  
822       19         17         910.00  
823       19         16         910.00  
824       19         15         910.00  
825       19         14         910.00  
826       19         13         910.00  
827       19         12         910.00  
828       19         11         910.00  
829       19         10         910.00  
830       19         9          910.00  
831       19         8          910.00  
832       19         7          910.00  
833       19         6          910.00  
834       19         5          910.00  
835       19         4          910.00  
836       19         3          910.00  
837       19         2          910.00  
838       19         1          910.00  
839       19         0          910.00  
840       18         39         910.00  
841       18         38         910.00  
842       18         37         910.00  
843       18         36         910.00  
844       18         35         910.00  
845       18         34         910.00  
846       18         33         910.00  
847       18         32         910.00  
848       18         31         910.00  
849       18         30         910.00  
850       18         29         910.00  
851       18         28         910.00  
852       18         27         910.00  
853       18         26         910.00  
854       18         25         910.00  
855       18         24         910.00  
856       18         23         910.00  
857       18         22         910.00  
858       18         21         910.00  
859       18         20         910.00  
860       18         19         910.00  
861       18         18         910.00  
862       18         17         910.00  
863       18         16         910.00  
864       18         15         910.00  
865       18         14         910.00  
866       18         13         910.00  
867       18         12         910.00  
868       18         11         910.00  
869       18         10         910.00  
870       18         9          910.00  
871       18         8          910.00  
872       18         7          910.00  
873       18         6          910.00  
874       18         5          910.00  
875       18         4          910.00  
876       18         3          910.00  
877       18         2          910.00  
878       18         1          910.00  
879       18         0          910.00  
880       17         39         910.00  
881       17         38         910.00  
882       17         37         910.00  
883       17         36         910.00  
884       17         35         910.00  
885       17         34         910.00  
886       17         33         910.00  
887       17         32         910.00  
888       17         31         910.00  
889       17         30         910.00  
890       17         29         910.00  
891       17         28         910.00  
892       17         27         910.00  
893       17         26         910.00  
894       17         25         910.00  
895       17         24         910.00  
896       17         23         910.00  
897       17         22         910.00  
898       17         21         910.00  
899       17         20         910.00  
900       17         19         910.00  
901       17         18         910.00  
902       17         17         910.00  
903       17         16         910.00  
904       17         15         910.00  
905       17         14         910.00  
906       17         13         910.00  
907       17         12         910.00  
908       17         11         910.00  
909       17         10         910.00  
910       17         9          910.00  
911       17         8          910.00  
912       17         7          910.00  
913       17         6          910.00  
914       17         5          910.00  
915       17         4          910.00  
916       17         3          910.00  
917       17         2          910.00  
918       17         1          910.00  
919       17         0          910.00  
920       16         39         910.00  
921       16         38         910.00  
922       16         37         910.00  
923       16         36         910.00  
924       16         35         910.00  
925       16         34         910.00  
926       16         33         910.00  
927       16         32         910.00  
928       16         31         910.00  
929       16         30         910.00  
930       16         29         910.00  
931       16         28         910.00  
932       16         27         910.00  
933       16         26         910.00  
934       16         25         910.00  
935       16         24         910.00  
936       16         23         910.00  
937       16         22         910.00  
938       16         21         910.00  
939       16         20         910.00  
940       16         19         910.00  
941       16         18         910.00  
942       16         17         910.00  
943       16         16         910.00  
944       16         15         910.00  
945       16         14         910.00  
946       16         13         910.00  
947       16         12         910.00  
948       16         11         910.00  
949       16         10         910.00  
950       16         9          910.00  
951       16         8          910.00  
952       16         7          910.00  
953       16         6          910.00  
954       16         5          910.00  
955       16         4          910.00  
956       16         3          910.00  
957       16         2          910.00  
958       16         1          910.00  
959       16         0          910.00  
960       15         39         910.00  
961       15         38         910.00  
962       15         37         910.00  
963       15         36         910.00  
964       15         35         910.00  
965       15         34         910.00  
966       15         33         910.00  
967       15         32         910.00  
968       15         31         910.00  
969       15         30         910.00  
970       15         29         910.00  
971       15         28         910.00  
972       15         27         910.00  
973       15         26         910.00  
974       15         25         910.00  
975       15         24         910.00  
976       15         23         910.00  
977       15         22         910.00  
978       15         21         910.00  
979       15         20         910.00  
980       15         19         910.00  
981       15         18         910.00  
982       15         17         910.00  
983       15         16         910.00  
984       15         15         910.00  
985       15         14         910.00  
986       15         13         910.00  
987       15         12         910.00  
988       15         11         910.00  
989       15         10         910.00  
990       15         9          910.00  
991       15         8          910.00  
992       15         7          910.00  
993       15         6          910.00  
994       15         5          910.00  
995       15         4          910.00  
996       15         3          910.00  
997       15         2          910.00  
998       15         1          910.00  
999       15         0          910.00  
1000      14         39         910.00  
1001      14         38         910.00  
1002      14         37         910.00  
1003      14         36         910.00  
1004      14         35         910.00  
1005      14         34         910.00  
1006      14         33         910.00  
1007      14         32         910.00  
1008      14         31         910.00  
1009      14         30         910.00  
1010      14         29         910.00  
1011      14         28         910.00  
1012      14         27         910.00  
1013      14         26         910.00  
1014      14         25         910.00  
1015      14         24         910.00  
1016      14         23         910.00  
1017      14         22         910.00  
1018      14         21         910.00  
1019      14         20         910.00  
1020      14         19         910.00  
1021      14         18         910.00  
1022      14         17         910.00  
1023      14         16         910.00  
1024      14         15         910.00  
1025      14         14         910.00  
1026      14         13         910.00  
1027      14         12         910.00  
1028      14         11         910.00  
1029      14         10         910.00  
1030      14         9          910.00  
1031      14         8          910.00  
1032      14         7          910.00  
1033      14         6          910.00  
1034      14         5          910.00  
1035      14         4          910.00  
1036      14         3          910.00  
1037      14         2          910.00  
1038      14         1          910.00  
1039      14         0          910.00  
1040      13         39         910.00  
1041      13         38         910.00  
1042      13         37         910.00  
1043      13         36         910.00  
1044      13         35         910.00  
1045      13         34         910.00  
1046      13         33         910.00  
1047      13         32         910.00  
1048      13         31         910.00  
1049      13         30         910.00  
1050      13         29         910.00  
1051      13         28         910.00  
1052      13         27         910.00  
1053      13         26         910.00  
1054      13         25         910.00  
1055      13         24         910.00  
1056      13         23         910.00  
1057      13         22         910.00  
1058      13         21         910.00  
1059      13         20         910.00  
1060      13         19         910.00  
1061      13         18         910.00  
1062      13         17         910.00  
1063      13         16         910.00  
1064      13         15         910.00  
1065      13         14         910.00  
1066      13         13         910.00  
1067      13         12         910.00  
1068      13         11         910.00  
1069      13         10         910.00  
1070      13         9          910.00  
1071      13         8          910.00  
1072      13         7          910.00  
1073      13         6          910.00  
1074      13         5          910.00  
1075      13         4          910.00  
1076      13         3          910.00  
1077      13         2          910.00  
1078      13         1          910.00  
1079      13         0          910.00  
1080      12         39         910.00  
1081      12         38         910.00  
1082      12         37         910.00  
1083      12         36         910.00  
1084      12         35         910.00  
1085      12         34         910.00  
1086      12         33         910.00  
1087      12         32         910.00  
1088      12         31         910.00  
1089      12         30         910.00  
1090      12         29         910.00  
1091      12         28         910.00  
1092      12         27         910.00  
1093      12         26         910.00  
1094      12         25         910.00  
1095      12         24         910.00  
1096      12         23         910.00  
1097      12         22         910.00  
1098      12         21         910.00  
1099      12         20         910.00  
1100      12         19         910.00  
1101      12         18         910.00  
1102      12         17         910.00  
1103      12         16         910.00  
1104      12         15         910.00  
1105      12         14         910.00  
1106      12         13         910.00  
1107      12         12         910.00  
1108      12         11         910.00  
1109      12         10         910.00  
1110      12         9          910.00  
1111      12         8          910.00  
1112      12         7          910.00  
1113      12         6          910.00  
1114      12         5          910.00  
1115      12         4          910.00  
1116      12         3          910.00  
1117      12         2          910.00  
1118      12         1          910.00  
1119      12         0          910.00  
1120      11         39         910.00  
1121      11         38         910.00  
1122      11         37         910.00  
1123      11         36         910.00  
1124      11         35         910.00  
1125      11         34         910.00  
1126      11         33         910.00  
1127      11         32         910.00  
1128      11         31         910.00  
1129      11         30         910.00  
1130      11         29         910.00  
1131      11         28         910.00  
1132      11         27         910.00  
1133      11         26         910.00  
1134      11         25         910.00  
1135      11         24         910.00  
1136      11         23         910.00  
1137      11         22         910.00  
1138      11         21         910.00  
1139      11         20         910.00  
1140      11         19         910.00  
1141      11         18         910.00  
1142      11         17         910.00  
1143      11         16         910.00  
1144      11         15         910.00  
1145      11         14         910.00  
1146      11         13         910.00  
1147      11         12         910.00  
1148      11         11         910.00  
1149      11         10         910.00  
1150      11         9          910.00  
1151      11         8          910.00  
1152      11         7          910.00  
1153      11         6          910.00  
1154      11         5          910.00  
1155      11         4          910.00  
1156      11         3          910.00  
1157      11         2          910.00  
1158      11         1          910.00  
1159      11         0          910.00  
1160      10         39         910.00  
1161      10         38         910.00  
1162      10         37         910.00  
1163      10         36         910.00  
1164      10         35         910.00  
1165      10         34         910.00  
1166      10         33         910.00  
1167      10         32         910.00  
1168      10         31         910.00  
1169      10         30         910.00  
1170      10         29         910.00  
1171      10         28         910.00  
1172      10         27         910.00  
1173      10         26         910.00  
1174      10         25         910.00  
1175      10         24         910.00  
1176      10         23         910.00  
1177      10         22         910.00  
1178      10         21         910.00  
1179      10         20         910.00  
1180      10         19         910.00  
1181      10         18         910.00  
1182      10         17         910.00  
1183      10         16         910.00  
1184      10         15         910.00  
1185      10         14         910.00  
1186      10         13         910.00  
1187      10         12         910.00  
1188      10         11         910.00  
1189      10         10         910.00  
1190      10         9          910.00  
1191      10         8          910.00  
1192      10         7          910.00  
1193      10         6          910.00  
1194      10         5          910.00  
1195      10         4          910.00  
1196      10         3          910.00  
1197      10         2          910.00  
1198      10         1          910.00  
1199      10         0          910.00  
1200      9          39         910.00  
1201      9          38         910.00  
1202      9          37         910.00  
1203      9          36         910.00  
1204      9          35         910.00  
1205      9          34         910.00  
1206      9          33         910.00  
1207      9          32         910.00  
1208      9          31         910.00  
1209      9          30         910.00  
1210      9          29         910.00  
1211      9          28         910.00  
1212      9          27         910.00  
1213      9          26         910.00  
1214      9          25         910.00  
1215      9          24         910.00  
1216      9          23         910.00  
1217      9          22         910.00  
1218      9          21         910.00  
1219      9          20         910.00  
1220      9          19         910.00  
1221      9          18         910.00  
1222      9          17         910.00  
1223      9          16         910.00  
1224      9          15         910.00  
1225      9          14         910.00  
1226      9          13         910.00  
1227      9          12         910.00  
1228      9          11         910.00  
1229      9          10         910.00  
1230      9          9          910.00  
1231      9          8          910.00  
1232      9          7          910.00  
1233      9          6          910.00  
1234      9          5          910.00  
1235      9          4          910.00  
1236      9          3          910.00  
1237      9          2          910.00  
1238      9          1          910.00  
1239      9          0          910.00  
1240      8          39         910.00  
1241      8          38         910.00  
1242      8          37         910.00  
1243      8          36         910.00  
1244      8          35         910.00  
1245      8          34         910.00  
1246      8          33         910.00  
1247      8          32         910.00  
1248      8          31         910.00  
1249      8          30         910.00  
1250      8          29         910.00  
1251      8          28         910.00  
1252      8          27         910.00  
1253      8          26         910.00  
1254      8          25         910.00  
1255      8          24         910.00  
1256      8          23         910.00  
1257      8          22         910.00  
1258      8          21         910.00  
1259      8          20         910.00  
1260      8          19         910.00  
1261      8          18         910.00  
1262      8          17         910.00  
1263      8          16         910.00  
1264      8          15         910.00  
1265      8          14         910.00  
1266      8          13         910.00  
1267      8          12         910.00  
1268      8          11         910.00  
1269      8          10         910.00  
1270      8          9          910.00  
1271      8          8          910.00  
1272      8          7          910.00  
1273      8          6          910.00  
1274      8          5          910.00  
1275      8          4          910.00  
1276      8          3          910.00  
1277      8          2          910.00  
1278      8          1          910.00  
1279      8          0          910.00  
1280      7          39         910.00  
1281      7          38         910.00  
1282      7          37         910.00  
1283      7          36         910.00  
1284      7          35         910.00  
1285      7          34         910.00  
1286      7          33         910.00  
1287      7          32         910.00  
1288      7          31         910.00  
1289      7          30         910.00  
1290      7          29         910.00  
1291      7          28         910.00  
1292      7          27         910.00  
1293      7          26         910.00  
1294      7          25         910.00  
1295      7          24         910.00  
1296      7          23         910.00  
1297      7          22         910.00  
1298      7          21         910.00  
1299      7          20         910.00  
1300      7          19         910.00  
1301      7          18         910.00  
1302      7          17         910.00  
1303      7          16         910.00  
1304      7          15         910.00  
1305      7          14         910.00  
1306      7          13         910.00  
1307      7          12         910.00  
1308      7          11         910.00  
1309      7          10         910.00  
1310      7          9          910.00  
1311      7          8          910.00  
1312      7          7          910.00  
1313      7          6          910.00  
1314      7          5          910.00  
1315      7          4          910.00  
1316      7          3          910.00  
1317      7          2          910.00  
1318      7          1          910.00  
1319      7          0          910.00  
1320      6          39         910.00  
1321      6          38         910.00  
1322      6          37         910.00  
1323      6          36         910.00  
1324      6          35         910.00  
1325      6          34         910.00  
1326      6          33         910.00  
1327      6          32         910.00  
1328      6          31         910.00  
1329      6          30         910.00  
1330      6          29         910.00  
1331      6          28         910.00  
1332      6          27         910.00  
1333      6          26         910.00  
1334      6          25         910.00  
1335      6          24         910.00  
1336      6          23         910.00  
1337      6          22         910.00  
1338      6          21         910.00  
1339      6          20         910.00  
1340      6          19         910.00  
1341      6          18         910.00  
1342      6          17         910.00  
1343      6          16         910.00  
1344      6          15         910.00  
1345      6          14         910.00  
1346      6          13         910.00  
1347      6          12         910.00  
1348      6          11         910.00  
1349      6          10         910.00  
1350      6          9          910.00  
1351      6          8          910.00  
1352      6          7          910.00  
1353      6          6          910.00  
1354      6          5          910.00  
1355      6          4          910.00  
1356      6          3          910.00  
1357      6          2          910.00  
1358      6          1          910.00  
1359      6          0          910.00  
1360      5          39         910.00  
1361      5          38         910.00  
1362      5          37         910.00  
1363      5          36         910.00  
1364      5          35         910.00  
1365      5          34         910.00  
1366      5          33         910.00  
1367      5          32         910.00  
1368      5          31         910.00  
1369      5          30         910.00  
1370      5          29         910.00  
1371      5          28         910.00  
1372      5          27         910.00  
1373      5          26         910.00  
1374      5          25         910.00  
1375      5          24         910.00  
1376      5          23         910.00  
1377      5          22         910.00  
1378      5          21         910.00  
1379      5          20         910.00  
1380      5          19         910.00  
1381      5          18         910.00  
1382      5          17         910.00  
1383      5          16         910.00  
1384      5          15         910.00  
1385      5          14         910.00  
1386      5          13         910.00  
1387      5          12         910.00  
1388      5          11         910.00  
1389      5          10         910.00  
1390      5          9          910.00  
1391      5          8          910.00  
1392      5          7          910.00  
1393      5          6          910.00  
1394      5          5          910.00  
1395      5          4          910.00  
1396      5          3          910.00  
1397      5          2          910.00  
1398      5          1          910.00  
1399      5          0          910.00  
1400      4          39         910.00  
1401      4          38         910.00  
1402      4          37         910.00  
1403      4          36         910.00  
1404      4          35         910.00  
1405      4          34         910.00  
1406      4          33         910.00  
1407      4          32         910.00  
1408      4          31         910.00  
1409      4          30         910.00  
1410      4          29         910.00  
1411      4          28         910.00  
1412      4          27         910.00  
1413      4          26         910.00  
1414      4          25         910.00  
1415      4          24         910.00  
1416      4          23         910.00  
1417      4          22         910.00  
1418      4          21         910.00  
1419      4          20         910.00  
1420      4          19         910.00  
1421      4          18         910.00  
1422      4          17         910.00  
1423      4          16         910.00  
1424      4          15         910.00  
1425      4          14         910.00  
1426      4          13         910.00  
1427      4          12         910.00  
1428      4          11         910.00  
1429      4          10         910.00  
1430      4          9          910.00  
1431      4          8          910.00  
1432      4          7          910.00  
1433      4          6          910.00  
1434      4          5          910.00  
1435      4          4          910.00  
1436      4          3          910.00  
1437      4          2          910.00  
1438      4          1          910.00  
1439      4          0          910.00  
1440      3          39         910.00  
1441      3          38         910.00  
1442      3          37         910.00  
1443      3          36         910.00  
1444      3          35         910.00  
1445      3          34         910.00  
1446      3          33         910.00  
1447      3          32         910.00  
1448      3          31         910.00  
1449      3          30         910.00  
1450      3          29         910.00  
1451      3          28         910.00  
1452      3          27         910.00  
1453      3          26         910.00  
1454      3          25         910.00  
1455      3          24         910.00  
1456      3          23         910.00  
1457      3          22         910.00  
1458      3          21         910.00  
1459      3          20         910.00  
1460      3          19         910.00  
1461      3          18         910.00  
1462      3          17         910.00  
1463      3          16         910.00  
1464      3          15         910.00  
1465      3          14         910.00  
1466      3          13         910.00  
1467      3          12         910.00  
1468      3          11         910.00  
1469      3          10         910.00  
1470      3          9          910.00  
1471      3          8          910.00  
1472      3          7          910.00  
1473      3          6          910.00  
1474      3          5          910.00  
1475      3          4          910.00  
1476      3          3          910.00  
1477      3          2          910.00  
1478      3          1          910.00  
1479      3          0          910.00  
1480      2          39         910.00  
1481      2          38         910.00  
1482      2          37         910.00  
1483      2          36         910.00  
1484      2          35         910.00  
1485      2          34         910.00  
1486      2          33         910.00  
1487      2          32         910.00  
1488      2          31         910.00  
1489      2          30         910.00  
1490      2          29         910.00  
1491      2          28         910.00  
1492      2          27         910.00  
1493      2          26         910.00  
1494      2          25         910.00  
1495      2          24         910.00  
1496      2          23         910.00  
1497      2          22         910.00  
1498      2          21         910.00  
1499      2          20         910.00  
1500      2          19         910.00  
1501      2          18         910.00  
1502      2          17         910.00  
1503      2          16         910.00  
1504      2          15         910.00  
1505      2          14         910.00  
1506      2          13         910.00  
1507      2          12         910.00  
1508      2          11         910.00  
1509      2          10         910.00  
1510      2          9          910.00  
1511      2          8          910.00  
1512      2          7          910.00  
1513      2          6          910.00  
1514      2          5          910.00  
1515      2          4          910.00  
1516      2          3          910.00  
1517      2          2          910.00  
1518      2          1          910.00  
1519      2          0          910.00  
1520      1          39         910.00  
1521      1          38         910.00  
1522      1          37         910.00  
1523      1          36         910.00  
1524      1          35         910.00  
1525      1          34         910.00  
1526      1          33         910.00  
1527      1          32         910.00  
1528      1          31         910.00  
1529      1          30         910.00  
1530      1          29         910.00  
1531      1          28         910.00  
1532      1          27         910.00  
1533      1          26         910.00  
1534      1          25         910.00  
1535      1          24         910.00  
1536      1          23         910.00  
1537      1          22         910.00  
1538      1          21         910.00  
1539      1          20         910.00  
1540      1          19         910.00  
1541      1          18         910.00  
1542      1          17         910.00  
1543      1          16         910.00  
1544      1          15         910.00  
1545      1          14         910.00  
1546      1          13         910.00  
1547      1          12         910.00  
1548      1          11         910.00  
1549      1          10         910.00  
1550      1          9          910.00  
1551      1          8          910.00  
1552      1          7          910.00  
1553      1          6          910.00  
1554      1          5          910.00  
1555      1          4          910.00  
1556      1          3          910.00  
1557      1          2          910.00  
1558      1          1          910.00  
1559      1          0          910.00  
1560      0          39         910.00  
1561      0          38         910.00  
1562      0          37         910.00  
1563      0          36         910.00  
1564      0          35         910.00  
1565      0          34         910.00  
1566      0          33         910.00  
1567      0          32         910.00  
1568      0          31         910.00  
1569      0          30         910.00  
1570      0          29         910.00  
1571      0          28         910.00  
1572      0          27         910.00  
1573      0          26         910.00  
1574      0          25         910.00  
1575      0          24         910.00  
1576      0          23         910.00  
1577      0          22         910.00  
1578      0          21         910.00  
1579      0          20         910.00  
1580      0          19         910.00  
1581      0          18         910.00  
1582      0          17         910.00  
1583      0          16         910.00  
1584      0          15         910.00  
1585      0          14         910.00  
1586      0          13         910.00  
1587      0          12         910.00  
1588      0          11         910.00  
1589      0          10         910.00  
1590      0          9          910.00  
1591      0          8          910.00  
1592      0          7          910.00  
1593      0          6          910.00  
1594      0          5          910.00  
1595      0          4          910.00  
1596      0          3          910.00  
1597      0          2          910.00  
1598      0          1          910.00  
1599      0          0          910.00  
