# index    column     row     hvCap
0         39         39         915.00 
1         39         38         915.00 
2         39         37         915.00 
3         39         36         915.00 
4         39         35         915.00 
5         39         34         915.00 
6         39         33         915.00 
7         39         32         915.00 
8         39         31         915.00 
9         39         30         915.00 
10        39         29         915.00 
11        39         28         915.00 
12        39         27         915.00 
13        39         26         915.00 
14        39         25         915.00 
15        39         24         915.00 
16        39         23         915.00 
17        39         22         915.00 
18        39         21         915.00 
19        39         20         915.00 
20        39         19         915.00 
21        39         18         915.00 
22        39         17         915.00 
23        39         16         915.00 
24        39         15         915.00 
25        39         14         915.00 
26        39         13         915.00 
27        39         12         915.00 
28        39         11         915.00 
29        39         10         915.00 
30        39         9          915.00 
31        39         8          915.00 
32        39         7          915.00 
33        39         6          915.00 
34        39         5          915.00 
35        39         4          915.00 
36        39         3          915.00 
37        39         2          915.00 
38        39         1          915.00 
39        39         0          915.00 
40        38         39         915.00 
41        38         38         915.00 
42        38         37         915.00 
43        38         36         915.00 
44        38         35         915.00 
45        38         34         915.00 
46        38         33         915.00 
47        38         32         915.00 
48        38         31         915.00 
49        38         30         915.00 
50        38         29         915.00 
51        38         28         915.00 
52        38         27         915.00 
53        38         26         915.00 
54        38         25         915.00 
55        38         24         915.00 
56        38         23         915.00 
57        38         22         915.00 
58        38         21         915.00 
59        38         20         915.00 
60        38         19         915.00 
61        38         18         915.00 
62        38         17         915.00 
63        38         16         915.00 
64        38         15         915.00 
65        38         14         915.00 
66        38         13         915.00 
67        38         12         915.00 
68        38         11         915.00 
69        38         10         915.00 
70        38         9          915.00 
71        38         8          915.00 
72        38         7          915.00 
73        38         6          915.00 
74        38         5          915.00 
75        38         4          915.00 
76        38         3          915.00 
77        38         2          915.00 
78        38         1          915.00 
79        38         0          915.00 
80        37         39         915.00 
81        37         38         915.00 
82        37         37         915.00 
83        37         36         915.00 
84        37         35         915.00 
85        37         34         915.00 
86        37         33         915.00 
87        37         32         915.00 
88        37         31         915.00 
89        37         30         915.00 
90        37         29         915.00 
91        37         28         915.00 
92        37         27         915.00 
93        37         26         915.00 
94        37         25         915.00 
95        37         24         915.00 
96        37         23         915.00 
97        37         22         915.00 
98        37         21         915.00 
99        37         20         915.00 
100       37         19         915.00 
101       37         18         915.00 
102       37         17         915.00 
103       37         16         915.00 
104       37         15         915.00 
105       37         14         915.00 
106       37         13         915.00 
107       37         12         915.00 
108       37         11         915.00 
109       37         10         915.00 
110       37         9          915.00 
111       37         8          915.00 
112       37         7          915.00 
113       37         6          915.00 
114       37         5          915.00 
115       37         4          915.00 
116       37         3          915.00 
117       37         2          915.00 
118       37         1          915.00 
119       37         0          915.00 
120       36         39         915.00 
121       36         38         915.00 
122       36         37         915.00 
123       36         36         915.00 
124       36         35         915.00 
125       36         34         915.00 
126       36         33         915.00 
127       36         32         915.00 
128       36         31         915.00 
129       36         30         915.00 
130       36         29         915.00 
131       36         28         915.00 
132       36         27         915.00 
133       36         26         915.00 
134       36         25         915.00 
135       36         24         915.00 
136       36         23         915.00 
137       36         22         915.00 
138       36         21         915.00 
139       36         20         915.00 
140       36         19         915.00 
141       36         18         915.00 
142       36         17         915.00 
143       36         16         915.00 
144       36         15         915.00 
145       36         14         915.00 
146       36         13         915.00 
147       36         12         915.00 
148       36         11         915.00 
149       36         10         915.00 
150       36         9          915.00 
151       36         8          915.00 
152       36         7          915.00 
153       36         6          915.00 
154       36         5          915.00 
155       36         4          915.00 
156       36         3          915.00 
157       36         2          915.00 
158       36         1          915.00 
159       36         0          915.00 
160       35         39         915.00 
161       35         38         915.00 
162       35         37         915.00 
163       35         36         915.00 
164       35         35         915.00 
165       35         34         915.00 
166       35         33         915.00 
167       35         32         915.00 
168       35         31         915.00 
169       35         30         915.00 
170       35         29         915.00 
171       35         28         915.00 
172       35         27         915.00 
173       35         26         915.00 
174       35         25         915.00 
175       35         24         915.00 
176       35         23         915.00 
177       35         22         915.00 
178       35         21         915.00 
179       35         20         915.00 
180       35         19         915.00 
181       35         18         915.00 
182       35         17         915.00 
183       35         16         915.00 
184       35         15         915.00 
185       35         14         915.00 
186       35         13         915.00 
187       35         12         915.00 
188       35         11         915.00 
189       35         10         915.00 
190       35         9          915.00 
191       35         8          915.00 
192       35         7          915.00 
193       35         6          915.00 
194       35         5          915.00 
195       35         4          915.00 
196       35         3          915.00 
197       35         2          915.00 
198       35         1          915.00 
199       35         0          915.00 
200       34         39         915.00 
201       34         38         915.00 
202       34         37         915.00 
203       34         36         915.00 
204       34         35         915.00 
205       34         34         915.00 
206       34         33         915.00 
207       34         32         915.00 
208       34         31         915.00 
209       34         30         915.00 
210       34         29         915.00 
211       34         28         915.00 
212       34         27         915.00 
213       34         26         915.00 
214       34         25         915.00 
215       34         24         915.00 
216       34         23         915.00 
217       34         22         915.00 
218       34         21         915.00 
219       34         20         915.00 
220       34         19         915.00 
221       34         18         915.00 
222       34         17         915.00 
223       34         16         915.00 
224       34         15         915.00 
225       34         14         915.00 
226       34         13         915.00 
227       34         12         915.00 
228       34         11         915.00 
229       34         10         915.00 
230       34         9          915.00 
231       34         8          915.00 
232       34         7          915.00 
233       34         6          915.00 
234       34         5          915.00 
235       34         4          915.00 
236       34         3          915.00 
237       34         2          915.00 
238       34         1          915.00 
239       34         0          915.00 
240       33         39         915.00 
241       33         38         915.00 
242       33         37         915.00 
243       33         36         915.00 
244       33         35         915.00 
245       33         34         915.00 
246       33         33         915.00 
247       33         32         915.00 
248       33         31         915.00 
249       33         30         915.00 
250       33         29         915.00 
251       33         28         915.00 
252       33         27         915.00 
253       33         26         915.00 
254       33         25         915.00 
255       33         24         915.00 
256       33         23         915.00 
257       33         22         915.00 
258       33         21         915.00 
259       33         20         915.00 
260       33         19         915.00 
261       33         18         915.00 
262       33         17         915.00 
263       33         16         915.00 
264       33         15         915.00 
265       33         14         915.00 
266       33         13         915.00 
267       33         12         915.00 
268       33         11         915.00 
269       33         10         915.00 
270       33         9          915.00 
271       33         8          915.00 
272       33         7          915.00 
273       33         6          915.00 
274       33         5          915.00 
275       33         4          915.00 
276       33         3          915.00 
277       33         2          915.00 
278       33         1          915.00 
279       33         0          915.00 
280       32         39         915.00 
281       32         38         915.00 
282       32         37         915.00 
283       32         36         915.00 
284       32         35         915.00 
285       32         34         915.00 
286       32         33         915.00 
287       32         32         915.00 
288       32         31         915.00 
289       32         30         915.00 
290       32         29         915.00 
291       32         28         915.00 
292       32         27         915.00 
293       32         26         915.00 
294       32         25         915.00 
295       32         24         915.00 
296       32         23         915.00 
297       32         22         915.00 
298       32         21         915.00 
299       32         20         915.00 
300       32         19         915.00 
301       32         18         915.00 
302       32         17         915.00 
303       32         16         915.00 
304       32         15         915.00 
305       32         14         915.00 
306       32         13         915.00 
307       32         12         915.00 
308       32         11         915.00 
309       32         10         915.00 
310       32         9          915.00 
311       32         8          915.00 
312       32         7          915.00 
313       32         6          915.00 
314       32         5          915.00 
315       32         4          915.00 
316       32         3          915.00 
317       32         2          915.00 
318       32         1          915.00 
319       32         0          915.00 
320       31         39         915.00 
321       31         38         915.00 
322       31         37         915.00 
323       31         36         915.00 
324       31         35         915.00 
325       31         34         915.00 
326       31         33         915.00 
327       31         32         915.00 
328       31         31         915.00 
329       31         30         915.00 
330       31         29         915.00 
331       31         28         915.00 
332       31         27         915.00 
333       31         26         915.00 
334       31         25         915.00 
335       31         24         915.00 
336       31         23         915.00 
337       31         22         915.00 
338       31         21         915.00 
339       31         20         915.00 
340       31         19         915.00 
341       31         18         915.00 
342       31         17         915.00 
343       31         16         915.00 
344       31         15         915.00 
345       31         14         915.00 
346       31         13         915.00 
347       31         12         915.00 
348       31         11         915.00 
349       31         10         915.00 
350       31         9          915.00 
351       31         8          915.00 
352       31         7          915.00 
353       31         6          915.00 
354       31         5          915.00 
355       31         4          915.00 
356       31         3          915.00 
357       31         2          915.00 
358       31         1          915.00 
359       31         0          915.00 
360       30         39         915.00 
361       30         38         915.00 
362       30         37         915.00 
363       30         36         915.00 
364       30         35         915.00 
365       30         34         915.00 
366       30         33         915.00 
367       30         32         915.00 
368       30         31         915.00 
369       30         30         915.00 
370       30         29         915.00 
371       30         28         915.00 
372       30         27         915.00 
373       30         26         915.00 
374       30         25         915.00 
375       30         24         915.00 
376       30         23         915.00 
377       30         22         915.00 
378       30         21         915.00 
379       30         20         915.00 
380       30         19         915.00 
381       30         18         915.00 
382       30         17         915.00 
383       30         16         915.00 
384       30         15         915.00 
385       30         14         915.00 
386       30         13         915.00 
387       30         12         915.00 
388       30         11         915.00 
389       30         10         915.00 
390       30         9          915.00 
391       30         8          915.00 
392       30         7          915.00 
393       30         6          915.00 
394       30         5          915.00 
395       30         4          915.00 
396       30         3          915.00 
397       30         2          915.00 
398       30         1          915.00 
399       30         0          915.00 
400       29         39         915.00 
401       29         38         915.00 
402       29         37         915.00 
403       29         36         915.00 
404       29         35         915.00 
405       29         34         915.00 
406       29         33         915.00 
407       29         32         915.00 
408       29         31         915.00 
409       29         30         915.00 
410       29         29         915.00 
411       29         28         915.00 
412       29         27         915.00 
413       29         26         915.00 
414       29         25         915.00 
415       29         24         915.00 
416       29         23         915.00 
417       29         22         915.00 
418       29         21         915.00 
419       29         20         915.00 
420       29         19         915.00 
421       29         18         915.00 
422       29         17         915.00 
423       29         16         915.00 
424       29         15         915.00 
425       29         14         915.00 
426       29         13         915.00 
427       29         12         915.00 
428       29         11         915.00 
429       29         10         915.00 
430       29         9          915.00 
431       29         8          915.00 
432       29         7          915.00 
433       29         6          915.00 
434       29         5          915.00 
435       29         4          915.00 
436       29         3          915.00 
437       29         2          915.00 
438       29         1          915.00 
439       29         0          915.00 
440       28         39         915.00 
441       28         38         915.00 
442       28         37         915.00 
443       28         36         915.00 
444       28         35         915.00 
445       28         34         915.00 
446       28         33         915.00 
447       28         32         915.00 
448       28         31         915.00 
449       28         30         915.00 
450       28         29         915.00 
451       28         28         915.00 
452       28         27         915.00 
453       28         26         915.00 
454       28         25         915.00 
455       28         24         915.00 
456       28         23         915.00 
457       28         22         915.00 
458       28         21         915.00 
459       28         20         915.00 
460       28         19         915.00 
461       28         18         915.00 
462       28         17         915.00 
463       28         16         915.00 
464       28         15         915.00 
465       28         14         915.00 
466       28         13         915.00 
467       28         12         915.00 
468       28         11         915.00 
469       28         10         915.00 
470       28         9          915.00 
471       28         8          915.00 
472       28         7          915.00 
473       28         6          915.00 
474       28         5          915.00 
475       28         4          915.00 
476       28         3          915.00 
477       28         2          915.00 
478       28         1          915.00 
479       28         0          915.00 
480       27         39         915.00 
481       27         38         915.00 
482       27         37         915.00 
483       27         36         915.00 
484       27         35         915.00 
485       27         34         915.00 
486       27         33         915.00 
487       27         32         915.00 
488       27         31         915.00 
489       27         30         915.00 
490       27         29         915.00 
491       27         28         915.00 
492       27         27         915.00 
493       27         26         915.00 
494       27         25         915.00 
495       27         24         915.00 
496       27         23         915.00 
497       27         22         915.00 
498       27         21         915.00 
499       27         20         915.00 
500       27         19         915.00 
501       27         18         915.00 
502       27         17         915.00 
503       27         16         915.00 
504       27         15         915.00 
505       27         14         915.00 
506       27         13         915.00 
507       27         12         915.00 
508       27         11         915.00 
509       27         10         915.00 
510       27         9          915.00 
511       27         8          915.00 
512       27         7          915.00 
513       27         6          915.00 
514       27         5          915.00 
515       27         4          915.00 
516       27         3          915.00 
517       27         2          915.00 
518       27         1          915.00 
519       27         0          915.00 
520       26         39         915.00 
521       26         38         915.00 
522       26         37         915.00 
523       26         36         915.00 
524       26         35         915.00 
525       26         34         915.00 
526       26         33         915.00 
527       26         32         915.00 
528       26         31         915.00 
529       26         30         915.00 
530       26         29         915.00 
531       26         28         915.00 
532       26         27         915.00 
533       26         26         915.00 
534       26         25         915.00 
535       26         24         915.00 
536       26         23         915.00 
537       26         22         915.00 
538       26         21         915.00 
539       26         20         915.00 
540       26         19         915.00 
541       26         18         915.00 
542       26         17         915.00 
543       26         16         915.00 
544       26         15         915.00 
545       26         14         915.00 
546       26         13         915.00 
547       26         12         915.00 
548       26         11         915.00 
549       26         10         915.00 
550       26         9          915.00 
551       26         8          915.00 
552       26         7          915.00 
553       26         6          915.00 
554       26         5          915.00 
555       26         4          915.00 
556       26         3          915.00 
557       26         2          915.00 
558       26         1          915.00 
559       26         0          915.00 
560       25         39         915.00 
561       25         38         915.00 
562       25         37         915.00 
563       25         36         915.00 
564       25         35         915.00 
565       25         34         915.00 
566       25         33         915.00 
567       25         32         915.00 
568       25         31         915.00 
569       25         30         915.00 
570       25         29         915.00 
571       25         28         915.00 
572       25         27         915.00 
573       25         26         915.00 
574       25         25         915.00 
575       25         24         915.00 
576       25         23         915.00 
577       25         22         915.00 
578       25         21         915.00 
579       25         20         915.00 
580       25         19         915.00 
581       25         18         915.00 
582       25         17         915.00 
583       25         16         915.00 
584       25         15         915.00 
585       25         14         915.00 
586       25         13         915.00 
587       25         12         915.00 
588       25         11         915.00 
589       25         10         915.00 
590       25         9          915.00 
591       25         8          915.00 
592       25         7          915.00 
593       25         6          915.00 
594       25         5          915.00 
595       25         4          915.00 
596       25         3          915.00 
597       25         2          915.00 
598       25         1          915.00 
599       25         0          915.00 
600       24         39         915.00 
601       24         38         915.00 
602       24         37         915.00 
603       24         36         915.00 
604       24         35         915.00 
605       24         34         915.00 
606       24         33         915.00 
607       24         32         915.00 
608       24         31         915.00 
609       24         30         915.00 
610       24         29         915.00 
611       24         28         915.00 
612       24         27         915.00 
613       24         26         915.00 
614       24         25         915.00 
615       24         24         915.00 
616       24         23         915.00 
617       24         22         915.00 
618       24         21         915.00 
619       24         20         915.00 
620       24         19         915.00 
621       24         18         915.00 
622       24         17         915.00 
623       24         16         915.00 
624       24         15         915.00 
625       24         14         915.00 
626       24         13         915.00 
627       24         12         915.00 
628       24         11         915.00 
629       24         10         915.00 
630       24         9          915.00 
631       24         8          915.00 
632       24         7          915.00 
633       24         6          915.00 
634       24         5          915.00 
635       24         4          915.00 
636       24         3          915.00 
637       24         2          915.00 
638       24         1          915.00 
639       24         0          915.00 
640       23         39         915.00 
641       23         38         915.00 
642       23         37         915.00 
643       23         36         915.00 
644       23         35         915.00 
645       23         34         915.00 
646       23         33         915.00 
647       23         32         915.00 
648       23         31         915.00 
649       23         30         915.00 
650       23         29         915.00 
651       23         28         915.00 
652       23         27         915.00 
653       23         26         915.00 
654       23         25         915.00 
655       23         24         915.00 
656       23         23         915.00 
657       23         22         915.00 
658       23         21         915.00 
659       23         20         915.00 
660       23         19         915.00 
661       23         18         915.00 
662       23         17         915.00 
663       23         16         915.00 
664       23         15         915.00 
665       23         14         915.00 
666       23         13         915.00 
667       23         12         915.00 
668       23         11         915.00 
669       23         10         915.00 
670       23         9          915.00 
671       23         8          915.00 
672       23         7          915.00 
673       23         6          915.00 
674       23         5          915.00 
675       23         4          915.00 
676       23         3          915.00 
677       23         2          915.00 
678       23         1          915.00 
679       23         0          915.00 
680       22         39         915.00 
681       22         38         915.00 
682       22         37         915.00 
683       22         36         915.00 
684       22         35         915.00 
685       22         34         915.00 
686       22         33         915.00 
687       22         32         915.00 
688       22         31         915.00 
689       22         30         915.00 
690       22         29         915.00 
691       22         28         915.00 
692       22         27         915.00 
693       22         26         915.00 
694       22         25         915.00 
695       22         24         915.00 
696       22         23         915.00 
697       22         22         915.00 
698       22         21         915.00 
699       22         20         915.00 
700       22         19         915.00 
701       22         18         915.00 
702       22         17         915.00 
703       22         16         915.00 
704       22         15         915.00 
705       22         14         915.00 
706       22         13         915.00 
707       22         12         915.00 
708       22         11         915.00 
709       22         10         915.00 
710       22         9          915.00 
711       22         8          915.00 
712       22         7          915.00 
713       22         6          915.00 
714       22         5          915.00 
715       22         4          915.00 
716       22         3          915.00 
717       22         2          915.00 
718       22         1          915.00 
719       22         0          915.00 
720       21         39         915.00 
721       21         38         915.00 
722       21         37         915.00 
723       21         36         915.00 
724       21         35         915.00 
725       21         34         915.00 
726       21         33         915.00 
727       21         32         915.00 
728       21         31         915.00 
729       21         30         915.00 
730       21         29         915.00 
731       21         28         915.00 
732       21         27         915.00 
733       21         26         915.00 
734       21         25         915.00 
735       21         24         915.00 
736       21         23         915.00 
737       21         22         915.00 
738       21         21         915.00 
739       21         20         915.00 
740       21         19         915.00 
741       21         18         915.00 
742       21         17         915.00 
743       21         16         915.00 
744       21         15         915.00 
745       21         14         915.00 
746       21         13         915.00 
747       21         12         915.00 
748       21         11         915.00 
749       21         10         915.00 
750       21         9          915.00 
751       21         8          915.00 
752       21         7          915.00 
753       21         6          915.00 
754       21         5          915.00 
755       21         4          915.00 
756       21         3          915.00 
757       21         2          915.00 
758       21         1          915.00 
759       21         0          915.00 
760       20         39         915.00 
761       20         38         915.00 
762       20         37         915.00 
763       20         36         915.00 
764       20         35         915.00 
765       20         34         915.00 
766       20         33         915.00 
767       20         32         915.00 
768       20         31         915.00 
769       20         30         915.00 
770       20         29         915.00 
771       20         28         915.00 
772       20         27         915.00 
773       20         26         915.00 
774       20         25         915.00 
775       20         24         915.00 
776       20         23         915.00 
777       20         22         915.00 
778       20         21         915.00 
779       20         20         915.00 
780       20         19         915.00 
781       20         18         915.00 
782       20         17         915.00 
783       20         16         915.00 
784       20         15         915.00 
785       20         14         915.00 
786       20         13         915.00 
787       20         12         915.00 
788       20         11         915.00 
789       20         10         915.00 
790       20         9          915.00 
791       20         8          915.00 
792       20         7          915.00 
793       20         6          915.00 
794       20         5          915.00 
795       20         4          915.00 
796       20         3          915.00 
797       20         2          915.00 
798       20         1          915.00 
799       20         0          915.00 
800       19         39         915.00 
801       19         38         915.00 
802       19         37         915.00 
803       19         36         915.00 
804       19         35         915.00 
805       19         34         915.00 
806       19         33         915.00 
807       19         32         915.00 
808       19         31         915.00 
809       19         30         915.00 
810       19         29         915.00 
811       19         28         915.00 
812       19         27         915.00 
813       19         26         915.00 
814       19         25         915.00 
815       19         24         915.00 
816       19         23         915.00 
817       19         22         915.00 
818       19         21         915.00 
819       19         20         915.00 
820       19         19         915.00 
821       19         18         915.00 
822       19         17         915.00 
823       19         16         915.00 
824       19         15         915.00 
825       19         14         915.00 
826       19         13         915.00 
827       19         12         915.00 
828       19         11         915.00 
829       19         10         915.00 
830       19         9          915.00 
831       19         8          915.00 
832       19         7          915.00 
833       19         6          915.00 
834       19         5          915.00 
835       19         4          915.00 
836       19         3          915.00 
837       19         2          915.00 
838       19         1          915.00 
839       19         0          915.00 
840       18         39         915.00 
841       18         38         915.00 
842       18         37         915.00 
843       18         36         915.00 
844       18         35         915.00 
845       18         34         915.00 
846       18         33         915.00 
847       18         32         915.00 
848       18         31         915.00 
849       18         30         915.00 
850       18         29         915.00 
851       18         28         915.00 
852       18         27         915.00 
853       18         26         915.00 
854       18         25         915.00 
855       18         24         915.00 
856       18         23         915.00 
857       18         22         915.00 
858       18         21         915.00 
859       18         20         915.00 
860       18         19         915.00 
861       18         18         915.00 
862       18         17         915.00 
863       18         16         915.00 
864       18         15         915.00 
865       18         14         915.00 
866       18         13         915.00 
867       18         12         915.00 
868       18         11         915.00 
869       18         10         915.00 
870       18         9          915.00 
871       18         8          915.00 
872       18         7          915.00 
873       18         6          915.00 
874       18         5          915.00 
875       18         4          915.00 
876       18         3          915.00 
877       18         2          915.00 
878       18         1          915.00 
879       18         0          915.00 
880       17         39         915.00 
881       17         38         915.00 
882       17         37         915.00 
883       17         36         915.00 
884       17         35         915.00 
885       17         34         915.00 
886       17         33         915.00 
887       17         32         915.00 
888       17         31         915.00 
889       17         30         915.00 
890       17         29         915.00 
891       17         28         915.00 
892       17         27         915.00 
893       17         26         915.00 
894       17         25         915.00 
895       17         24         915.00 
896       17         23         915.00 
897       17         22         915.00 
898       17         21         915.00 
899       17         20         915.00 
900       17         19         915.00 
901       17         18         915.00 
902       17         17         915.00 
903       17         16         915.00 
904       17         15         915.00 
905       17         14         915.00 
906       17         13         915.00 
907       17         12         915.00 
908       17         11         915.00 
909       17         10         915.00 
910       17         9          915.00 
911       17         8          915.00 
912       17         7          915.00 
913       17         6          915.00 
914       17         5          915.00 
915       17         4          915.00 
916       17         3          915.00 
917       17         2          915.00 
918       17         1          915.00 
919       17         0          915.00 
920       16         39         915.00 
921       16         38         915.00 
922       16         37         915.00 
923       16         36         915.00 
924       16         35         915.00 
925       16         34         915.00 
926       16         33         915.00 
927       16         32         915.00 
928       16         31         915.00 
929       16         30         915.00 
930       16         29         915.00 
931       16         28         915.00 
932       16         27         915.00 
933       16         26         915.00 
934       16         25         915.00 
935       16         24         915.00 
936       16         23         915.00 
937       16         22         915.00 
938       16         21         915.00 
939       16         20         915.00 
940       16         19         915.00 
941       16         18         915.00 
942       16         17         915.00 
943       16         16         915.00 
944       16         15         915.00 
945       16         14         915.00 
946       16         13         915.00 
947       16         12         915.00 
948       16         11         915.00 
949       16         10         915.00 
950       16         9          915.00 
951       16         8          915.00 
952       16         7          915.00 
953       16         6          915.00 
954       16         5          915.00 
955       16         4          915.00 
956       16         3          915.00 
957       16         2          915.00 
958       16         1          915.00 
959       16         0          915.00 
960       15         39         915.00 
961       15         38         915.00 
962       15         37         915.00 
963       15         36         915.00 
964       15         35         915.00 
965       15         34         915.00 
966       15         33         915.00 
967       15         32         915.00 
968       15         31         915.00 
969       15         30         915.00 
970       15         29         915.00 
971       15         28         915.00 
972       15         27         915.00 
973       15         26         915.00 
974       15         25         915.00 
975       15         24         915.00 
976       15         23         915.00 
977       15         22         915.00 
978       15         21         915.00 
979       15         20         915.00 
980       15         19         915.00 
981       15         18         915.00 
982       15         17         915.00 
983       15         16         915.00 
984       15         15         915.00 
985       15         14         915.00 
986       15         13         915.00 
987       15         12         915.00 
988       15         11         915.00 
989       15         10         915.00 
990       15         9          915.00 
991       15         8          915.00 
992       15         7          915.00 
993       15         6          915.00 
994       15         5          915.00 
995       15         4          915.00 
996       15         3          915.00 
997       15         2          915.00 
998       15         1          915.00 
999       15         0          915.00 
1000      14         39         915.00 
1001      14         38         915.00 
1002      14         37         915.00 
1003      14         36         915.00 
1004      14         35         915.00 
1005      14         34         915.00 
1006      14         33         915.00 
1007      14         32         915.00 
1008      14         31         915.00 
1009      14         30         915.00 
1010      14         29         915.00 
1011      14         28         915.00 
1012      14         27         915.00 
1013      14         26         915.00 
1014      14         25         915.00 
1015      14         24         915.00 
1016      14         23         915.00 
1017      14         22         915.00 
1018      14         21         915.00 
1019      14         20         915.00 
1020      14         19         915.00 
1021      14         18         915.00 
1022      14         17         915.00 
1023      14         16         915.00 
1024      14         15         915.00 
1025      14         14         915.00 
1026      14         13         915.00 
1027      14         12         915.00 
1028      14         11         915.00 
1029      14         10         915.00 
1030      14         9          915.00 
1031      14         8          915.00 
1032      14         7          915.00 
1033      14         6          915.00 
1034      14         5          915.00 
1035      14         4          915.00 
1036      14         3          915.00 
1037      14         2          915.00 
1038      14         1          915.00 
1039      14         0          915.00 
1040      13         39         915.00 
1041      13         38         915.00 
1042      13         37         915.00 
1043      13         36         915.00 
1044      13         35         915.00 
1045      13         34         915.00 
1046      13         33         915.00 
1047      13         32         915.00 
1048      13         31         915.00 
1049      13         30         915.00 
1050      13         29         915.00 
1051      13         28         915.00 
1052      13         27         915.00 
1053      13         26         915.00 
1054      13         25         915.00 
1055      13         24         915.00 
1056      13         23         915.00 
1057      13         22         915.00 
1058      13         21         915.00 
1059      13         20         915.00 
1060      13         19         915.00 
1061      13         18         915.00 
1062      13         17         915.00 
1063      13         16         915.00 
1064      13         15         915.00 
1065      13         14         915.00 
1066      13         13         915.00 
1067      13         12         915.00 
1068      13         11         915.00 
1069      13         10         915.00 
1070      13         9          915.00 
1071      13         8          915.00 
1072      13         7          915.00 
1073      13         6          915.00 
1074      13         5          915.00 
1075      13         4          915.00 
1076      13         3          915.00 
1077      13         2          915.00 
1078      13         1          915.00 
1079      13         0          915.00 
1080      12         39         915.00 
1081      12         38         915.00 
1082      12         37         915.00 
1083      12         36         915.00 
1084      12         35         915.00 
1085      12         34         915.00 
1086      12         33         915.00 
1087      12         32         915.00 
1088      12         31         915.00 
1089      12         30         915.00 
1090      12         29         915.00 
1091      12         28         915.00 
1092      12         27         915.00 
1093      12         26         915.00 
1094      12         25         915.00 
1095      12         24         915.00 
1096      12         23         915.00 
1097      12         22         915.00 
1098      12         21         915.00 
1099      12         20         915.00 
1100      12         19         915.00 
1101      12         18         915.00 
1102      12         17         915.00 
1103      12         16         915.00 
1104      12         15         915.00 
1105      12         14         915.00 
1106      12         13         915.00 
1107      12         12         915.00 
1108      12         11         915.00 
1109      12         10         915.00 
1110      12         9          915.00 
1111      12         8          915.00 
1112      12         7          915.00 
1113      12         6          915.00 
1114      12         5          915.00 
1115      12         4          915.00 
1116      12         3          915.00 
1117      12         2          915.00 
1118      12         1          915.00 
1119      12         0          915.00 
1120      11         39         915.00 
1121      11         38         915.00 
1122      11         37         915.00 
1123      11         36         915.00 
1124      11         35         915.00 
1125      11         34         915.00 
1126      11         33         915.00 
1127      11         32         915.00 
1128      11         31         915.00 
1129      11         30         915.00 
1130      11         29         915.00 
1131      11         28         915.00 
1132      11         27         915.00 
1133      11         26         915.00 
1134      11         25         915.00 
1135      11         24         915.00 
1136      11         23         915.00 
1137      11         22         915.00 
1138      11         21         915.00 
1139      11         20         915.00 
1140      11         19         915.00 
1141      11         18         915.00 
1142      11         17         915.00 
1143      11         16         915.00 
1144      11         15         915.00 
1145      11         14         915.00 
1146      11         13         915.00 
1147      11         12         915.00 
1148      11         11         915.00 
1149      11         10         915.00 
1150      11         9          915.00 
1151      11         8          915.00 
1152      11         7          915.00 
1153      11         6          915.00 
1154      11         5          915.00 
1155      11         4          915.00 
1156      11         3          915.00 
1157      11         2          915.00 
1158      11         1          915.00 
1159      11         0          915.00 
1160      10         39         915.00 
1161      10         38         915.00 
1162      10         37         915.00 
1163      10         36         915.00 
1164      10         35         915.00 
1165      10         34         915.00 
1166      10         33         915.00 
1167      10         32         915.00 
1168      10         31         915.00 
1169      10         30         915.00 
1170      10         29         915.00 
1171      10         28         915.00 
1172      10         27         915.00 
1173      10         26         915.00 
1174      10         25         915.00 
1175      10         24         915.00 
1176      10         23         915.00 
1177      10         22         915.00 
1178      10         21         915.00 
1179      10         20         915.00 
1180      10         19         915.00 
1181      10         18         915.00 
1182      10         17         915.00 
1183      10         16         915.00 
1184      10         15         915.00 
1185      10         14         915.00 
1186      10         13         915.00 
1187      10         12         915.00 
1188      10         11         915.00 
1189      10         10         915.00 
1190      10         9          915.00 
1191      10         8          915.00 
1192      10         7          915.00 
1193      10         6          915.00 
1194      10         5          915.00 
1195      10         4          915.00 
1196      10         3          915.00 
1197      10         2          915.00 
1198      10         1          915.00 
1199      10         0          915.00 
1200      9          39         915.00 
1201      9          38         915.00 
1202      9          37         915.00 
1203      9          36         915.00 
1204      9          35         915.00 
1205      9          34         915.00 
1206      9          33         915.00 
1207      9          32         915.00 
1208      9          31         915.00 
1209      9          30         915.00 
1210      9          29         915.00 
1211      9          28         915.00 
1212      9          27         915.00 
1213      9          26         915.00 
1214      9          25         915.00 
1215      9          24         915.00 
1216      9          23         915.00 
1217      9          22         915.00 
1218      9          21         915.00 
1219      9          20         915.00 
1220      9          19         915.00 
1221      9          18         915.00 
1222      9          17         915.00 
1223      9          16         915.00 
1224      9          15         915.00 
1225      9          14         915.00 
1226      9          13         915.00 
1227      9          12         915.00 
1228      9          11         915.00 
1229      9          10         915.00 
1230      9          9          915.00 
1231      9          8          915.00 
1232      9          7          915.00 
1233      9          6          915.00 
1234      9          5          915.00 
1235      9          4          915.00 
1236      9          3          915.00 
1237      9          2          915.00 
1238      9          1          915.00 
1239      9          0          915.00 
1240      8          39         915.00 
1241      8          38         915.00 
1242      8          37         915.00 
1243      8          36         915.00 
1244      8          35         915.00 
1245      8          34         915.00 
1246      8          33         915.00 
1247      8          32         915.00 
1248      8          31         915.00 
1249      8          30         915.00 
1250      8          29         915.00 
1251      8          28         915.00 
1252      8          27         915.00 
1253      8          26         915.00 
1254      8          25         915.00 
1255      8          24         915.00 
1256      8          23         915.00 
1257      8          22         915.00 
1258      8          21         915.00 
1259      8          20         915.00 
1260      8          19         915.00 
1261      8          18         915.00 
1262      8          17         915.00 
1263      8          16         915.00 
1264      8          15         915.00 
1265      8          14         915.00 
1266      8          13         915.00 
1267      8          12         915.00 
1268      8          11         915.00 
1269      8          10         915.00 
1270      8          9          915.00 
1271      8          8          915.00 
1272      8          7          915.00 
1273      8          6          915.00 
1274      8          5          915.00 
1275      8          4          915.00 
1276      8          3          915.00 
1277      8          2          915.00 
1278      8          1          915.00 
1279      8          0          915.00 
1280      7          39         915.00 
1281      7          38         915.00 
1282      7          37         915.00 
1283      7          36         915.00 
1284      7          35         915.00 
1285      7          34         915.00 
1286      7          33         915.00 
1287      7          32         915.00 
1288      7          31         915.00 
1289      7          30         915.00 
1290      7          29         915.00 
1291      7          28         915.00 
1292      7          27         915.00 
1293      7          26         915.00 
1294      7          25         915.00 
1295      7          24         915.00 
1296      7          23         915.00 
1297      7          22         915.00 
1298      7          21         915.00 
1299      7          20         915.00 
1300      7          19         915.00 
1301      7          18         915.00 
1302      7          17         915.00 
1303      7          16         915.00 
1304      7          15         915.00 
1305      7          14         915.00 
1306      7          13         915.00 
1307      7          12         915.00 
1308      7          11         915.00 
1309      7          10         915.00 
1310      7          9          915.00 
1311      7          8          915.00 
1312      7          7          915.00 
1313      7          6          915.00 
1314      7          5          915.00 
1315      7          4          915.00 
1316      7          3          915.00 
1317      7          2          915.00 
1318      7          1          915.00 
1319      7          0          915.00 
1320      6          39         915.00 
1321      6          38         915.00 
1322      6          37         915.00 
1323      6          36         915.00 
1324      6          35         915.00 
1325      6          34         915.00 
1326      6          33         915.00 
1327      6          32         915.00 
1328      6          31         915.00 
1329      6          30         915.00 
1330      6          29         915.00 
1331      6          28         915.00 
1332      6          27         915.00 
1333      6          26         915.00 
1334      6          25         915.00 
1335      6          24         915.00 
1336      6          23         915.00 
1337      6          22         915.00 
1338      6          21         915.00 
1339      6          20         915.00 
1340      6          19         915.00 
1341      6          18         915.00 
1342      6          17         915.00 
1343      6          16         915.00 
1344      6          15         915.00 
1345      6          14         915.00 
1346      6          13         915.00 
1347      6          12         915.00 
1348      6          11         915.00 
1349      6          10         915.00 
1350      6          9          915.00 
1351      6          8          915.00 
1352      6          7          915.00 
1353      6          6          915.00 
1354      6          5          915.00 
1355      6          4          915.00 
1356      6          3          915.00 
1357      6          2          915.00 
1358      6          1          915.00 
1359      6          0          915.00 
1360      5          39         915.00 
1361      5          38         915.00 
1362      5          37         915.00 
1363      5          36         915.00 
1364      5          35         915.00 
1365      5          34         915.00 
1366      5          33         915.00 
1367      5          32         915.00 
1368      5          31         915.00 
1369      5          30         915.00 
1370      5          29         915.00 
1371      5          28         915.00 
1372      5          27         915.00 
1373      5          26         915.00 
1374      5          25         915.00 
1375      5          24         915.00 
1376      5          23         915.00 
1377      5          22         915.00 
1378      5          21         915.00 
1379      5          20         915.00 
1380      5          19         915.00 
1381      5          18         915.00 
1382      5          17         915.00 
1383      5          16         915.00 
1384      5          15         915.00 
1385      5          14         915.00 
1386      5          13         915.00 
1387      5          12         915.00 
1388      5          11         915.00 
1389      5          10         915.00 
1390      5          9          915.00 
1391      5          8          915.00 
1392      5          7          915.00 
1393      5          6          915.00 
1394      5          5          915.00 
1395      5          4          915.00 
1396      5          3          915.00 
1397      5          2          915.00 
1398      5          1          915.00 
1399      5          0          915.00 
1400      4          39         915.00 
1401      4          38         915.00 
1402      4          37         915.00 
1403      4          36         915.00 
1404      4          35         915.00 
1405      4          34         915.00 
1406      4          33         915.00 
1407      4          32         915.00 
1408      4          31         915.00 
1409      4          30         915.00 
1410      4          29         915.00 
1411      4          28         915.00 
1412      4          27         915.00 
1413      4          26         915.00 
1414      4          25         915.00 
1415      4          24         915.00 
1416      4          23         915.00 
1417      4          22         915.00 
1418      4          21         915.00 
1419      4          20         915.00 
1420      4          19         915.00 
1421      4          18         915.00 
1422      4          17         915.00 
1423      4          16         915.00 
1424      4          15         915.00 
1425      4          14         915.00 
1426      4          13         915.00 
1427      4          12         915.00 
1428      4          11         915.00 
1429      4          10         915.00 
1430      4          9          915.00 
1431      4          8          915.00 
1432      4          7          915.00 
1433      4          6          915.00 
1434      4          5          915.00 
1435      4          4          915.00 
1436      4          3          915.00 
1437      4          2          915.00 
1438      4          1          915.00 
1439      4          0          915.00 
1440      3          39         915.00 
1441      3          38         915.00 
1442      3          37         915.00 
1443      3          36         915.00 
1444      3          35         915.00 
1445      3          34         915.00 
1446      3          33         915.00 
1447      3          32         915.00 
1448      3          31         915.00 
1449      3          30         915.00 
1450      3          29         915.00 
1451      3          28         915.00 
1452      3          27         915.00 
1453      3          26         915.00 
1454      3          25         915.00 
1455      3          24         915.00 
1456      3          23         915.00 
1457      3          22         915.00 
1458      3          21         915.00 
1459      3          20         915.00 
1460      3          19         915.00 
1461      3          18         915.00 
1462      3          17         915.00 
1463      3          16         915.00 
1464      3          15         915.00 
1465      3          14         915.00 
1466      3          13         915.00 
1467      3          12         915.00 
1468      3          11         915.00 
1469      3          10         915.00 
1470      3          9          915.00 
1471      3          8          915.00 
1472      3          7          915.00 
1473      3          6          915.00 
1474      3          5          915.00 
1475      3          4          915.00 
1476      3          3          915.00 
1477      3          2          915.00 
1478      3          1          915.00 
1479      3          0          915.00 
1480      2          39         915.00 
1481      2          38         915.00 
1482      2          37         915.00 
1483      2          36         915.00 
1484      2          35         915.00 
1485      2          34         915.00 
1486      2          33         915.00 
1487      2          32         915.00 
1488      2          31         915.00 
1489      2          30         915.00 
1490      2          29         915.00 
1491      2          28         915.00 
1492      2          27         915.00 
1493      2          26         915.00 
1494      2          25         915.00 
1495      2          24         915.00 
1496      2          23         915.00 
1497      2          22         915.00 
1498      2          21         915.00 
1499      2          20         915.00 
1500      2          19         915.00 
1501      2          18         915.00 
1502      2          17         915.00 
1503      2          16         915.00 
1504      2          15         915.00 
1505      2          14         915.00 
1506      2          13         915.00 
1507      2          12         915.00 
1508      2          11         915.00 
1509      2          10         915.00 
1510      2          9          915.00 
1511      2          8          915.00 
1512      2          7          915.00 
1513      2          6          915.00 
1514      2          5          915.00 
1515      2          4          915.00 
1516      2          3          915.00 
1517      2          2          915.00 
1518      2          1          915.00 
1519      2          0          915.00 
1520      1          39         915.00 
1521      1          38         915.00 
1522      1          37         915.00 
1523      1          36         915.00 
1524      1          35         915.00 
1525      1          34         915.00 
1526      1          33         915.00 
1527      1          32         915.00 
1528      1          31         915.00 
1529      1          30         915.00 
1530      1          29         915.00 
1531      1          28         915.00 
1532      1          27         915.00 
1533      1          26         915.00 
1534      1          25         915.00 
1535      1          24         915.00 
1536      1          23         915.00 
1537      1          22         915.00 
1538      1          21         915.00 
1539      1          20         915.00 
1540      1          19         915.00 
1541      1          18         915.00 
1542      1          17         915.00 
1543      1          16         915.00 
1544      1          15         915.00 
1545      1          14         915.00 
1546      1          13         915.00 
1547      1          12         915.00 
1548      1          11         915.00 
1549      1          10         915.00 
1550      1          9          915.00 
1551      1          8          915.00 
1552      1          7          915.00 
1553      1          6          915.00 
1554      1          5          915.00 
1555      1          4          915.00 
1556      1          3          915.00 
1557      1          2          915.00 
1558      1          1          915.00 
1559      1          0          915.00 
1560      0          39         915.00 
1561      0          38         915.00 
1562      0          37         915.00 
1563      0          36         915.00 
1564      0          35         915.00 
1565      0          34         915.00 
1566      0          33         915.00 
1567      0          32         915.00 
1568      0          31         915.00 
1569      0          30         915.00 
1570      0          29         915.00 
1571      0          28         915.00 
1572      0          27         915.00 
1573      0          26         915.00 
1574      0          25         915.00 
1575      0          24         915.00 
1576      0          23         915.00 
1577      0          22         915.00 
1578      0          21         915.00 
1579      0          20         915.00 
1580      0          19         915.00 
1581      0          18         915.00 
1582      0          17         915.00 
1583      0          16         915.00 
1584      0          15         915.00 
1585      0          14         915.00 
1586      0          13         915.00 
1587      0          12         915.00 
1588      0          11         915.00 
1589      0          10         915.00 
1590      0          9          915.00 
1591      0          8          915.00 
1592      0          7          915.00 
1593      0          6          915.00 
1594      0          5          915.00 
1595      0          4          915.00 
1596      0          3          915.00 
1597      0          2          915.00 
1598      0          1          915.00 
1599      0          0          915.00 
