// index column row  mean  error sigma   chi2/ndf width
   0   39   39  77.497      0.034   10.000   1420.845    23.300   
   1   39   38  77.368      0.019   10.000   4818.955    23.300   
   2   39   37  77.294      0.031   10.000   1732.071    23.300   
   3   39   36  77.364      0.034   10.000   1495.864    23.300   
   4   39   35  77.296      0.038   10.000   1169.510    23.300   
   5   39   34  77.329      0.031   10.000   1699.506    23.300   
   6   39   33  77.335      0.027   10.000   2319.442    23.300   
   7   39   32  77.432      0.031   10.000   1711.455    23.300   
   8   39   31  77.341      0.060   10.000   456.759    23.300   
   9   39   30  77.393      0.022   10.000   3558.607    23.300   
  10   39   29  77.313      0.033   10.000   1534.486    23.300   
  11   39   28  77.438      0.027   10.000   2366.095    23.300   
  12   39   27  77.366      0.046   10.000   778.164    23.300   
  13   39   26  77.262      0.043   10.000   876.514    23.300   
  14   39   25  77.358      0.028   10.000   2071.203    23.300   
  15   39   24  77.372      0.025   10.000   2664.149    23.300   
  16   39   23  77.390      0.077   10.000   278.325    23.300   
  17   39   22  20.348     77.122   10.000   -0.000    23.300   
  18   39   21  77.206      0.083   10.000   244.502    23.300   
  19   39   20  77.465      0.031   10.000   1731.508    23.300   
  20   39   19  77.129      0.202   10.000   35.351    23.300   
  21   39   18  77.551      0.088   10.000   208.525    23.300   
  22   39   17  20.348     77.122   10.000   -0.000    23.300   
  23   39   16  77.260      0.124   10.000   103.885    23.300   
  24   39   15  77.414      0.040   10.000   1043.081    23.300   
  25   39   14  77.327      0.088   10.000   211.609    23.300   
  26   39   13  77.420      0.063   10.000   411.243    23.300   
  27   39   12  77.489      0.075   10.000   293.748    23.300   
  28   39   11  77.427      0.059   10.000   474.778    23.300   
  29   39   10  77.352      0.106   10.000   144.167    23.300   
  30   39    9  77.401      0.073   10.000   311.080    23.300   
  31   39    8  77.517      0.054   10.000   569.280    23.300   
  32   39    7  77.467      0.045   10.000   823.460    23.300   
  33   39    6  77.234      0.157   10.000   59.828    23.300   
  34   39    5  77.302      0.106   10.000   146.892    23.300   
  35   39    4  77.473      0.061   10.000   447.500    23.300   
  36   39    3  20.348     77.122   10.000   -0.000    23.300   
  37   39    2  77.457      0.075   10.000   295.597    23.300   
  38   39    1  77.615      0.111   10.000   129.758    23.300   
  39   39    0  20.348     77.122   10.000   -0.000    23.300   
  40   38   39  20.348     77.122   10.000   -0.000    23.300   
  41   38   38  20.348     77.122   10.000   -0.000    23.300   
  42   38   37  77.479      0.043   10.000   896.646    23.300   
  43   38   36  77.457      0.023   10.000   3079.740    23.300   
  44   38   35  77.393      0.046   10.000   808.882    23.300   
  45   38   34  77.398      0.026   10.000   2403.949    23.300   
  46   38   33  77.363      0.034   10.000   1399.440    23.300   
  47   38   32  77.417      0.026   10.000   2522.000    23.300   
  48   38   31  77.376      0.033   10.000   1535.042    23.300   
  49   38   30  77.411      0.045   10.000   819.308    23.300   
  50   38   29  77.397      0.032   10.000   1633.696    23.300   
  51   38   28  77.435      0.028   10.000   2173.558    23.300   
  52   38   27  77.388      0.078   10.000   265.455    23.300   
  53   38   26  77.531      0.068   10.000   359.052    23.300   
  54   38   25  77.355      0.052   10.000   625.282    23.300   
  55   38   24  77.357      0.020   10.000   4191.160    23.300   
  56   38   23  77.394      0.043   10.000   935.041    23.300   
  57   38   22  77.443      0.047   10.000   747.994    23.300   
  58   38   21  77.557      0.083   10.000   241.153    23.300   
  59   38   20  77.336      0.026   10.000   2415.344    23.300   
  60   38   19  77.567      0.133   10.000   82.211    23.300   
  61   38   18  20.348     77.122   10.000   -0.000    23.300   
  62   38   17  77.721      0.203   10.000   33.957    23.300   
  63   38   16  77.712      0.059   10.000   484.771    23.300   
  64   38   15  77.514      0.083   10.000   242.619    23.300   
  65   38   14  77.509      0.088   10.000   211.030    23.300   
  66   38   13  77.473      0.043   10.000   917.531    23.300   
  67   38   12  76.854      0.202   10.000   34.179    23.300   
  68   38   11  77.484      0.075   10.000   294.726    23.300   
  69   38   10  77.271      0.097   10.000   173.840    23.300   
  70   38    9  20.348     77.122   10.000   -0.000    23.300   
  71   38    8  77.345      0.106   10.000   143.712    23.300   
  72   38    7  77.616      0.203   10.000   33.679    23.300   
  73   38    6  77.454      0.117   10.000   115.882    23.300   
  74   38    5  20.348     77.122   10.000   -0.000    23.300   
  75   38    4  77.432      0.033   10.000   1497.605    23.300   
  76   38    3  77.382      0.249   10.000   23.121    23.300   
  77   38    2  77.511      0.041   10.000   961.589    23.300   
  78   38    1  77.079      0.013   10.000   10084.581    23.300   
  79   38    0  77.146      0.014   10.000   8658.826    23.300   
  80   37   39  20.348     77.122   10.000   -0.000    23.300   
  81   37   38  20.348     77.122   10.000   -0.000    23.300   
  82   37   37  78.378      0.354   10.000   11.766    23.300   
  83   37   36  77.965      0.158   10.000   61.044    23.300   
  84   37   35  77.375      0.053   10.000   587.156    23.300   
  85   37   34  77.428      0.018   10.000   5021.783    23.300   
  86   37   33  77.506      0.057   10.000   509.860    23.300   
  87   37   32  77.387      0.028   10.000   2114.514    23.300   
  88   37   31  77.399      0.070   10.000   338.510    23.300   
  89   37   30  77.481      0.045   10.000   811.502    23.300   
  90   37   29  77.395      0.029   10.000   1965.104    23.300   
  91   37   28  77.446      0.032   10.000   1624.370    23.300   
  92   37   27  77.334      0.036   10.000   1277.964    23.300   
  93   37   26  77.402      0.024   10.000   2869.061    23.300   
  94   37   25  77.346      0.101   10.000   158.394    23.300   
  95   37   24  77.455      0.044   10.000   853.629    23.300   
  96   37   23  77.406      0.046   10.000   776.856    23.300   
  97   37   22  77.370      0.055   10.000   557.272    23.300   
  98   37   21  77.461      0.056   10.000   536.784    23.300   
  99   37   20  77.386      0.038   10.000   1171.449    23.300   
 100   37   19  77.299      0.083   10.000   234.531    23.300   
 101   37   18  77.327      0.091   10.000   199.928    23.300   
 102   37   17  77.446      0.085   10.000   223.915    23.300   
 103   37   16  77.494      0.065   10.000   386.977    23.300   
 104   37   15  77.419      0.068   10.000   360.665    23.300   
 105   37   14  77.647      0.117   10.000   114.755    23.300   
 106   37   13  77.491      0.203   10.000   34.304    23.300   
 107   37   12  77.522      0.050   10.000   653.741    23.300   
 108   37   11  77.558      0.097   10.000   170.015    23.300   
 109   37   10  77.467      0.106   10.000   145.572    23.300   
 110   37    9  77.688      0.203   10.000   35.680    23.300   
 111   37    8  77.371      0.083   10.000   240.705    23.300   
 112   37    7  77.518      0.143   10.000   71.341    23.300   
 113   37    6  77.270      0.117   10.000   118.715    23.300   
 114   37    5  77.314      0.080   10.000   253.535    23.300   
 115   37    4  20.348     77.122   10.000   -0.000    23.300   
 116   37    3  77.086      0.015   10.000   7648.937    23.300   
 117   37    2  77.087      0.008   10.000   25895.108    23.300   
 118   37    1  77.031      0.030   10.000   1845.508    23.300   
 119   37    0  77.155      0.017   10.000   5703.732    23.300   
 120   36   39  20.348     77.122   10.000   -0.000    23.300   
 121   36   38  77.785      0.177   10.000   47.531    23.300   
 122   36   37  78.063      0.355   10.000   11.234    23.300   
 123   36   36  20.348     77.122   10.000   -0.000    23.300   
 124   36   35  20.348     77.122   10.000   -0.000    23.300   
 125   36   34  77.438      0.039   10.000   1127.662    23.300   
 126   36   33  77.474      0.051   10.000   622.809    23.300   
 127   36   32  77.425      0.041   10.000   980.102    23.300   
 128   36   31  77.467      0.036   10.000   1283.817    23.300   
 129   36   30  77.281      0.106   10.000   147.280    23.300   
 130   36   29  77.500      0.047   10.000   749.816    23.300   
 131   36   28  77.409      0.022   10.000   3464.537    23.300   
 132   36   27  77.380      0.034   10.000   1418.106    23.300   
 133   36   26  77.475      0.043   10.000   908.015    23.300   
 134   36   25  77.547      0.176   10.000   46.301    23.300   
 135   36   24  77.534      0.157   10.000   58.492    23.300   
 136   36   23  78.192      0.158   10.000   57.655    23.300   
 137   36   22  77.592      0.075   10.000   288.694    23.300   
 138   36   21  78.143      0.204   10.000   33.927    23.300   
 139   36   20  20.348     77.122   10.000   -0.000    23.300   
 140   36   19  77.775      0.203   10.000   33.527    23.300   
 141   36   18  77.699      0.249   10.000   23.096    23.300   
 142   36   17  77.700      0.157   10.000   58.650    23.300   
 143   36   16  77.502      0.102   10.000   156.479    23.300   
 144   36   15  77.665      0.081   10.000   253.587    23.300   
 145   36   14  77.063      0.175   10.000   45.800    23.300   
 146   36   13  20.348     77.122   10.000   -0.000    23.300   
 147   36   12  77.446      0.046   10.000   798.829    23.300   
 148   36   11  77.512      0.056   10.000   546.203    23.300   
 149   36   10  77.497      0.063   10.000   423.606    23.300   
 150   36    9  77.451      0.101   10.000   162.136    23.300   
 151   36    8  77.803      0.144   10.000   71.218    23.300   
 152   36    7  77.418      0.081   10.000   252.919    23.300   
 153   36    6  77.579      0.061   10.000   441.681    23.300   
 154   36    5  77.629      0.091   10.000   200.096    23.300   
 155   36    4  77.098      0.008   10.000   24447.723    23.300   
 156   36    3  77.097      0.007   10.000   30013.162    23.300   
 157   36    2  77.123      0.023   10.000   3191.670    23.300   
 158   36    1  77.081      0.011   10.000   14572.195    23.300   
 159   36    0  77.075      0.008   10.000   24303.062    23.300   
 160   35   39  77.922      0.102   10.000   152.753    23.300   
 161   35   38  78.248      0.250   10.000   23.625    23.300   
 162   35   37  20.348     77.122   10.000   -0.000    23.300   
 163   35   36  77.702      0.249   10.000   22.041    23.300   
 164   35   35  20.348     77.122   10.000   -0.000    23.300   
 165   35   34  78.021      0.250   10.000   23.238    23.300   
 166   35   33  77.546      0.157   10.000   58.672    23.300   
 167   35   32  20.348     77.122   10.000   -0.000    23.300   
 168   35   31  77.709      0.351   10.000   11.675    23.300   
 169   35   30  77.885      0.091   10.000   197.747    23.300   
 170   35   29  77.795      0.102   10.000   160.574    23.300   
 171   35   28  77.839      0.074   10.000   307.188    23.300   
 172   35   27  77.725      0.111   10.000   135.073    23.300   
 173   35   26  77.632      0.204   10.000   33.039    23.300   
 174   35   25  77.867      0.112   10.000   132.741    23.300   
 175   35   24  77.453      0.203   10.000   33.540    23.300   
 176   35   23  77.603      0.144   10.000   73.021    23.300   
 177   35   22  77.757      0.144   10.000   72.295    23.300   
 178   35   21  77.708      0.250   10.000   23.926    23.300   
 179   35   20  78.048      0.354   10.000   12.115    23.300   
 180   35   19  20.348     77.122   10.000   -0.000    23.300   
 181   35   18  20.348     77.122   10.000   -0.000    23.300   
 182   35   17  77.628      0.117   10.000   118.378    23.300   
 183   35   16  20.348     77.122   10.000   -0.000    23.300   
 184   35   15  77.415      0.101   10.000   157.379    23.300   
 185   35   14  77.527      0.061   10.000   450.701    23.300   
 186   35   13  77.368      0.203   10.000   33.773    23.300   
 187   35   12  77.654      0.248   10.000   23.338    23.300   
 188   35   11  20.348     77.122   10.000   -0.000    23.300   
 189   35   10  77.659      0.248   10.000   22.730    23.300   
 190   35    9  20.348     77.122   10.000   -0.000    23.300   
 191   35    8  77.581      0.203   10.000   37.274    23.300   
 192   35    7  77.389      0.124   10.000   101.561    23.300   
 193   35    6  77.543      0.143   10.000   72.761    23.300   
 194   35    5  77.152      0.033   10.000   1490.050    23.300   
 195   35    4  77.068      0.020   10.000   4210.609    23.300   
 196   35    3  76.919      0.174   10.000   49.083    23.300   
 197   35    2  20.348     77.122   10.000   -0.000    23.300   
 198   35    1  20.348     77.122   10.000   -0.000    23.300   
 199   35    0  77.076      0.011   10.000   14838.406    23.300   
 200   34   39  20.348     77.122   10.000   -0.000    23.300   
 201   34   38  20.348     77.122   10.000   -0.000    23.300   
 202   34   37  20.348     77.122   10.000   -0.000    23.300   
 203   34   36  77.713      0.203   10.000   34.725    23.300   
 204   34   35  20.348     77.122   10.000   -0.000    23.300   
 205   34   34  20.348     77.122   10.000   -0.000    23.300   
 206   34   33  20.348     77.122   10.000   -0.000    23.300   
 207   34   32  77.545      0.175   10.000   47.401    23.300   
