// index column row  mean  error sigma   chi2/ndf width  status
   0   39   39 123.433    0.141   40.000   3343.655    93.200   FAILED
   1   39   38 123.380    0.077   40.000   12807.889    93.200   FAILED
   2   39   37 123.413    0.128   40.000   4214.938    93.200   FAILED
   3   39   36 123.341    0.139   40.000   3566.855    93.200   FAILED
   4   39   35 123.241    0.156   40.000   2613.798    93.200   FAILED
   5   39   34 123.303    0.129   40.000   4176.585    93.200   FAILED
   6   39   33 123.459    0.111   40.000   5900.054    93.200   FAILED
   7   39   32 123.469    0.129   40.000   4177.308    93.200   FAILED
   8   39   31 123.491    0.248   40.000   933.004    93.200   FAILED
   9   39   30 123.476    0.089   40.000   9525.584    93.200   FAILED
  10   39   29 123.480    0.137   40.000   3645.720    93.200   FAILED
  11   39   28 123.361    0.110   40.000   5992.692    93.200   FAILED
  12   39   27 123.522    0.192   40.000   1697.859    93.200   FAILED
  13   39   26 123.190    0.180   40.000   1970.618    93.200   FAILED
  14   39   25 123.397    0.117   40.000   5294.046    93.200   FAILED
  15   39   24 123.412    0.103   40.000   6918.565    93.200   FAILED
  16   39   23 123.320    0.316   40.000   612.802    93.200   FAILED
  17   39   22   3.084   167.244   30.000   -0.000    69.900   FAILED
  18   39   21 123.436    0.341   40.000   488.182    93.200   FAILED
  19   39   20 123.455    0.128   40.000   4298.284    93.200   FAILED
  20   39   19 123.356    0.835   40.000   59.665    93.200   FAILED
  21   39   18 123.704    0.362   40.000   429.186    93.200   FAILED
  22   39   17   3.084   167.244   30.000   -0.000    69.900   FAILED
  23   39   16 122.922    0.511   40.000   195.782    93.200   FAILED
  24   39   15 123.379    0.164   40.000   2370.335    93.200   FAILED
  25   39   14 123.191    0.362   40.000   439.887    93.200   FAILED
  26   39   13 123.683    0.260   40.000   906.403    93.200   FAILED
  27   39   12 123.402    0.309   40.000   602.276    93.200   FAILED
  28   39   11 123.401    0.245   40.000   996.853    93.200   FAILED
  29   39   10 123.605    0.436   40.000   250.634    93.200   FAILED
  30   39    9 123.527    0.302   40.000   612.370    93.200   FAILED
  31   39    8 123.464    0.223   40.000   1255.889    93.200   FAILED
  32   39    7 123.516    0.187   40.000   1908.357    93.200   FAILED
  33   39    6 123.406    0.647   40.000   108.897    93.200   FAILED
  34   39    5 123.380    0.436   40.000   260.443    93.200   FAILED
  35   39    4 123.433    0.252   40.000   946.646    93.200   FAILED
  36   39    3   3.084   167.244   30.000   -0.000    69.900   FAILED
  37   39    2 123.849    0.309   40.000   453.446    93.200   FAILED
  38   39    1 123.818    0.459   40.000   184.406    93.200   FAILED
  39   39    0   3.084   167.244   30.000   -0.000    69.900   FAILED
  40   38   39   3.084   167.244   30.000   -0.000    69.900   FAILED
  41   38   38   3.084   167.244   30.000   -0.000    69.900   FAILED
  42   38   37 123.628    0.178   40.000   2014.701    93.200   FAILED
  43   38   36 123.446    0.096   40.000   8084.011    93.200   FAILED
  44   38   35 123.358    0.188   40.000   1759.157    93.200   FAILED
  45   38   34 123.406    0.108   40.000   6239.816    93.200   FAILED
  46   38   33 123.350    0.142   40.000   3211.730    93.200   FAILED
  47   38   32 123.480    0.106   40.000   6542.677    93.200   FAILED
  48   38   31 123.302    0.136   40.000   3560.851    93.200   FAILED
  49   38   30 123.386    0.187   40.000   1837.661    93.200   FAILED
  50   38   29 123.521    0.132   40.000   3919.018    93.200   FAILED
  51   38   28 123.450    0.114   40.000   5532.365    93.200   FAILED
  52   38   27 123.403    0.324   40.000   565.190    93.200   FAILED
  53   38   26 123.349    0.279   40.000   744.022    93.200   FAILED
  54   38   25 123.529    0.213   40.000   1364.096    93.200   FAILED
  55   38   24 123.396    0.082   40.000   11086.012    93.200   FAILED
  56   38   23 123.437    0.176   40.000   2075.863    93.200   FAILED
  57   38   22 123.353    0.195   40.000   1659.872    93.200   FAILED
  58   38   21 123.897    0.341   40.000   350.867    93.200   FAILED
  59   38   20 123.398    0.109   40.000   6143.025    93.200   FAILED
  60   38   19 123.873    0.547   40.000   119.096    93.200   FAILED
  61   38   18   3.084   167.244   30.000   -0.000    69.900   FAILED
  62   38   17 123.858    0.837   40.000   41.380    93.200   FAILED
  63   38   16 123.782    0.242   40.000   753.111    93.200   FAILED
  64   38   15 123.557    0.341   40.000   463.302    93.200   FAILED
  65   38   14 123.567    0.362   40.000   382.856    93.200   FAILED
  66   38   13 123.513    0.176   40.000   2067.273    93.200   FAILED
  67   38   12 122.877    0.835   40.000   57.211    93.200   FAILED
  68   38   11 123.462    0.309   40.000   567.226    93.200   FAILED
  69   38   10 123.450    0.401   40.000   302.049    93.200   FAILED
  70   38    9   3.084   167.244   30.000   -0.000    69.900   FAILED
  71   38    8 123.499    0.437   40.000   277.734    93.200   FAILED
  72   38    7 123.444    0.836   40.000   44.506    93.200   FAILED
  73   38    6 123.710    0.483   40.000   211.725    93.200   FAILED
  74   38    5   3.084   167.244   30.000   -0.000    69.900   FAILED
  75   38    4 123.436    0.137   40.000   3517.425    93.200   FAILED
  76   38    3 124.890    1.023   40.000   26.214    93.200   FAILED
  77   38    2 123.607    0.171   40.000   2125.166    93.200   FAILED
  78   38    1 122.942    0.053   40.000   26585.480    93.200   FAILED
  79   38    0 123.066    0.057   40.000   23355.455    93.200   FAILED
  80   37   39   3.084   167.244   30.000   -0.000    69.900   FAILED
  81   37   38   3.084   167.244   30.000   -0.000    69.900   FAILED
  82   37   37 124.676    1.453   40.000   10.894    93.200   FAILED
  83   37   36 124.122    0.649   40.000   86.470    93.200   FAILED
  84   37   35 123.236    0.221   40.000   1264.225    93.200   FAILED
  85   37   34 123.480    0.075   40.000   13579.053    93.200   FAILED
  86   37   33 123.709    0.235   40.000   1088.607    93.200   FAILED
  87   37   32 123.354    0.116   40.000   5420.863    93.200   FAILED
  88   37   31 123.365    0.290   40.000   655.459    93.200   FAILED
  89   37   30 123.618    0.187   40.000   1853.512    93.200   FAILED
  90   37   29 123.380    0.120   40.000   5016.215    93.200   FAILED
  91   37   28 123.427    0.133   40.000   3860.635    93.200   FAILED
  92   37   27 123.472    0.149   40.000   2995.297    93.200   FAILED
  93   37   26 123.532    0.099   40.000   7461.154    93.200   FAILED
  94   37   25 123.337    0.418   40.000   294.529    93.200   FAILED
  95   37   24 123.436    0.182   40.000   1934.001    93.200   FAILED
  96   37   23 123.483    0.192   40.000   1673.075    93.200   FAILED
  97   37   22 123.432    0.226   40.000   1206.814    93.200   FAILED
  98   37   21 123.312    0.229   40.000   1097.463    93.200   FAILED
  99   37   20 123.445    0.156   40.000   2699.221    93.200   FAILED
 100   37   19 123.411    0.341   40.000   491.420    93.200   FAILED
 101   37   18 123.423    0.374   40.000   384.038    93.200   FAILED
 102   37   17 122.987    0.351   40.000   432.067    93.200   FAILED
 103   37   16 123.833    0.269   40.000   564.390    93.200   FAILED
 104   37   15 123.402    0.279   40.000   784.928    93.200   FAILED
 105   37   14 123.921    0.483   40.000   157.453    93.200   FAILED
 106   37   13 123.594    0.836   40.000   61.283    93.200   FAILED
 107   37   12 123.478    0.207   40.000   1385.214    93.200   FAILED
 108   37   11 123.417    0.402   40.000   304.957    93.200   FAILED
 109   37   10 123.661    0.437   40.000   288.863    93.200   FAILED
 110   37    9 123.448    0.837   40.000   59.054    93.200   FAILED
 111   37    8 123.683    0.341   40.000   487.583    93.200   FAILED
 112   37    7 123.370    0.591   40.000   150.691    93.200   FAILED
 113   37    6 123.451    0.482   40.000   214.294    93.200   FAILED
 114   37    5 123.417    0.332   40.000   502.063    93.200   FAILED
 115   37    4   3.084   167.244   30.000   -0.000    69.900   FAILED
 116   37    3 123.078    0.061   40.000   20308.349    93.200   FAILED
 117   37    2 123.040    0.033   40.000   69458.358    93.200   FAILED
 118   37    1 122.942    0.125   40.000   4498.231    93.200   FAILED
 119   37    0 123.053    0.071   40.000   14969.960    93.200   FAILED
 120   36   39   3.084   167.244   30.000   -0.000    69.900   FAILED
 121   36   38 124.427    0.726   40.000   51.078    93.200   FAILED
 122   36   37 124.376    1.456   40.000    8.855    93.200   FAILED
 123   36   36   3.084   167.244   30.000   -0.000    69.900   FAILED
 124   36   35   3.084   167.244   30.000   -0.000    69.900   FAILED
 125   36   34 123.495    0.159   40.000   2532.116    93.200   FAILED
 126   36   33 123.680    0.211   40.000   1419.404    93.200   FAILED
 127   36   32 123.462    0.171   40.000   2233.797    93.200   FAILED
 128   36   31 123.553    0.149   40.000   3058.334    93.200   FAILED
 129   36   30 123.120    0.436   40.000   274.930    93.200   FAILED
 130   36   29 123.610    0.193   40.000   1701.718    93.200   FAILED
 131   36   28 123.436    0.091   40.000   9095.799    93.200   FAILED
 132   36   27 123.376    0.141   40.000   3233.876    93.200   FAILED
 133   36   26 123.399    0.177   40.000   2061.264    93.200   FAILED
 134   36   25 124.010    0.724   40.000   62.507    93.200   FAILED
 135   36   24 124.750    0.647   40.000   80.996    93.200   FAILED
 136   36   23 124.625    0.649   40.000   79.504    93.200   FAILED
 137   36   22 123.646    0.309   40.000   618.540    93.200   FAILED
 138   36   21 123.981    0.838   40.000   46.059    93.200   FAILED
 139   36   20   3.084   167.244   30.000   -0.000    69.900   FAILED
 140   36   19 123.654    0.836   40.000   49.327    93.200   FAILED
 141   36   18 124.003    1.025   40.000   27.495    93.200   FAILED
 142   36   17 123.528    0.649   40.000   104.585    93.200   FAILED
 143   36   16 124.062    0.418   40.000   209.281    93.200   FAILED
 144   36   15 123.667    0.333   40.000   505.438    93.200   FAILED
 145   36   14 122.723    0.724   40.000   76.770    93.200   FAILED
 146   36   13   3.084   167.244   30.000   -0.000    69.900   FAILED
 147   36   12 123.551    0.189   40.000   1795.721    93.200   FAILED
 148   36   11 123.462    0.229   40.000   1164.008    93.200   FAILED
 149   36   10 123.741    0.260   40.000   646.287    93.200   FAILED
 150   36    9 123.109    0.418   40.000   283.581    93.200   FAILED
 151   36    8 123.585    0.592   40.000   131.836    93.200   FAILED
 152   36    7 123.699    0.332   40.000   544.805    93.200   FAILED
 153   36    6 123.766    0.252   40.000   702.374    93.200   FAILED
 154   36    5 123.386    0.374   40.000   399.805    93.200   FAILED
 155   36    4 123.032    0.034   40.000   65772.130    93.200   FAILED
 156   36    3 123.014    0.031   40.000   80712.690    93.200   FAILED
 157   36    2 123.067    0.095   40.000   8261.951    93.200   FAILED
 158   36    1 122.998    0.044   40.000   39016.922    93.200   FAILED
 159   36    0 122.984    0.034   40.000   64737.600    93.200   FAILED
 160   35   39 124.433    0.419   40.000   235.233    93.200   FAILED
 161   35   38 123.806    1.029   40.000   25.502    93.200   FAILED
 162   35   37   3.084   167.244   30.000   -0.000    69.900   FAILED
 163   35   36 123.035    1.028   40.000   24.511    93.200   FAILED
 164   35   35   3.084   167.244   30.000   -0.000    69.900   FAILED
 165   35   34 123.919    1.027   40.000   22.716    93.200   FAILED
 166   35   33 123.950    0.647   40.000   81.726    93.200   FAILED
 167   35   32   3.084   167.244   30.000   -0.000    69.900   FAILED
 168   35   31 122.107    1.452   40.000    9.367    93.200   FAILED
 169   35   30 124.009    0.375   40.000   274.577    93.200   FAILED
 170   35   29 123.722    0.419   40.000   210.552    93.200   FAILED
 171   35   28 123.847    0.302   40.000   470.252    93.200   FAILED
 172   35   27 123.373    0.459   40.000   224.523    93.200   FAILED
 173   35   26 123.388    0.839   40.000   57.956    93.200   FAILED
 174   35   25 124.413    0.459   40.000   184.492    93.200   FAILED
 175   35   24 124.265    0.837   40.000   33.605    93.200   FAILED
 176   35   23 124.357    0.592   40.000   107.025    93.200   FAILED
 177   35   22 123.812    0.592   40.000   90.990    93.200   FAILED
 178   35   21 123.879    1.028   40.000   24.704    93.200   FAILED
 179   35   20 125.016    1.450   40.000    8.581    93.200   FAILED
 180   35   19   3.084   167.244   30.000   -0.000    69.900   FAILED
 181   35   18   3.084   167.244   30.000   -0.000    69.900   FAILED
 182   35   17 123.883    0.483   40.000   155.702    93.200   FAILED
 183   35   16   3.084   167.244   30.000   -0.000    69.900   FAILED
 184   35   15 123.394    0.418   40.000   274.487    93.200   FAILED
 185   35   14 123.472    0.252   40.000   1031.865    93.200   FAILED
 186   35   13 124.646    0.836   40.000   49.103    93.200   FAILED
 187   35   12 122.526    1.023   40.000   30.422    93.200   FAILED
 188   35   11   3.084   167.244   30.000   -0.000    69.900   FAILED
 189   35   10 123.981    1.023   40.000   22.625    93.200   FAILED
 190   35    9   3.084   167.244   30.000   -0.000    69.900   FAILED
 191   35    8 123.763    0.836   40.000   42.949    93.200   FAILED
 192   35    7 123.144    0.512   40.000   191.570    93.200   FAILED
 193   35    6 123.812    0.591   40.000   108.733    93.200   FAILED
 194   35    5 123.061    0.138   40.000   3455.485    93.200   FAILED
 195   35    4 122.969    0.082   40.000   10903.005    93.200   FAILED
 196   35    3 122.357    0.723   40.000   69.074    93.200   FAILED
 197   35    2   3.084   167.244   30.000   -0.000    69.900   FAILED
 198   35    1   3.084   167.244   30.000   -0.000    69.900   FAILED
 199   35    0 123.051    0.044   40.000   39782.350    93.200   FAILED
 200   34   39   3.084   167.244   30.000   -0.000    69.900   FAILED
 201   34   38   3.084   167.244   30.000   -0.000    69.900   FAILED
 202   34   37   3.084   167.244   30.000   -0.000    69.900   FAILED
 203   34   36 123.332    0.838   40.000   44.850    93.200   FAILED
 204   34   35   3.084   167.244   30.000   -0.000    69.900   FAILED
 205   34   34   3.084   167.244   30.000   -0.000    69.900   FAILED
 206   34   33   3.084   167.244   30.000   -0.000    69.900   FAILED
 207   34   32 123.731    0.724   40.000   62.915    93.200   FAILED
 208   34   31 124.327    1.447   40.000    8.162    93.200   FAILED
 209   34   30 123.809    0.290   40.000   541.416    93.200   FAILED
 210   34   29 123.994    0.459   40.000   173.380    93.200   FAILED
 211   34   28 123.573    0.725   40.000   82.470    93.200   FAILED
 212   34   27 125.026    1.452   40.000    8.669    93.200   FAILED
 213   34   26 123.785    0.837   40.000   41.564    93.200   FAILED
 214   34   25 123.370    0.483   40.000   218.927    93.200   FAILED
 215   34   24 123.798    0.296   40.000   483.998    93.200   FAILED
 216   34   23 123.812    1.027   40.000   27.799    93.200   FAILED
 217   34   22 123.713    0.725   40.000   91.388    93.200   FAILED
 218   34   21   3.084   167.244   30.000   -0.000    69.900   FAILED
 219   34   20 123.587    1.455   40.000   10.469    93.200   FAILED
 220   34   19 124.763    1.454   40.000    7.898    93.200   FAILED
 221   34   18   3.084   167.244   30.000   -0.000    69.900   FAILED
 222   34   17   3.084   167.244   30.000   -0.000    69.900   FAILED
 223   34   16 123.395    0.362   40.000   397.758    93.200   FAILED
 224   34   15 123.592    0.290   40.000   707.308    93.200   FAILED
 225   34   14 123.863    0.324   40.000   394.097    93.200   FAILED
 226   34   13 123.737    0.324   40.000   399.652    93.200   FAILED
 227   34   12   3.084   167.244   30.000   -0.000    69.900   FAILED
 228   34   11 123.672    0.418   40.000   318.496    93.200   FAILED
 229   34   10 123.718    0.279   40.000   523.252    93.200   FAILED
 230   34    9 123.614    0.279   40.000   780.535    93.200   FAILED
 231   34    8 123.604    0.418   40.000   303.214    93.200   FAILED
 232   34    7   3.084   167.244   30.000   -0.000    69.900   FAILED
 233   34    6   3.084   167.244   30.000   -0.000    69.900   FAILED
 234   34    5   3.084   167.244   30.000   -0.000    69.900   FAILED
 235   34    4 123.024    0.046   40.000   35952.975    93.200   FAILED
 236   34    3 123.089    0.156   40.000   2585.625    93.200   FAILED
 237   34    2 122.930    0.074   40.000   13583.684    93.200   FAILED
 238   34    1 123.091    0.107   40.000   6269.539    93.200   FAILED
 239   34    0   3.084   167.244   30.000   -0.000    69.900   FAILED
 240   33   39   3.084   167.244   30.000   -0.000    69.900   FAILED
 241   33   38 124.508    0.727   40.000   64.403    93.200   FAILED
 242   33   37 124.330    0.549   40.000   123.030    93.200   FAILED
 243   33   36 124.358    0.649   40.000   85.141    93.200   FAILED
 244   33   35   3.084   167.244   30.000   -0.000    69.900   FAILED
 245   33   34 123.575    0.726   40.000   76.977    93.200   FAILED
 246   33   33 124.788    0.726   40.000   67.363    93.200   FAILED
 247   33   32   3.084   167.244   30.000   -0.000    69.900   FAILED
 248   33   31 123.710    0.238   40.000   1082.463    93.200   FAILED
 249   33   30 123.963    0.342   40.000   354.161    93.200   FAILED
 250   33   29 123.642    0.458   40.000   251.115    93.200   FAILED
 251   33   28 123.746    0.649   40.000   83.202    93.200   FAILED
 252   33   27 124.336    1.449   40.000    8.910    93.200   FAILED
 253   33   26 124.736    1.025   40.000   28.432    93.200   FAILED
 254   33   25 123.309    0.836   40.000   59.494    93.200   FAILED
 255   33   24 124.718    1.024   40.000   22.007    93.200   FAILED
 256   33   23 124.998    1.449   40.000    9.909    93.200   FAILED
 257   33   22 123.901    0.725   40.000   70.853    93.200   FAILED
 258   33   21 125.024    1.452   40.000    9.414    93.200   FAILED
 259   33   20 123.093    1.026   40.000   34.793    93.200   FAILED
 260   33   19   3.084   167.244   30.000   -0.000    69.900   FAILED
 261   33   18 123.973    0.362   40.000   327.148    93.200   FAILED
 262   33   17 123.303    0.548   40.000   143.021    93.200   FAILED
 263   33   16 123.426    0.836   40.000   56.019    93.200   FAILED
 264   33   15 123.284    0.316   40.000   591.148    93.200   FAILED
 265   33   14   3.084   167.244   30.000   -0.000    69.900   FAILED
 266   33   13   3.084   167.244   30.000   -0.000    69.900   FAILED
 267   33   12   3.084   167.244   30.000   -0.000    69.900   FAILED
 268   33   11 123.595    0.248   40.000   934.201    93.200   FAILED
 269   33   10 123.666    0.483   40.000   233.946    93.200   FAILED
 270   33    9 123.597    0.111   40.000   5887.138    93.200   FAILED
 271   33    8 123.395    0.218   40.000   1252.255    93.200   FAILED
 272   33    7 123.069    0.045   40.000   37217.300    93.200   FAILED
 273   33    6 123.062    0.056   40.000   23527.304    93.200   FAILED
 274   33    5   3.084   167.244   30.000   -0.000    69.900   FAILED
 275   33    4 123.011    0.024   40.000   138497.615    93.200   FAILED
 276   33    3 122.989    0.039   40.000   50777.096    93.200   FAILED
 277   33    2 123.066    0.043   40.000   41074.032    93.200   FAILED
 278   33    1 123.023    0.051   40.000   28801.051    93.200   FAILED
 279   33    0 123.054    0.109   40.000   6110.135    93.200   FAILED
 280   32   39 124.193    1.026   40.000   28.449    93.200   FAILED
 281   32   38 124.631    1.028   40.000   25.659    93.200   FAILED
 282   32   37   3.084   167.244   30.000   -0.000    69.900   FAILED
 283   32   36   3.084   167.244   30.000   -0.000    69.900   FAILED
 284   32   35 123.693    0.725   40.000   69.485    93.200   FAILED
 285   32   34   3.084   167.244   30.000   -0.000    69.900   FAILED
 286   32   33 124.716    1.451   40.000    9.301    93.200   FAILED
 287   32   32   3.084   167.244   30.000   -0.000    69.900   FAILED
 288   32   31   3.084   167.244   30.000   -0.000    69.900   FAILED
 289   32   30 123.863    0.458   40.000   181.866    93.200   FAILED
 290   32   29 124.056    0.483   40.000   159.136    93.200   FAILED
 291   32   28 124.338    1.450   40.000    9.932    93.200   FAILED
 292   32   27 123.988    0.593   40.000   103.428    93.200   FAILED
 293   32   26 123.955    0.724   40.000   54.396    93.200   FAILED
 294   32   25 123.589    0.725   40.000   79.011    93.200   FAILED
 295   32   24 124.063    0.324   40.000   382.396    93.200   FAILED
 296   32   23 124.194    0.837   40.000   36.478    93.200   FAILED
 297   32   22 122.535    1.027   40.000   25.952    93.200   FAILED
 298   32   21 124.906    1.447   40.000   10.119    93.200   FAILED
 299   32   20 123.628    1.449   40.000   10.033    93.200   FAILED
 300   32   19 123.099    0.837   40.000   47.567    93.200   FAILED
 301   32   18 124.123    0.724   40.000   66.512    93.200   FAILED
 302   32   17 123.262    0.387   40.000   336.133    93.200   FAILED
 303   32   16 124.001    0.387   40.000   291.005    93.200   FAILED
 304   32   15   3.084   167.244   30.000   -0.000    69.900   FAILED
 305   32   14 123.201    0.512   40.000   208.368    93.200   FAILED
 306   32   13 123.613    0.241   40.000   1072.481    93.200   FAILED
 307   32   12 123.425    0.139   40.000   3371.342    93.200   FAILED
 308   32   11   3.084   167.244   30.000   -0.000    69.900   FAILED
 309   32   10 122.977    0.547   40.000   175.241    93.200   FAILED
 310   32    9 123.488    0.129   40.000   4248.952    93.200   FAILED
 311   32    8 122.978    0.056   40.000   24307.299    93.200   FAILED
 312   32    7   3.084   167.244   30.000   -0.000    69.900   FAILED
 313   32    6 123.023    0.034   40.000   65249.103    93.200   FAILED
 314   32    5 123.052    0.031   40.000   80824.863    93.200   FAILED
 315   32    4 123.025    0.083   40.000   10492.726    93.200   FAILED
 316   32    3 123.010    0.087   40.000   9960.015    93.200   FAILED
 317   32    2 123.104    0.086   40.000   10036.382    93.200   FAILED
 318   32    1 123.077    0.098   40.000   7714.703    93.200   FAILED
 319   32    0   3.084   167.244   30.000   -0.000    69.900   FAILED
 320   31   39 123.499    1.457   40.000    9.038    93.200   FAILED
 321   31   38   3.084   167.244   30.000   -0.000    69.900   FAILED
 322   31   37 123.558    1.453   40.000    7.218    93.200   FAILED
 323   31   36   3.084   167.244   30.000   -0.000    69.900   FAILED
 324   31   35   3.084   167.244   30.000   -0.000    69.900   FAILED
 325   31   34   3.084   167.244   30.000   -0.000    69.900   FAILED
 326   31   33 124.165    1.028   40.000   19.964    93.200   FAILED
 327   31   32   3.084   167.244   30.000   -0.000    69.900   FAILED
 328   31   31   3.084   167.244   30.000   -0.000    69.900   FAILED
 329   31   30   3.084   167.244   30.000   -0.000    69.900   FAILED
 330   31   29   3.084   167.244   30.000   -0.000    69.900   FAILED
 331   31   28   3.084   167.244   30.000   -0.000    69.900   FAILED
 332   31   27 123.923    1.449   40.000    7.994    93.200   FAILED
 333   31   26   3.084   167.244   30.000   -0.000    69.900   FAILED
 334   31   25 123.789    0.296   40.000   510.980    93.200   FAILED
 335   31   24 124.076    0.726   40.000   46.523    93.200   FAILED
 336   31   23   3.084   167.244   30.000   -0.000    69.900   FAILED
 337   31   22   3.084   167.244   30.000   -0.000    69.900   FAILED
 338   31   21 124.015    0.648   40.000   85.233    93.200   FAILED
 339   31   20 123.749    1.025   40.000   24.469    93.200   FAILED
 340   31   19 123.714    0.649   40.000   91.345    93.200   FAILED
 341   31   18 123.298    0.725   40.000   82.441    93.200   FAILED
 342   31   17 123.891    0.547   40.000   115.850    93.200   FAILED
 343   31   16 123.264    0.836   40.000   52.566    93.200   FAILED
 344   31   15 123.892    0.418   40.000   225.622    93.200   FAILED
 345   31   14 123.303    0.269   40.000   777.788    93.200   FAILED
 346   31   13 123.540    0.290   40.000   702.833    93.200   FAILED
 347   31   12 123.577    0.302   40.000   651.980    93.200   FAILED
 348   31   11 123.698    0.290   40.000   697.530    93.200   FAILED
 349   31   10 123.559    0.279   40.000   758.056    93.200   FAILED
 350   31    9 123.055    0.110   40.000   5842.109    93.200   FAILED
 351   31    8 122.931    0.079   40.000   12058.051    93.200   FAILED
 352   31    7 123.062    0.066   40.000   17307.334    93.200   FAILED
 353   31    6 123.014    0.086   40.000   9819.492    93.200   FAILED
 354   31    5 123.079    0.070   40.000   15475.763    93.200   FAILED
 355   31    4   3.084   167.244   30.000   -0.000    69.900   FAILED
 356   31    3 122.964    0.109   40.000   5976.463    93.200   FAILED
 357   31    2 123.036    0.050   40.000   30281.879    93.200   FAILED
 358   31    1 123.073    0.066   40.000   17278.727    93.200   FAILED
 359   31    0 122.992    0.061   40.000   20369.094    93.200   FAILED
 360   30   39   3.084   167.244   30.000   -0.000    69.900   FAILED
 361   30   38   3.084   167.244   30.000   -0.000    69.900   FAILED
 362   30   37   3.084   167.244   30.000   -0.000    69.900   FAILED
 363   30   36 123.885    0.549   40.000   120.334    93.200   FAILED
 364   30   35 124.252    1.450   40.000    9.309    93.200   FAILED
 365   30   34 122.410    1.454   40.000   10.331    93.200   FAILED
 366   30   33 123.355    1.453   40.000    8.548    93.200   FAILED
 367   30   32 123.849    0.593   40.000   112.929    93.200   FAILED
 368   30   31   3.084   167.244   30.000   -0.000    69.900   FAILED
 369   30   30   3.084   167.244   30.000   -0.000    69.900   FAILED
 370   30   29   3.084   167.244   30.000   -0.000    69.900   FAILED
 371   30   28 123.764    0.548   40.000   114.389    93.200   FAILED
 372   30   27 124.219    1.453   40.000   10.283    93.200   FAILED
 373   30   26 123.629    0.648   40.000   88.995    93.200   FAILED
 374   30   25 123.813    0.290   40.000   521.290    93.200   FAILED
 375   30   24 123.414    0.284   40.000   674.184    93.200   FAILED
 376   30   23 124.582    1.027   40.000   24.397    93.200   FAILED
 377   30   22   3.084   167.244   30.000   -0.000    69.900   FAILED
 378   30   21 124.236    0.459   40.000   191.272    93.200   FAILED
 379   30   20 123.870    1.025   40.000   27.792    93.200   FAILED
 380   30   19 123.582    1.026   40.000   31.562    93.200   FAILED
 381   30   18   3.084   167.244   30.000   -0.000    69.900   FAILED
 382   30   17 123.433    0.388   40.000   331.610    93.200   FAILED
 383   30   16 123.698    0.374   40.000   390.858    93.200   FAILED
 384   30   15 123.719    0.592   40.000   96.830    93.200   FAILED
 385   30   14 123.942    0.309   40.000   444.694    93.200   FAILED
 386   30   13 124.301    0.513   40.000   150.674    93.200   FAILED
 387   30   12 123.355    0.483   40.000   224.669    93.200   FAILED
 388   30   11 123.761    0.483   40.000   174.793    93.200   FAILED
 389   30   10 122.588    1.446   40.000   11.351    93.200   FAILED
 390   30    9   3.084   167.244   30.000   -0.000    69.900   FAILED
 391   30    8 123.007    0.124   40.000   4571.364    93.200   FAILED
 392   30    7 123.130    0.116   40.000   5436.289    93.200   FAILED
 393   30    6 123.019    0.134   40.000   3666.611    93.200   FAILED
 394   30    5   3.084   167.244   30.000   -0.000    69.900   FAILED
 395   30    4 123.054    0.088   40.000   9768.922    93.200   FAILED
 396   30    3   3.084   167.244   30.000   -0.000    69.900   FAILED
 397   30    2   3.084   167.244   30.000   -0.000    69.900   FAILED
 398   30    1 123.015    0.071   40.000   14760.346    93.200   FAILED
 399   30    0 123.048    0.059   40.000   22254.626    93.200   FAILED
 400   29   39   3.084   167.244   30.000   -0.000    69.900   FAILED
 401   29   38   3.084   167.244   30.000   -0.000    69.900   FAILED
 402   29   37   3.084   167.244   30.000   -0.000    69.900   FAILED
 403   29   36   3.084   167.244   30.000   -0.000    69.900   FAILED
 404   29   35   3.084   167.244   30.000   -0.000    69.900   FAILED
 405   29   34   3.084   167.244   30.000   -0.000    69.900   FAILED
 406   29   33 124.083    0.513   40.000   153.262    93.200   FAILED
 407   29   32   3.084   167.244   30.000   -0.000    69.900   FAILED
 408   29   31 124.842    1.453   40.000   10.284    93.200   FAILED
 409   29   30   3.084   167.244   30.000   -0.000    69.900   FAILED
 410   29   29 123.796    0.650   40.000   83.691    93.200   FAILED
 411   29   28   3.084   167.244   30.000   -0.000    69.900   FAILED
 412   29   27 123.755    0.171   40.000   1628.780    93.200   FAILED
 413   29   26 123.897    0.549   40.000   128.463    93.200   FAILED
 414   29   25 123.687    0.649   40.000   110.355    93.200   FAILED
 415   29   24 123.839    0.302   40.000   460.804    93.200   FAILED
 416   29   23 123.634    0.324   40.000   570.067    93.200   FAILED
 417   29   22 123.992    0.649   40.000   97.244    93.200   FAILED
 418   29   21 123.624    0.419   40.000   272.004    93.200   FAILED
 419   29   20 124.097    1.453   40.000   10.289    93.200   FAILED
 420   29   19 123.206    0.309   40.000   579.161    93.200   FAILED
 421   29   18 123.777    0.139   40.000   2651.685    93.200   FAILED
 422   29   17 123.564    0.165   40.000   2285.408    93.200   FAILED
 423   29   16 123.579    0.133   40.000   3786.363    93.200   FAILED
 424   29   15 123.569    0.051   40.000   29587.948    93.200   FAILED
 425   29   14 123.547    0.127   40.000   4437.321    93.200   FAILED
 426   29   13 123.143    0.290   40.000   715.713    93.200   FAILED
 427   29   12 123.475    0.154   40.000   2656.613    93.200   FAILED
 428   29   11 123.059    0.017   40.000   266235.596    93.200   FAILED
 429   29   10 123.038    0.041   40.000   44310.855    93.200   FAILED
 430   29    9 123.010    0.027   40.000   109308.397    93.200   FAILED
 431   29    8 123.033    0.060   40.000   21131.589    93.200   FAILED
 432   29    7 123.098    0.207   40.000   1405.831    93.200   FAILED
 433   29    6 123.101    0.081   40.000   11499.297    93.200   FAILED
 434   29    5 123.056    0.059   40.000   21582.898    93.200   FAILED
 435   29    4   3.084   167.244   30.000   -0.000    69.900   FAILED
 436   29    3 123.036    0.061   40.000   20078.034    93.200   FAILED
 437   29    2 123.027    0.029   40.000   90124.997    93.200   FAILED
 438   29    1 122.889    0.184   40.000   1840.345    93.200   FAILED
 439   29    0 122.991    0.248   40.000   950.529    93.200   FAILED
 440   28   39 124.785    1.452   40.000    8.978    93.200   FAILED
 441   28   38 124.395    0.342   40.000   355.751    93.200   FAILED
 442   28   37 125.344    1.456   40.000    8.062    93.200   FAILED
 443   28   36   3.084   167.244   30.000   -0.000    69.900   FAILED
 444   28   35 124.667    1.454   40.000   10.271    93.200   FAILED
 445   28   34   3.084   167.244   30.000   -0.000    69.900   FAILED
 446   28   33   3.084   167.244   30.000   -0.000    69.900   FAILED
 447   28   32 126.415    1.456   40.000    7.892    93.200   FAILED
 448   28   31   3.084   167.244   30.000   -0.000    69.900   FAILED
 449   28   30   3.084   167.244   30.000   -0.000    69.900   FAILED
 450   28   29   3.084   167.244   30.000   -0.000    69.900   FAILED
 451   28   28   3.084   167.244   30.000   -0.000    69.900   FAILED
 452   28   27   3.084   167.244   30.000   -0.000    69.900   FAILED
 453   28   26   3.084   167.244   30.000   -0.000    69.900   FAILED
 454   28   25 123.069    1.026   40.000   32.262    93.200   FAILED
 455   28   24 124.140    0.290   40.000   471.069    93.200   FAILED
 456   28   23 123.876    0.593   40.000   102.688    93.200   FAILED
 457   28   22 123.986    0.402   40.000   244.757    93.200   FAILED
 458   28   21 124.339    0.549   40.000   123.826    93.200   FAILED
 459   28   20 123.923    0.352   40.000   315.075    93.200   FAILED
 460   28   19 123.750    0.214   40.000   986.317    93.200   FAILED
 461   28   18 123.715    0.201   40.000   1554.902    93.200   FAILED
 462   28   17 123.781    0.172   40.000   1610.428    93.200   FAILED
 463   28   16 123.477    0.185   40.000   1842.576    93.200   FAILED
 464   28   15 123.519    0.128   40.000   4192.140    93.200   FAILED
 465   28   14 123.581    0.105   40.000   6625.263    93.200   FAILED
 466   28   13 123.635    0.082   40.000   11387.374    93.200   FAILED
 467   28   12 123.070    0.021   40.000   169169.856    93.200   FAILED
 468   28   11 123.071    0.014   40.000   393914.336    93.200   FAILED
 469   28   10 123.083    0.028   40.000   102132.688    93.200   FAILED
 470   28    9 123.030    0.080   40.000   11783.092    93.200   FAILED
 471   28    8 122.991    0.131   40.000   3953.439    93.200   FAILED
 472   28    7 123.100    0.077   40.000   12654.798    93.200   FAILED
 473   28    6 123.136    0.107   40.000   6368.747    93.200   FAILED
 474   28    5 123.060    0.035   40.000   64713.779    93.200   FAILED
 475   28    4 123.067    0.032   40.000   73123.427    93.200   FAILED
 476   28    3 123.046    0.053   40.000   27256.533    93.200   FAILED
 477   28    2 123.030    0.054   40.000   25990.388    93.200   FAILED
 478   28    1 123.202    0.091   40.000   9193.739    93.200   FAILED
 479   28    0 123.094    0.038   40.000   53247.199    93.200   FAILED
 480   27   39   3.084   167.244   30.000   -0.000    69.900   FAILED
 481   27   38   3.084   167.244   30.000   -0.000    69.900   FAILED
 482   27   37   3.084   167.244   30.000   -0.000    69.900   FAILED
 483   27   36   3.084   167.244   30.000   -0.000    69.900   FAILED
 484   27   35   3.084   167.244   30.000   -0.000    69.900   FAILED
 485   27   34   3.084   167.244   30.000   -0.000    69.900   FAILED
 486   27   33   3.084   167.244   30.000   -0.000    69.900   FAILED
 487   27   32   3.084   167.244   30.000   -0.000    69.900   FAILED
 488   27   31   3.084   167.244   30.000   -0.000    69.900   FAILED
 489   27   30   3.084   167.244   30.000   -0.000    69.900   FAILED
 490   27   29   3.084   167.244   30.000   -0.000    69.900   FAILED
 491   27   28 124.161    1.452   40.000    8.880    93.200   FAILED
 492   27   27   3.084   167.244   30.000   -0.000    69.900   FAILED
 493   27   26   3.084   167.244   30.000   -0.000    69.900   FAILED
 494   27   25   3.084   167.244   30.000   -0.000    69.900   FAILED
 495   27   24 123.785    0.245   40.000   715.075    93.200   FAILED
 496   27   23 122.907    1.029   40.000   34.830    93.200   FAILED
 497   27   22 124.093    0.284   40.000   558.290    93.200   FAILED
 498   27   21   3.084   167.244   30.000   -0.000    69.900   FAILED
 499   27   20 123.969    0.309   40.000   447.837    93.200   FAILED
 500   27   19 123.792    0.148   40.000   2258.387    93.200   FAILED
 501   27   18 123.647    0.342   40.000   453.243    93.200   FAILED
 502   27   17 123.661    0.089   40.000   9722.826    93.200   FAILED
 503   27   16 123.746    0.159   40.000   1892.947    93.200   FAILED
 504   27   15 123.546    0.265   40.000   817.052    93.200   FAILED
 505   27   14 123.595    0.088   40.000   9854.320    93.200   FAILED
 506   27   13 123.110    0.022   40.000   157391.542    93.200   FAILED
 507   27   12 123.107    0.020   40.000   187199.833    93.200   FAILED
 508   27   11 123.083    0.016   40.000   316379.051    93.200   FAILED
 509   27   10 123.080    0.014   40.000   400494.801    93.200   FAILED
 510   27    9 123.032    0.051   40.000   29095.898    93.200   FAILED
 511   27    8 123.129    0.107   40.000   6498.538    93.200   FAILED
 512   27    7 123.076    0.190   40.000   1740.326    93.200   FAILED
 513   27    6 122.916    0.179   40.000   1966.121    93.200   FAILED
 514   27    5 123.067    0.235   40.000   1051.744    93.200   FAILED
 515   27    4 123.052    0.070   40.000   15341.564    93.200   FAILED
 516   27    3 123.017    0.117   40.000   5228.300    93.200   FAILED
 517   27    2   3.084   167.244   30.000   -0.000    69.900   FAILED
 518   27    1 123.183    0.082   40.000   11136.123    93.200   FAILED
 519   27    0 123.121    0.223   40.000   1147.306    93.200   FAILED
 520   26   39   3.084   167.244   30.000   -0.000    69.900   FAILED
 521   26   38   3.084   167.244   30.000   -0.000    69.900   FAILED
 522   26   37   3.084   167.244   30.000   -0.000    69.900   FAILED
 523   26   36 123.414    1.453   40.000    8.859    93.200   FAILED
 524   26   35   3.084   167.244   30.000   -0.000    69.900   FAILED
 525   26   34   3.084   167.244   30.000   -0.000    69.900   FAILED
 526   26   33   3.084   167.244   30.000   -0.000    69.900   FAILED
 527   26   32   3.084   167.244   30.000   -0.000    69.900   FAILED
 528   26   31   3.084   167.244   30.000   -0.000    69.900   FAILED
 529   26   30   3.084   167.244   30.000   -0.000    69.900   FAILED
 530   26   29   3.084   167.244   30.000   -0.000    69.900   FAILED
 531   26   28   3.084   167.244   30.000   -0.000    69.900   FAILED
 532   26   27   3.084   167.244   30.000   -0.000    69.900   FAILED
 533   26   26   3.084   167.244   30.000   -0.000    69.900   FAILED
 534   26   25   3.084   167.244   30.000   -0.000    69.900   FAILED
 535   26   24 123.718    0.232   40.000   851.695    93.200   FAILED
 536   26   23   3.084   167.244   30.000   -0.000    69.900   FAILED
 537   26   22 124.299    0.403   40.000   239.207    93.200   FAILED
 538   26   21 123.889    0.170   40.000   1695.193    93.200   FAILED
 539   26   20 124.217    0.438   40.000   214.962    93.200   FAILED
 540   26   19 123.569    0.333   40.000   511.790    93.200   FAILED
 541   26   18 124.090    0.242   40.000   785.325    93.200   FAILED
 542   26   17 123.569    0.154   40.000   2791.032    93.200   FAILED
 543   26   16 123.601    0.137   40.000   3567.494    93.200   FAILED
 544   26   15 123.773    0.141   40.000   2464.026    93.200   FAILED
 545   26   14 123.147    0.017   40.000   260765.174    93.200   FAILED
 546   26   13 123.134    0.036   40.000   60655.922    93.200   FAILED
 547   26   12 123.144    0.029   40.000   90874.453    93.200   FAILED
 548   26   11 123.127    0.029   40.000   90397.380    93.200   FAILED
 549   26   10 123.129    0.019   40.000   212190.546    93.200   FAILED
 550   26    9 123.052    0.066   40.000   17144.628    93.200   FAILED
 551   26    8 123.113    0.072   40.000   14629.149    93.200   FAILED
 552   26    7   3.084   167.244   30.000   -0.000    69.900   FAILED
 553   26    6 123.111    0.045   40.000   38476.197    93.200   FAILED
 554   26    5 123.144    0.057   40.000   22857.583    93.200   FAILED
 555   26    4 123.096    0.029   40.000   94035.582    93.200   FAILED
 556   26    3 123.182    0.100   40.000   7518.378    93.200   FAILED
 557   26    2 123.158    0.044   40.000   39662.382    93.200   FAILED
 558   26    1 123.154    0.068   40.000   16761.540    93.200   FAILED
 559   26    0 123.104    0.021   40.000   174754.997    93.200   FAILED
 560   25   39   3.084   167.244   30.000   -0.000    69.900   FAILED
 561   25   38 124.791    1.028   40.000   25.448    93.200   FAILED
 562   25   37   3.084   167.244   30.000   -0.000    69.900   FAILED
 563   25   36   3.084   167.244   30.000   -0.000    69.900   FAILED
 564   25   35 125.536    1.451   40.000    8.226    93.200   FAILED
 565   25   34   3.084   167.244   30.000   -0.000    69.900   FAILED
 566   25   33   3.084   167.244   30.000   -0.000    69.900   FAILED
 567   25   32   3.084   167.244   30.000   -0.000    69.900   FAILED
 568   25   31   3.084   167.244   30.000   -0.000    69.900   FAILED
 569   25   30   3.084   167.244   30.000   -0.000    69.900   FAILED
 570   25   29 125.070    1.457   40.000    6.207    93.200   FAILED
 571   25   28   3.084   167.244   30.000   -0.000    69.900   FAILED
 572   25   27 123.029    1.459   40.000   11.367    93.200   FAILED
 573   25   26   3.084   167.244   30.000   -0.000    69.900   FAILED
 574   25   25   3.084   167.244   30.000   -0.000    69.900   FAILED
 575   25   24   3.084   167.244   30.000   -0.000    69.900   FAILED
 576   25   23 123.885    0.269   40.000   566.762    93.200   FAILED
 577   25   22 123.486    0.514   40.000   188.578    93.200   FAILED
 578   25   21 124.532    0.483   40.000   159.981    93.200   FAILED
 579   25   20 124.450    0.484   40.000   155.045    93.200   FAILED
 580   25   19 123.846    0.309   40.000   435.172    93.200   FAILED
 581   25   18 123.840    0.224   40.000   867.639    93.200   FAILED
 582   25   17 123.467    0.146   40.000   3065.471    93.200   FAILED
 583   25   16 123.676    0.137   40.000   3609.675    93.200   FAILED
 584   25   15 123.238    0.032   40.000   73876.245    93.200   FAILED
 585   25   14 123.186    0.033   40.000   71867.011    93.200   FAILED
 586   25   13 123.135    0.038   40.000   52123.592    93.200   FAILED
 587   25   12 123.189    0.037   40.000   55279.275    93.200   FAILED
 588   25   11 123.163    0.028   40.000   101145.650    93.200   FAILED
 589   25   10 123.155    0.018   40.000   238307.025    93.200   FAILED
 590   25    9 123.148    0.079   40.000   12051.882    93.200   FAILED
 591   25    8 123.210    0.211   40.000   1376.703    93.200   FAILED
 592   25    7 123.199    0.111   40.000   5753.289    93.200   FAILED
 593   25    6 123.221    0.079   40.000   12088.596    93.200   FAILED
 594   25    5 123.159    0.124   40.000   4429.025    93.200   FAILED
 595   25    4 123.180    0.029   40.000   91073.774    93.200   FAILED
 596   25    3 123.066    0.071   40.000   15084.617    93.200   FAILED
 597   25    2 123.105    0.041   40.000   45157.600    93.200   FAILED
 598   25    1 123.333    0.116   40.000   5413.361    93.200   FAILED
 599   25    0 123.160    0.073   40.000   13957.823    93.200   FAILED
 600   24   39   3.084   167.244   30.000   -0.000    69.900   FAILED
 601   24   38   3.084   167.244   30.000   -0.000    69.900   FAILED
 602   24   37   3.084   167.244   30.000   -0.000    69.900   FAILED
 603   24   36   3.084   167.244   30.000   -0.000    69.900   FAILED
 604   24   35   3.084   167.244   30.000   -0.000    69.900   FAILED
 605   24   34   3.084   167.244   30.000   -0.000    69.900   FAILED
 606   24   33   3.084   167.244   30.000   -0.000    69.900   FAILED
 607   24   32   3.084   167.244   30.000   -0.000    69.900   FAILED
 608   24   31   3.084   167.244   30.000   -0.000    69.900   FAILED
 609   24   30   3.084   167.244   30.000   -0.000    69.900   FAILED
 610   24   29   3.084   167.244   30.000   -0.000    69.900   FAILED
 611   24   28 124.693    1.451   40.000    9.269    93.200   FAILED
 612   24   27   3.084   167.244   30.000   -0.000    69.900   FAILED
 613   24   26   3.084   167.244   30.000   -0.000    69.900   FAILED
 614   24   25 124.284    1.026   40.000   26.068    93.200   FAILED
 615   24   24   3.084   167.244   30.000   -0.000    69.900   FAILED
 616   24   23   3.084   167.244   30.000   -0.000    69.900   FAILED
 617   24   22 124.018    0.285   40.000   545.667    93.200   FAILED
 618   24   21 124.196    0.592   40.000   106.069    93.200   FAILED
 619   24   20 124.294    0.549   40.000   111.407    93.200   FAILED
 620   24   19 123.612    0.238   40.000   1119.882    93.200   FAILED
 621   24   18 123.831    0.223   40.000   895.179    93.200   FAILED
 622   24   17 123.620    0.170   40.000   2256.529    93.200   FAILED
 623   24   16 123.238    0.028   40.000   96544.391    93.200   FAILED
 624   24   15 123.238    0.045   40.000   37367.583    93.200   FAILED
 625   24   14 123.223    0.023   40.000   143978.199    93.200   FAILED
 626   24   13 123.217    0.047   40.000   34460.159    93.200   FAILED
 627   24   12 123.202    0.037   40.000   56992.545    93.200   FAILED
 628   24   11 123.186    0.031   40.000   80636.983    93.200   FAILED
 629   24   10 123.184    0.027   40.000   106830.629    93.200   FAILED
 630   24    9 123.107    0.123   40.000   4722.257    93.200   FAILED
 631   24    8   3.084   167.244   30.000   -0.000    69.900   FAILED
 632   24    7 123.149    0.146   40.000   3061.540    93.200   FAILED
 633   24    6 123.234    0.190   40.000   1707.577    93.200   FAILED
 634   24    5 123.174    0.090   40.000   9386.272    93.200   FAILED
 635   24    4 123.183    0.045   40.000   36854.965    93.200   FAILED
 636   24    3 123.180    0.177   40.000   1995.784    93.200   FAILED
 637   24    2   3.084   167.244   30.000   -0.000    69.900   FAILED
 638   24    1 123.102    0.094   40.000   8397.270    93.200   FAILED
 639   24    0 123.212    0.231   40.000   1150.002    93.200   FAILED
 640   23   39   3.084   167.244   30.000   -0.000    69.900   FAILED
 641   23   38   3.084   167.244   30.000   -0.000    69.900   FAILED
 642   23   37   3.084   167.244   30.000   -0.000    69.900   FAILED
 643   23   36   3.084   167.244   30.000   -0.000    69.900   FAILED
 644   23   35 124.276    1.456   40.000    7.438    93.200   FAILED
 645   23   34   3.084   167.244   30.000   -0.000    69.900   FAILED
 646   23   33   3.084   167.244   30.000   -0.000    69.900   FAILED
 647   23   32   3.084   167.244   30.000   -0.000    69.900   FAILED
 648   23   31   3.084   167.244   30.000   -0.000    69.900   FAILED
 649   23   30   3.084   167.244   30.000   -0.000    69.900   FAILED
 650   23   29   3.084   167.244   30.000   -0.000    69.900   FAILED
 651   23   28   3.084   167.244   30.000   -0.000    69.900   FAILED
 652   23   27   3.084   167.244   30.000   -0.000    69.900   FAILED
 653   23   26   3.084   167.244   30.000   -0.000    69.900   FAILED
 654   23   25   3.084   167.244   30.000   -0.000    69.900   FAILED
 655   23   24   3.084   167.244   30.000   -0.000    69.900   FAILED
 656   23   23   3.084   167.244   30.000   -0.000    69.900   FAILED
 657   23   22   3.084   167.244   30.000   -0.000    69.900   FAILED
 658   23   21 123.889    0.363   40.000   294.131    93.200   FAILED
 659   23   20 124.282    0.324   40.000   418.220    93.200   FAILED
 660   23   19 123.676    0.122   40.000   4831.916    93.200   FAILED
 661   23   18 123.798    0.186   40.000   1335.957    93.200   FAILED
 662   23   17 123.313    0.046   40.000   36163.182    93.200   FAILED
 663   23   16 123.265    0.029   40.000   90687.189    93.200   FAILED
 664   23   15 123.265    0.051   40.000   29173.381    93.200   FAILED
 665   23   14 123.227    0.036   40.000   59212.543    93.200   FAILED
 666   23   13 123.255    0.068   40.000   16462.655    93.200   FAILED
 667   23   12 123.277    0.046   40.000   35603.062    93.200   FAILED
 668   23   11 123.294    0.039   40.000   49993.092    93.200   FAILED
 669   23   10 123.234    0.029   40.000   93076.460    93.200   FAILED
 670   23    9 123.198    0.085   40.000   10434.393    93.200   FAILED
 671   23    8 123.275    0.089   40.000   9365.049    93.200   FAILED
 672   23    7 123.259    0.051   40.000   30131.403    93.200   FAILED
 673   23    6 123.223    0.090   40.000   9309.535    93.200   FAILED
 674   23    5 123.215    0.075   40.000   13254.645    93.200   FAILED
 675   23    4 123.250    0.043   40.000   42356.489    93.200   FAILED
 676   23    3 123.266    0.083   40.000   11003.587    93.200   FAILED
 677   23    2 123.236    0.073   40.000   14046.198    93.200   FAILED
 678   23    1 123.199    0.143   40.000   3176.482    93.200   FAILED
 679   23    0 123.296    0.092   40.000   9015.066    93.200   FAILED
 680   22   39   3.084   167.244   30.000   -0.000    69.900   FAILED
 681   22   38   3.084   167.244   30.000   -0.000    69.900   FAILED
 682   22   37   3.084   167.244   30.000   -0.000    69.900   FAILED
 683   22   36   3.084   167.244   30.000   -0.000    69.900   FAILED
 684   22   35   3.084   167.244   30.000   -0.000    69.900   FAILED
 685   22   34   3.084   167.244   30.000   -0.000    69.900   FAILED
 686   22   33   3.084   167.244   30.000   -0.000    69.900   FAILED
 687   22   32   3.084   167.244   30.000   -0.000    69.900   FAILED
 688   22   31 123.859    1.458   40.000    9.692    93.200   FAILED
 689   22   30   3.084   167.244   30.000   -0.000    69.900   FAILED
 690   22   29   3.084   167.244   30.000   -0.000    69.900   FAILED
 691   22   28   3.084   167.244   30.000   -0.000    69.900   FAILED
 692   22   27   3.084   167.244   30.000   -0.000    69.900   FAILED
 693   22   26   3.084   167.244   30.000   -0.000    69.900   FAILED
 694   22   25 124.637    1.454   40.000    7.875    93.200   FAILED
 695   22   24   3.084   167.244   30.000   -0.000    69.900   FAILED
 696   22   23   3.084   167.244   30.000   -0.000    69.900   FAILED
 697   22   22 125.028    1.453   40.000    8.139    93.200   FAILED
 698   22   21   3.084   167.244   30.000   -0.000    69.900   FAILED
 699   22   20 123.345    0.839   40.000   53.161    93.200   FAILED
 700   22   19 123.692    0.362   40.000   409.647    93.200   FAILED
 701   22   18 123.369    0.036   40.000   60699.586    93.200   FAILED
 702   22   17 123.320    0.051   40.000   29182.748    93.200   FAILED
 703   22   16 123.326    0.031   40.000   81638.685    93.200   FAILED
 704   22   15 123.287    0.034   40.000   67926.351    93.200   FAILED
 705   22   14 123.329    0.035   40.000   62353.778    93.200   FAILED
 706   22   13 123.342    0.046   40.000   36796.755    93.200   FAILED
 707   22   12 123.322    0.059   40.000   22391.906    93.200   FAILED
 708   22   11 123.279    0.062   40.000   19844.650    93.200   FAILED
 709   22   10 123.256    0.068   40.000   16428.028    93.200   FAILED
 710   22    9 123.313    0.082   40.000   11138.535    93.200   FAILED
 711   22    8 123.317    0.081   40.000   11894.836    93.200   FAILED
 712   22    7 123.297    0.044   40.000   39875.014    93.200   FAILED
 713   22    6 123.198    0.172   40.000   2135.264    93.200   FAILED
 714   22    5 123.302    0.151   40.000   2904.430    93.200   FAILED
 715   22    4 123.435    0.123   40.000   4617.038    93.200   FAILED
 716   22    3 123.409    0.182   40.000   1842.855    93.200   FAILED
 717   22    2 123.288    0.055   40.000   25089.011    93.200   FAILED
 718   22    1 123.222    0.056   40.000   24739.398    93.200   FAILED
 719   22    0 123.397    0.309   40.000   627.081    93.200   FAILED
 720   21   39   3.084   167.244   30.000   -0.000    69.900   FAILED
 721   21   38   3.084   167.244   30.000   -0.000    69.900   FAILED
 722   21   37   3.084   167.244   30.000   -0.000    69.900   FAILED
 723   21   36   3.084   167.244   30.000   -0.000    69.900   FAILED
 724   21   35   3.084   167.244   30.000   -0.000    69.900   FAILED
 725   21   34   3.084   167.244   30.000   -0.000    69.900   FAILED
 726   21   33 124.692    1.450   40.000    9.104    93.200   FAILED
 727   21   32   3.084   167.244   30.000   -0.000    69.900   FAILED
 728   21   31   3.084   167.244   30.000   -0.000    69.900   FAILED
 729   21   30   3.084   167.244   30.000   -0.000    69.900   FAILED
 730   21   29   3.084   167.244   30.000   -0.000    69.900   FAILED
 731   21   28   3.084   167.244   30.000   -0.000    69.900   FAILED
 732   21   27   3.084   167.244   30.000   -0.000    69.900   FAILED
 733   21   26   3.084   167.244   30.000   -0.000    69.900   FAILED
 734   21   25   3.084   167.244   30.000   -0.000    69.900   FAILED
 735   21   24 125.217    1.454   40.000    7.984    93.200   FAILED
 736   21   23   3.084   167.244   30.000   -0.000    69.900   FAILED
 737   21   22   3.084   167.244   30.000   -0.000    69.900   FAILED
 738   21   21   3.084   167.244   30.000   -0.000    69.900   FAILED
 739   21   20   3.084   167.244   30.000   -0.000    69.900   FAILED
 740   21   19 123.620    0.109   40.000   6173.573    93.200   FAILED
 741   21   18 123.401    0.095   40.000   8285.398    93.200   FAILED
 742   21   17 123.343    0.065   40.000   18331.116    93.200   FAILED
 743   21   16 123.326    0.056   40.000   24296.987    93.200   FAILED
 744   21   15 123.392    0.046   40.000   37122.839    93.200   FAILED
 745   21   14 123.426    0.072   40.000   14680.813    93.200   FAILED
 746   21   13 123.362    0.059   40.000   22608.282    93.200   FAILED
 747   21   12 123.270    0.092   40.000   8670.158    93.200   FAILED
 748   21   11 123.304    0.081   40.000   11260.501    93.200   FAILED
 749   21   10 123.389    0.092   40.000   9044.735    93.200   FAILED
 750   21    9 123.311    0.104   40.000   6851.467    93.200   FAILED
 751   21    8 123.273    0.341   40.000   449.963    93.200   FAILED
 752   21    7 123.469    0.203   40.000   1566.263    93.200   FAILED
 753   21    6 123.421    0.120   40.000   5089.406    93.200   FAILED
 754   21    5 123.482    0.084   40.000   10768.243    93.200   FAILED
 755   21    4 123.416    0.172   40.000   2052.372    93.200   FAILED
 756   21    3 123.346    0.341   40.000   514.529    93.200   FAILED
 757   21    2 123.481    0.235   40.000   1098.879    93.200   FAILED
 758   21    1 123.443    0.152   40.000   2866.310    93.200   FAILED
 759   21    0 123.397    0.207   40.000   1436.275    93.200   FAILED
 760   20   39   3.084   167.244   30.000   -0.000    69.900   FAILED
 761   20   38   3.084   167.244   30.000   -0.000    69.900   FAILED
 762   20   37   3.084   167.244   30.000   -0.000    69.900   FAILED
 763   20   36   3.084   167.244   30.000   -0.000    69.900   FAILED
 764   20   35   3.084   167.244   30.000   -0.000    69.900   FAILED
 765   20   34   3.084   167.244   30.000   -0.000    69.900   FAILED
 766   20   33   3.084   167.244   30.000   -0.000    69.900   FAILED
 767   20   32   3.084   167.244   30.000   -0.000    69.900   FAILED
 768   20   31   3.084   167.244   30.000   -0.000    69.900   FAILED
 769   20   30   3.084   167.244   30.000   -0.000    69.900   FAILED
 770   20   29   3.084   167.244   30.000   -0.000    69.900   FAILED
 771   20   28   3.084   167.244   30.000   -0.000    69.900   FAILED
 772   20   27   3.084   167.244   30.000   -0.000    69.900   FAILED
 773   20   26   3.084   167.244   30.000   -0.000    69.900   FAILED
 774   20   25   3.084   167.244   30.000   -0.000    69.900   FAILED
 775   20   24   3.084   167.244   30.000   -0.000    69.900   FAILED
 776   20   23   3.084   167.244   30.000   -0.000    69.900   FAILED
 777   20   22   3.084   167.244   30.000   -0.000    69.900   FAILED
 778   20   21   3.084   167.244   30.000   -0.000    69.900   FAILED
 779   20   20   3.084   167.244   30.000   -0.000    69.900   FAILED
 780   20   19   3.084   167.244   30.000   -0.000    69.900   FAILED
 781   20   18 123.443    0.052   40.000   28165.086    93.200   FAILED
 782   20   17 123.408    0.103   40.000   7047.213    93.200   FAILED
 783   20   16 123.356    0.115   40.000   5502.969    93.200   FAILED
 784   20   15 123.440    0.052   40.000   27938.219    93.200   FAILED
 785   20   14 123.277    0.124   40.000   4631.472    93.200   FAILED
 786   20   13 123.345    0.070   40.000   15910.193    93.200   FAILED
 787   20   12 123.368    0.051   40.000   29173.162    93.200   FAILED
 788   20   11   3.084   167.244   30.000   -0.000    69.900   FAILED
 789   20   10 123.367    0.059   40.000   22283.556    93.200   FAILED
 790   20    9 123.374    0.098   40.000   7801.190    93.200   FAILED
 791   20    8 123.353    0.207   40.000   1389.910    93.200   FAILED
 792   20    7 123.571    0.184   40.000   1968.164    93.200   FAILED
 793   20    6 123.384    0.178   40.000   2010.308    93.200   FAILED
 794   20    5 123.329    0.103   40.000   6838.955    93.200   FAILED
 795   20    4   3.084   167.244   30.000   -0.000    69.900   FAILED
 796   20    3 123.316    0.284   40.000   775.333    93.200   FAILED
 797   20    2 123.454    0.245   40.000   989.562    93.200   FAILED
 798   20    1 123.738    0.590   40.000   105.364    93.200   FAILED
 799   20    0 123.501    0.214   40.000   1293.397    93.200   FAILED
