// index column row  mean  error sigma   chi2/ndf width
   0   39   39  74.769      0.175   39.929   85.275    93.034   
   1   39   38  74.615      0.096   39.937   1014.138    93.054   
   2   39   37  74.575      0.159   39.807   231.620    92.749   
   3   39   36  74.622      0.171   39.903   87.703    92.975   
   4   39   35  74.520      0.190   39.957   64.397    93.099   
   5   39   34  74.548      0.159   39.993   233.386    93.184   
   6   39   33  74.573      0.136   39.944   307.480    93.068   
   7   39   32  74.702      0.159   39.901   273.764    92.970   
   8   39   31  74.589      0.305   39.917   26.409    93.006   
   9   39   30  74.631      0.111   39.974   613.303    93.138   
  10   39   29  74.604      0.169   39.782   90.253    92.693   
  11   39   28  74.674      0.137   40.000   472.890    93.200   
  12   39   27  74.672      0.237   39.766   43.239    92.655   
  13   39   26  74.493      0.223   39.928   51.056    93.033   
  14   39   25  74.581      0.147   40.000   380.637    93.200   
  15   39   24  74.609      0.125   39.963   324.914    93.114   
  16   39   23  74.697      0.391   39.776   18.970    92.679   
  17   39   22  20.957     77.122   30.000   -0.000    69.900   
  18   39   21  74.402      0.413   40.000   11.731    93.199   
  19   39   20  74.706      0.160   40.000   200.871    93.200   
  20   39   19  74.310      0.998   40.000    2.235    93.200   
  21   39   18  74.951      0.444   39.584   11.787    92.232   
  22   39   17  20.957     77.122   30.000   -0.000    69.900   
  23   39   16  74.465      0.610   40.000    5.776    93.200   
  24   39   15  74.677      0.201   39.912   107.472    92.995   
  25   39   14  74.637      0.447   39.737   10.811    92.587   
  26   39   13  74.753      0.321   39.716   21.855    92.538   
  27   39   12  74.733      0.368   40.000   21.160    93.200   
  28   39   11  74.670      0.305   39.978   25.866    93.148   
  29   39   10  74.571      0.542   40.000    7.837    93.200   
  30   39    9  74.707      0.373   39.784   17.238    92.696   
  31   39    8  74.765      0.278   40.000   51.361    93.200   
  32   39    7  74.724      0.226   39.957   44.375    93.100   
  33   39    6  74.434      0.773   40.000    2.880    93.200   
  34   39    5  74.513      0.542   40.000    8.053    93.200   
  35   39    4  74.716      0.314   40.000   22.495    93.200   
  36   39    3  20.957     77.122   30.000   -0.000    69.900   
  37   39    2  74.819      0.380   39.650   16.107    92.383   
  38   39    1  75.134      0.555   39.261    6.911    91.479   
  39   39    0  20.957     77.122   30.000   -0.000    69.900   
  40   38   39  20.957     77.122   30.000   -0.000    69.900   
  41   38   38  20.957     77.122   30.000   -0.000    69.900   
  42   38   37  74.767      0.221   39.877   52.860    92.914   
  43   38   36  74.733      0.119   39.900   492.402    92.966   
  44   38   35  74.621      0.235   40.000   43.803    93.200   
  45   38   34  74.673      0.134   39.873   484.360    92.903   
  46   38   33  74.598      0.173   39.956   156.120    93.098   
  47   38   32  74.672      0.132   39.938   380.097    93.055   
  48   38   31  74.601      0.169   40.000   199.339    93.200   
  49   38   30  74.654      0.233   39.970   46.486    93.130   
  50   38   29  74.692      0.163   39.813   166.315    92.765   
  51   38   28  74.720      0.141   39.860   339.569    92.875   
  52   38   27  74.632      0.391   39.953   13.810    93.091   
  53   38   26  74.796      0.337   39.964   26.219    93.115   
  54   38   25  74.629      0.264   39.854   35.969    92.860   
  55   38   24  74.598      0.099   39.946   680.286    93.075   
  56   38   23  74.647      0.215   39.932   51.289    93.042   
  57   38   22  74.691      0.243   39.969   40.272    93.128   
  58   38   21  74.940      0.419   39.636   16.808    92.351   
  59   38   20  74.597      0.135   39.881   345.813    92.923   
  60   38   19  74.824      0.681   40.000    5.890    93.200   
  61   38   18  20.957     77.122   30.000   -0.000    69.900   
  62   38   17  75.037      1.037   39.910    2.365    92.991   
  63   38   16  75.023      0.299   39.921   30.700    93.015   
  64   38   15  74.763      0.426   40.000   12.940    93.200   
  65   38   14  74.925      0.443   39.516   11.018    92.071   
  66   38   13  74.743      0.215   39.919   102.127    93.011   
  67   38   12  73.999      1.020   39.958    2.214    93.102   
  68   38   11  74.824      0.381   39.724   21.009    92.558   
  69   38   10  74.603      0.494   39.645    8.453    92.374   
  70   38    9  20.957     77.122   30.000   -0.000    69.900   
  71   38    8  74.664      0.539   39.720    8.729    92.548   
  72   38    7  74.876      1.041   40.000    2.174    93.200   
  73   38    6  74.783      0.595   39.746    5.864    92.609   
  74   38    5  20.957     77.122   30.000   -0.000    69.900   
  75   38    4  74.726      0.170   39.832   161.922    92.809   
  76   38    3  74.765      1.257   39.548    1.424    92.147   
  77   38    2  74.810      0.211   39.859   110.142    92.871   
  78   38    1  74.252      0.064   40.000   2411.984    93.200   
  79   38    0  74.331      0.069   40.000   2433.423    93.200   
  80   37   39  20.957     77.122   30.000   -0.000    69.900   
  81   37   38  20.957     77.122   30.000   -0.000    69.900   
  82   37   37  75.966      1.760   39.421    0.993    91.851   
  83   37   36  75.328      0.803   39.896    3.747    92.957   
  84   37   35  74.599      0.274   40.000   36.605    93.200   
  85   37   34  74.722      0.093   39.829   792.250    92.802   
  86   37   33  74.790      0.291   39.896   27.383    92.958   
  87   37   32  74.624      0.140   39.975   324.302    93.141   
  88   37   31  74.716      0.358   39.753   18.188    92.625   
  89   37   30  74.748      0.232   39.934   47.031    93.046   
  90   37   29  74.651      0.149   39.926   347.805    93.028   
  91   37   28  74.710      0.164   39.928   94.779    93.031   
  92   37   27  74.569      0.182   39.952   169.717    93.087   
  93   37   26  74.686      0.123   39.845   465.264    92.839   
  94   37   25  74.629      0.518   39.825    8.170    92.791   
  95   37   24  74.726      0.224   39.911   47.626    92.992   
  96   37   23  74.639      0.230   39.994   42.682    93.187   
  97   37   22  74.593      0.270   40.000   28.888    93.200   
  98   37   21  74.770      0.283   39.808   30.262    92.752   
  99   37   20  74.683      0.193   39.803   145.898    92.742   
 100   37   19  74.573      0.423   39.827   15.540    92.797   
 101   37   18  74.628      0.462   39.763    9.942    92.647   
 102   37   17  74.732      0.435   39.863   13.968    92.881   
 103   37   16  74.752      0.330   39.967   30.130    93.123   
 104   37   15  74.651      0.333   40.000   25.368    93.200   
 105   37   14  74.970      0.597   39.855    6.566    92.862   
 106   37   13  74.737      1.041   40.000    1.762    93.199   
 107   37   12  74.823      0.256   39.858   64.249    92.868   
 108   37   11  74.858      0.498   39.879    8.017    92.917   
 109   37   10  74.780      0.540   39.799    8.150    92.731   
 110   37    9  74.965      1.038   40.000    2.270    93.199   
 111   37    8  74.739      0.419   39.587   12.398    92.239   
 112   37    7  74.770      0.712   39.992    4.582    93.181   
 113   37    6  74.476      0.601   40.000    6.488    93.200   
 114   37    5  74.527      0.415   40.000   13.191    93.200   
 115   37    4  20.957     77.122   30.000   -0.000    69.900   
 116   37    3  74.260      0.073   40.000   1785.075    93.200   
 117   37    2  74.262      0.040   40.000   7649.251    93.200   
 118   37    1  74.195      0.149   40.000   104.564    93.200   
 119   37    0  74.340      0.085   40.000   1406.251    93.200   
 120   36   39  20.957     77.122   30.000   -0.000    69.900   
 121   36   38  75.337      0.878   39.240    3.038    91.430   
 122   36   37  75.954      1.693   38.267    0.882    89.162   
 123   36   36  20.957     77.122   30.000   -0.000    69.900   
 124   36   35  20.957     77.122   30.000   -0.000    69.900   
 125   36   34  74.703      0.197   39.917   137.797    93.007   
 126   36   33  74.806      0.261   39.745   58.215    92.605   
 127   36   32  74.748      0.211   39.745   54.766    92.606   
 128   36   31  74.708      0.185   40.000   135.823    93.200   
 129   36   30  74.484      0.543   40.000    7.691    93.200   
 130   36   29  74.771      0.236   39.932   74.743    93.043   
 131   36   28  74.640      0.113   40.000   752.643    93.200   
 132   36   27  74.663      0.175   39.840   194.260    92.828   
 133   36   26  74.751      0.217   39.907   48.853    92.983   
 134   36   25  74.875      0.895   39.807    2.539    92.750   
 135   36   24  74.895      0.798   39.691    3.608    92.480   
 136   36   23  75.694      0.793   39.592    3.172    92.248   
 137   36   22  75.062      0.376   39.397   21.257    91.796   
 138   36   21  75.504      0.998   40.000    2.108    93.200   
 139   36   20  20.957     77.122   30.000   -0.000    69.900   
 140   36   19  75.069      0.996   40.000    2.308    93.200   
 141   36   18  74.994      1.245   39.954    1.537    93.094   
 142   36   17  75.055      0.801   39.805    3.415    92.745   
 143   36   16  74.926      0.511   39.487    7.979    92.004   
 144   36   15  75.046      0.409   39.697   13.405    92.494   
 145   36   14  74.325      0.895   39.744    2.724    92.603   
 146   36   13  20.957     77.122   30.000   -0.000    69.900   
 147   36   12  74.722      0.233   39.891   66.871    92.947   
 148   36   11  74.811      0.283   39.859   29.591    92.870   
 149   36   10  74.892      0.319   39.570   25.268    92.198   
 150   36    9  74.740      0.518   39.859    8.817    92.871   
 151   36    8  75.103      0.705   40.000    4.071    93.200   
 152   36    7  74.766      0.409   39.673   15.944    92.437   
 153   36    6  74.837      0.314   40.000   24.471    93.200   
 154   36    5  74.898      0.446   40.000   10.893    93.200   
 155   36    4  74.274      0.041   40.000   8300.720    93.200   
 156   36    3  74.273      0.037   40.000   8612.476    93.200   
 157   36    2  74.303      0.113   40.000   516.290    93.200   
 158   36    1  74.254      0.053   40.000   4192.222    93.200   
 159   36    0  74.247      0.041   40.000   6833.254    93.200   
 160   35   39  75.453      0.508   39.371    8.577    91.734   
 161   35   38  75.818      1.245   39.414    1.825    91.835   
 162   35   37  20.957     77.122   30.000   -0.000    69.900   
 163   35   36  75.143      1.254   39.534    1.848    92.113   
 164   35   35  20.957     77.122   30.000   -0.000    69.900   
 165   35   34  75.536      1.249   39.471    1.453    91.967   
 166   35   33  74.890      0.799   39.749    3.154    92.615   
 167   35   32  20.957     77.122   30.000   -0.000    69.900   
 168   35   31  75.060      1.788   39.822    0.873    92.786   
 169   35   30  75.335      0.458   39.601   12.110    92.271   
 170   35   29  75.142      0.514   39.861    9.076    92.876   
 171   35   28  75.226      0.373   39.766   18.248    92.654   
 172   35   27  75.090      0.566   39.774    7.309    92.673   
 173   35   26  75.331      0.993   38.711    2.187    90.197   
 174   35   25  75.265      0.565   39.748    7.446    92.613   
 175   35   24  75.056      1.002   38.918    2.027    90.679   
 176   35   23  75.140      0.716   39.199    4.218    91.333   
 177   35   22  75.125      0.730   39.786    4.415    92.701   
 178   35   21  75.537      1.201   38.339    1.723    89.330   
 179   35   20  75.646      1.748   39.200    0.941    91.337   
 180   35   19  20.957     77.122   30.000   -0.000    69.900   
 181   35   18  20.957     77.122   30.000   -0.000    69.900   
 182   35   17  74.967      0.596   39.804    6.078    92.744   
 183   35   16  20.957     77.122   30.000   -0.000    69.900   
 184   35   15  74.683      0.518   39.901    8.068    92.969   
 185   35   14  74.865      0.311   39.757   22.163    92.633   
 186   35   13  74.795      1.022   39.416    1.890    91.839   
 187   35   12  74.927      1.218   40.000    1.389    93.200   
 188   35   11  20.957     77.122   30.000   -0.000    69.900   
 189   35   10  74.931      1.221   40.000    1.453    93.200   
 190   35    9  20.957     77.122   30.000   -0.000    69.900   
 191   35    8  74.974      1.027   39.619    1.939    92.312   
 192   35    7  74.614      0.637   40.000    5.620    93.200   
 193   35    6  74.793      0.735   40.000    4.375    93.200   
 194   35    5  74.337      0.165   40.000   151.101    93.200   
 195   35    4  74.239      0.099   40.000   704.157    93.200   
 196   35    3  74.066      0.863   40.000    2.612    93.200   
 197   35    2  20.957     77.122   30.000   -0.000    69.900   
 198   35    1  20.957     77.122   30.000   -0.000    69.900   
 199   35    0  74.249      0.052   40.000   5514.206    93.200   
 200   34   39  20.957     77.122   30.000   -0.000    69.900   
 201   34   38  20.957     77.122   30.000   -0.000    69.900   
 202   34   37  20.957     77.122   30.000   -0.000    69.900   
 203   34   36  75.141      1.025   39.579    2.007    92.220   
 204   34   35  20.957     77.122   30.000   -0.000    69.900   
 205   34   34  20.957     77.122   30.000   -0.000    69.900   
 206   34   33  20.957     77.122   30.000   -0.000    69.900   
 207   34   32  74.798      0.902   40.000    2.536    93.200   
 208   34   31  74.892      1.713   38.577    0.806    89.884   
 209   34   30  75.004      0.358   39.794   17.148    92.720   
 210   34   29  75.037      0.561   39.551    7.311    92.154   
 211   34   28  75.112      0.896   39.847    2.574    92.843   
 212   34   27  75.830      1.698   38.379    0.936    89.424   
 213   34   26  74.865      1.027   39.608    2.001    92.286   
 214   34   25  74.810      0.598   39.840    6.635    92.827   
 215   34   24  74.955      0.362   39.519   17.124    92.080   
 216   34   23  75.092      1.189   38.019    1.385    88.584   
 217   34   22  75.148      0.888   39.572    2.904    92.203   
 218   34   21  20.957     77.122   30.000   -0.000    69.900   
 219   34   20  75.216      1.677   37.951    0.778    88.425   
 220   34   19  75.851      1.771   39.553    0.861    92.159   
 221   34   18  20.957     77.122   30.000   -0.000    69.900   
 222   34   17  20.957     77.122   30.000   -0.000    69.900   
 223   34   16  74.835      0.442   39.982   13.884    93.157   
 224   34   15  74.897      0.357   39.702   17.802    92.505   
 225   34   14  75.007      0.395   39.435   18.451    91.884   
 226   34   13  74.992      0.398   39.657   14.212    92.401   
 227   34   12  20.957     77.122   30.000   -0.000    69.900   
 228   34   11  74.949      0.511   39.458    7.905    91.936   
 229   34   10  74.899      0.344   39.843   20.038    92.833   
 230   34    9  74.809      0.343   39.639   26.017    92.359   
 231   34    8  74.870      0.511   39.472    8.206    91.969   
 232   34    7  20.957     77.122   30.000   -0.000    69.900   
 233   34    6  20.957     77.122   30.000   -0.000    69.900   
 234   34    5  20.957     77.122   30.000   -0.000    69.900   
 235   34    4  74.254      0.055   40.000   2663.574    93.200   
 236   34    3  74.214      0.186   40.000   151.882    93.200   
 237   34    2  74.235      0.089   40.000   1070.277    93.200   
 238   34    1  74.328      0.128   40.000   378.720    93.200   
 239   34    0  20.957     77.122   30.000   -0.000    69.900   
 240   33   39  20.957     77.122   30.000   -0.000    69.900   
 241   33   38  75.875      0.873   39.156    2.734    91.233   
 242   33   37  75.490      0.658   39.026    4.709    90.931   
 243   33   36  75.429      0.802   39.880    3.602    92.921   
 244   33   35  20.957     77.122   30.000   -0.000    69.900   
 245   33   34  75.172      0.877   39.205    2.397    91.349   
 246   33   33  75.690      0.858   38.652    2.818    90.058   
 247   33   32  20.957     77.122   30.000   -0.000    69.900   
 248   33   31  75.000      0.294   39.795   28.945    92.723   
 249   33   30  75.093      0.418   39.558   13.068    92.169   
 250   33   29  74.941      0.567   39.873    6.413    92.905   
 251   33   28  75.061      0.784   39.227    3.324    91.398   
 252   33   27  75.129      1.776   39.597    1.008    92.260   
 253   33   26  75.413      1.240   39.282    1.606    91.528   
 254   33   25  74.870      0.996   40.000    2.078    93.200   
 255   33   24  74.998      1.266   39.793    1.539    92.718   
 256   33   23  75.188      1.730   38.841    0.982    90.499   
 257   33   22  75.243      0.892   39.714    2.910    92.533   
 258   33   21  75.592      1.684   38.122    0.902    88.825   
 259   33   20  75.102      1.269   39.914    1.537    92.999   
 260   33   19  20.957     77.122   30.000   -0.000    69.900   
 261   33   18  75.012      0.447   39.888   11.954    92.938   
 262   33   17  74.847      0.676   39.747    5.063    92.610   
 263   33   16  74.772      1.038   40.000    2.313    93.199   
 264   33   15  74.892      0.377   40.000   15.625    93.200   
 265   33   14  20.957     77.122   30.000   -0.000    69.900   
 266   33   13  20.957     77.122   30.000   -0.000    69.900   
 267   33   12  20.957     77.122   30.000   -0.000    69.900   
 268   33   11  74.846      0.306   39.739   23.667    92.591   
 269   33   10  75.025      0.598   39.874    6.719    92.906   
 270   33    9  74.799      0.138   39.808   365.780    92.752   
 271   33    8  74.628      0.271   39.882   48.096    92.924   
 272   33    7  74.275      0.054   40.000   4885.623    93.200   
 273   33    6  74.246      0.067   40.000   2846.837    93.200   
 274   33    5  20.957     77.122   30.000   -0.000    69.900   
 275   33    4  74.279      0.028   40.000   18052.903    93.200   
 276   33    3  74.255      0.046   40.000   3849.028    93.200   
 277   33    2  74.317      0.052   40.000   3615.295    93.200   
 278   33    1  74.247      0.061   40.000   1761.353    93.200   
 279   33    0  74.262      0.131   40.000   139.870    93.200   
 280   32   39  75.305      1.252   39.522    1.453    92.086   
 281   32   38  76.066      1.220   38.855    1.737    90.532   
 282   32   37  20.957     77.122   30.000   -0.000    69.900   
 283   32   36  20.957     77.122   30.000   -0.000    69.900   
 284   32   35  74.957      0.894   39.756    3.043    92.632   
 285   32   34  20.957     77.122   30.000   -0.000    69.900   
 286   32   33  75.542      1.743   39.096    0.928    91.094   
 287   32   32  20.957     77.122   30.000   -0.000    69.900   
 288   32   31  20.957     77.122   30.000   -0.000    69.900   
 289   32   30  74.915      0.563   39.607    6.623    92.283   
 290   32   29  74.991      0.585   39.196    6.558    91.327   
 291   32   28  75.425      1.735   38.979    0.949    90.820   
 292   32   27  75.520      0.713   39.164    3.869    91.253   
 293   32   26  74.785      0.895   39.778    2.623    92.684   
 294   32   25  75.237      0.890   39.663    2.907    92.414   
 295   32   24  75.020      0.401   39.899   15.686    92.965   
 296   32   23  75.241      1.025   39.589    2.119    92.243   
 297   32   22  74.727      1.258   39.561    1.732    92.178   
 298   32   21  75.590      1.725   40.000    0.830    93.200   
 299   32   20  75.136      1.702   38.445    0.866    89.576   
 300   32   19  75.111      1.035   39.946    2.125    93.074   
 301   32   18  74.896      0.874   39.095    2.484    91.092   
 302   32   17  74.830      0.479   39.908   11.820    92.987   
 303   32   16  75.002      0.476   39.668   10.020    92.426   
 304   32   15  20.957     77.122   30.000   -0.000    69.900   
 305   32   14  74.559      0.611   40.000    5.282    93.200   
 306   32   13  74.629      0.299   39.775   38.450    92.675   
 307   32   12  74.768      0.171   39.911   148.735    92.993   
 308   32   11  20.957     77.122   30.000   -0.000    69.900   
 309   32   10  74.428      0.681   40.000    4.444    93.200   
 310   32    9  74.665      0.156   39.963   190.287    93.113   
 311   32    8  74.251      0.067   40.000   1846.157    93.200   
 312   32    7  20.957     77.122   30.000   -0.000    69.900   
 313   32    6  74.270      0.041   40.000   6626.438    93.200   
 314   32    5  74.295      0.037   40.000   9217.498    93.200   
 315   32    4  74.271      0.100   40.000   729.916    93.200   
 316   32    3  74.275      0.104   40.000   784.289    93.200   
 317   32    2  74.297      0.103   40.000   719.352    93.200   
 318   32    1  74.267      0.117   40.000   426.607    93.200   
 319   32    0  20.957     77.122   30.000   -0.000    69.900   
 320   31   39  75.985      1.673   37.953    0.894    88.432   
 321   31   38  20.957     77.122   30.000   -0.000    69.900   
 322   31   37  75.373      1.717   38.670    0.949    90.100   
 323   31   36  20.957     77.122   30.000   -0.000    69.900   
 324   31   35  20.957     77.122   30.000   -0.000    69.900   
 325   31   34  20.957     77.122   30.000   -0.000    69.900   
 326   31   33  75.679      1.239   39.242    1.395    91.434   
 327   31   32  20.957     77.122   30.000   -0.000    69.900   
 328   31   31  20.957     77.122   30.000   -0.000    69.900   
 329   31   30  20.957     77.122   30.000   -0.000    69.900   
 330   31   29  20.957     77.122   30.000   -0.000    69.900   
 331   31   28  20.957     77.122   30.000   -0.000    69.900   
 332   31   27  74.516      1.763   39.950    0.919    93.084   
 333   31   26  20.957     77.122   30.000   -0.000    69.900   
 334   31   25  75.115      0.361   39.457   18.346    91.935   
 335   31   24  75.262      0.887   39.551    2.933    92.154   
 336   31   23  20.957     77.122   30.000   -0.000    69.900   
 337   31   22  20.957     77.122   30.000   -0.000    69.900   
 338   31   21  75.263      0.803   39.999    3.742    93.198   
 339   31   20  74.808      1.258   39.586    1.371    92.236   
 340   31   19  75.220      0.797   39.671    3.990    92.435   
 341   31   18  75.148      0.892   39.777    2.526    92.681   
 342   31   17  74.949      0.665   39.951    4.304    93.086   
 343   31   16  75.013      0.996   40.000    2.140    93.200   
 344   31   15  74.911      0.515   39.712    9.239    92.529   
 345   31   14  74.727      0.330   39.525   20.666    92.094   
 346   31   13  74.763      0.359   39.811   20.314    92.761   
 347   31   12  74.831      0.374   39.928   21.662    93.032   
 348   31   11  74.695      0.357   39.674   17.160    92.440   
 349   31   10  74.713      0.345   39.803   19.925    92.741   
 350   31    9  74.332      0.131   40.000   141.069    93.200   
 351   31    8  74.256      0.094   40.000   725.905    93.200   
 352   31    7  74.297      0.079   40.000   1292.302    93.200   
 353   31    6  74.287      0.102   40.000   801.424    93.200   
 354   31    5  74.272      0.084   40.000   1635.146    93.200   
 355   31    4  20.957     77.122   30.000   -0.000    69.900   
 356   31    3  74.328      0.131   40.000   291.678    93.200   
 357   31    2  74.273      0.060   40.000   2558.502    93.200   
 358   31    1  74.286      0.079   40.000   1810.358    93.200   
 359   31    0  74.274      0.073   40.000   2001.734    93.200   
 360   30   39  20.957     77.122   30.000   -0.000    69.900   
 361   30   38  20.957     77.122   30.000   -0.000    69.900   
 362   30   37  20.957     77.122   30.000   -0.000    69.900   
 363   30   36  75.656      0.658   39.061    5.149    91.012   
 364   30   35  75.600      1.763   39.493    0.897    92.019   
 365   30   34  74.833      1.752   39.108    1.035    91.121   
 366   30   33  75.238      1.724   38.737    0.949    90.257   
 367   30   32  75.292      0.725   39.566    4.764    92.189   
 368   30   31  20.957     77.122   30.000   -0.000    69.900   
 369   30   30  20.957     77.122   30.000   -0.000    69.900   
 370   30   29  20.957     77.122   30.000   -0.000    69.900   
 371   30   28  74.833      0.669   39.432    5.306    91.876   
 372   30   27  75.665      1.705   38.500    0.916    89.706   
 373   30   26  74.881      0.799   39.717    3.393    92.541   
 374   30   25  75.111      0.355   39.532   18.513    92.109   
 375   30   24  74.943      0.351   39.748   17.503    92.613   
 376   30   23  75.529      1.231   39.032    1.671    90.945   
 377   30   22  20.957     77.122   30.000   -0.000    69.900   
 378   30   21  75.330      0.546   38.787    7.012    90.374   
 379   30   20  74.876      1.264   39.737    1.775    92.586   
 380   30   19  75.338      1.221   40.000    1.522    93.200   
 381   30   18  20.957     77.122   30.000   -0.000    69.900   
 382   30   17  74.965      0.476   39.625    9.886    92.325   
 383   30   16  74.916      0.462   39.750   10.957    92.619   
 384   30   15  74.958      0.727   39.632    4.196    92.343   
 385   30   14  74.945      0.381   39.710   21.447    92.525   
 386   30   13  75.392      0.622   39.384    5.901    91.765   
 387   30   12  74.922      0.576   40.000    6.909    93.200   
 388   30   11  74.716      0.589   39.387    6.686    91.772   
 389   30   10  73.844      1.773   39.968    0.924    93.126   
 390   30    9  20.957     77.122   30.000   -0.000    69.900   
 391   30    8  74.235      0.148   40.000   242.016    93.200   
 392   30    7  74.344      0.139   40.000   126.478    93.200   
 393   30    6  74.269      0.160   40.000   249.046    93.200   
 394   30    5  20.957     77.122   30.000   -0.000    69.900   
 395   30    4  74.321      0.105   40.000   665.796    93.200   
 396   30    3  20.957     77.122   30.000   -0.000    69.900   
 397   30    2  20.957     77.122   30.000   -0.000    69.900   
 398   30    1  74.248      0.085   40.000   1018.469    93.200   
 399   30    0  74.323      0.070   40.000   2102.539    93.200   
 400   29   39  20.957     77.122   30.000   -0.000    69.900   
 401   29   38  20.957     77.122   30.000   -0.000    69.900   
 402   29   37  20.957     77.122   30.000   -0.000    69.900   
 403   29   36  20.957     77.122   30.000   -0.000    69.900   
 404   29   35  20.957     77.122   30.000   -0.000    69.900   
 405   29   34  20.957     77.122   30.000   -0.000    69.900   
 406   29   33  75.475      0.620   39.271    6.379    91.502   
 407   29   32  20.957     77.122   30.000   -0.000    69.900   
 408   29   31  76.002      1.789   39.914    0.904    92.999   
 409   29   30  20.957     77.122   30.000   -0.000    69.900   
 410   29   29  75.509      0.787   39.328    3.582    91.633   
 411   29   28  20.957     77.122   30.000   -0.000    69.900   
 412   29   27  75.062      0.209   39.607   108.576    92.284   
 413   29   26  75.395      0.673   39.688    5.112    92.473   
 414   29   25  74.853      0.796   39.575    3.513    92.210   
 415   29   24  75.197      0.372   39.686   23.780    92.468   
 416   29   23  75.048      0.397   39.579   18.580    92.220   
 417   29   22  75.295      0.799   39.788    3.835    92.707   
 418   29   21  75.049      0.516   39.894    9.413    92.952   
 419   29   20  75.475      1.753   39.244    1.077    91.438   
 420   29   19  74.789      0.381   39.734   20.819    92.581   
 421   29   18  75.070      0.171   39.700   181.556    92.502   
 422   29   17  74.867      0.204   39.737   62.353    92.586   
 423   29   16  74.870      0.164   39.635   96.164    92.350   
 424   29   15  74.833      0.063   39.830   2234.902    92.805   
 425   29   14  74.734      0.157   39.788   284.061    92.707   
 426   29   13  74.538      0.356   39.963   22.782    93.115   
 427   29   12  74.813      0.191   39.860   160.403    92.873   
 428   29   11  74.286      0.020   40.000   32539.412    93.200   
 429   29   10  74.296      0.049   40.000   4360.909    93.200   
 430   29    9  74.266      0.032   40.000   12172.393    93.200   
 431   29    8  74.305      0.072   40.000   1778.990    93.200   
 432   29    7  74.487      0.247   40.000   64.116    93.200   
 433   29    6  74.324      0.097   40.000   743.379    93.200   
 434   29    5  74.306      0.071   40.000   1664.656    93.200   
 435   29    4  20.957     77.122   30.000   -0.000    69.900   
 436   29    3  74.270      0.073   40.000   1674.911    93.200   
 437   29    2  74.285      0.035   40.000   9002.981    93.200   
 438   29    1  74.266      0.219   40.000   43.564    93.200   
 439   29    0  74.183      0.296   40.000   36.045    93.200   
 440   28   39  76.246      1.724   40.000    0.926    93.200   
 441   28   38  75.499      0.409   38.959   15.070    90.774   
 442   28   37  76.401      1.732   40.000    0.982    93.200   
 443   28   36  20.957     77.122   30.000   -0.000    69.900   
 444   28   35  76.128      1.785   39.996    0.893    93.192   
 445   28   34  20.957     77.122   30.000   -0.000    69.900   
 446   28   33  20.957     77.122   30.000   -0.000    69.900   
 447   28   32  76.845      1.703   38.540    1.066    89.798   
 448   28   31  20.957     77.122   30.000   -0.000    69.900   
 449   28   30  20.957     77.122   30.000   -0.000    69.900   
 450   28   29  20.957     77.122   30.000   -0.000    69.900   
 451   28   28  20.957     77.122   30.000   -0.000    69.900   
 452   28   27  20.957     77.122   30.000   -0.000    69.900   
 453   28   26  20.957     77.122   30.000   -0.000    69.900   
 454   28   25  75.333      1.220   40.000    1.454    93.200   
 455   28   24  75.238      0.351   39.243   18.097    91.437   
 456   28   23  75.654      0.719   39.382    4.186    91.760   
 457   28   22  75.065      0.494   39.671    9.331    92.434   
 458   28   21  75.432      0.659   39.062    5.550    91.013   
 459   28   20  75.555      0.428   39.424   14.538    91.858   
 460   28   19  74.927      0.263   39.683   55.948    92.461   
 461   28   18  74.822      0.248   39.776   54.143    92.677   
 462   28   17  74.878      0.211   39.602   58.626    92.273   
 463   28   16  74.764      0.229   39.860   46.620    92.875   
 464   28   15  74.841      0.157   39.728   203.011    92.567   
 465   28   14  74.857      0.130   39.746   521.525    92.608   
 466   28   13  74.806      0.102   39.804   883.840    92.743   
 467   28   12  74.327      0.026   40.000   20766.719    93.200   
 468   28   11  74.314      0.017   40.000   61755.613    93.200   
 469   28   10  74.310      0.033   40.000   9919.949    93.200   
 470   28    9  74.235      0.096   40.000   922.278    93.200   
 471   28    8  74.288      0.157   40.000   198.030    93.200   
 472   28    7  74.324      0.092   40.000   1047.014    93.200   
 473   28    6  74.333      0.128   40.000   430.800    93.200   
 474   28    5  74.276      0.041   40.000   6618.786    93.200   
 475   28    4  74.295      0.039   40.000   6940.246    93.200   
 476   28    3  74.283      0.063   40.000   1949.603    93.200   
 477   28    2  74.291      0.065   40.000   2585.725    93.200   
 478   28    1  74.356      0.108   40.000   606.784    93.200   
 479   28    0  74.292      0.045   40.000   5912.035    93.200   
 480   27   39  20.957     77.122   30.000   -0.000    69.900   
 481   27   38  20.957     77.122   30.000   -0.000    69.900   
 482   27   37  20.957     77.122   30.000   -0.000    69.900   
 483   27   36  20.957     77.122   30.000   -0.000    69.900   
 484   27   35  20.957     77.122   30.000   -0.000    69.900   
 485   27   34  20.957     77.122   30.000   -0.000    69.900   
 486   27   33  20.957     77.122   30.000   -0.000    69.900   
 487   27   32  20.957     77.122   30.000   -0.000    69.900   
 488   27   31  20.957     77.122   30.000   -0.000    69.900   
 489   27   30  20.957     77.122   30.000   -0.000    69.900   
 490   27   29  20.957     77.122   30.000   -0.000    69.900   
 491   27   28  75.519      1.708   38.523    1.058    89.758   
 492   27   27  20.957     77.122   30.000   -0.000    69.900   
 493   27   26  20.957     77.122   30.000   -0.000    69.900   
 494   27   25  20.957     77.122   30.000   -0.000    69.900   
 495   27   24  75.233      0.299   39.465   27.994    91.953   
 496   27   23  75.753      1.248   39.471    1.305    91.967   
 497   27   22  75.105      0.346   39.384   25.276    91.765   
 498   27   21  20.957     77.122   30.000   -0.000    69.900   
 499   27   20  75.213      0.377   39.482   16.776    91.993   
 500   27   19  75.052      0.182   39.707   77.744    92.517   
 501   27   18  75.073      0.421   39.732   18.425    92.575   
 502   27   17  74.903      0.109   39.692   496.256    92.482   
 503   27   16  74.947      0.196   39.673   107.233    92.439   
 504   27   15  74.880      0.327   39.834   23.476    92.814   
 505   27   14  74.834      0.108   39.698   578.021    92.496   
 506   27   13  74.348      0.027   40.000   18886.369    93.200   
 507   27   12  74.327      0.024   40.000   28114.135    93.200   
 508   27   11  74.329      0.019   40.000   42614.807    93.200   
 509   27   10  74.318      0.017   40.000   53159.486    93.200   
 510   27    9  74.312      0.061   40.000   2930.939    93.200   
 511   27    8  74.366      0.128   40.000   523.949    93.200   
 512   27    7  74.300      0.227   40.000   78.842    93.200   
 513   27    6  74.166      0.214   40.000   52.149    93.200   
 514   27    5  74.429      0.280   40.000   35.091    93.200   
 515   27    4  74.308      0.084   40.000   1476.696    93.200   
 516   27    3  74.348      0.140   40.000   325.554    93.200   
 517   27    2  20.957     77.122   30.000   -0.000    69.900   
 518   27    1  74.328      0.098   40.000   657.900    93.200   
 519   27    0  74.396      0.278   40.000   44.208    93.200   
 520   26   39  20.957     77.122   30.000   -0.000    69.900   
 521   26   38  20.957     77.122   30.000   -0.000    69.900   
 522   26   37  20.957     77.122   30.000   -0.000    69.900   
 523   26   36  75.691      1.776   39.680    0.936    92.455   
 524   26   35  20.957     77.122   30.000   -0.000    69.900   
 525   26   34  20.957     77.122   30.000   -0.000    69.900   
 526   26   33  20.957     77.122   30.000   -0.000    69.900   
 527   26   32  20.957     77.122   30.000   -0.000    69.900   
 528   26   31  20.957     77.122   30.000   -0.000    69.900   
 529   26   30  20.957     77.122   30.000   -0.000    69.900   
 530   26   29  20.957     77.122   30.000   -0.000    69.900   
 531   26   28  20.957     77.122   30.000   -0.000    69.900   
 532   26   27  20.957     77.122   30.000   -0.000    69.900   
 533   26   26  20.957     77.122   30.000   -0.000    69.900   
 534   26   25  20.957     77.122   30.000   -0.000    69.900   
 535   26   24  75.082      0.284   39.510   28.890    92.059   
 536   26   23  20.957     77.122   30.000   -0.000    69.900   
 537   26   22  75.633      0.484   39.149   11.175    91.217   
 538   26   21  75.264      0.207   39.471   109.483    91.967   
 539   26   20  75.530      0.528   39.213    8.083    91.367   
 540   26   19  75.077      0.410   39.786   13.539    92.700   
 541   26   18  75.137      0.294   39.357   40.387    91.703   
 542   26   17  74.905      0.189   39.633   117.256    92.346   
 543   26   16  74.887      0.169   39.728   221.610    92.565   
 544   26   15  74.971      0.175   39.790   199.653    92.710   
 545   26   14  74.373      0.021   40.000   33293.377    93.200   
 546   26   13  74.355      0.042   40.000   7761.750    93.200   
 547   26   12  74.373      0.035   40.000   9461.694    93.200   
 548   26   11  74.350      0.035   40.000   12915.966    93.200   
 549   26   10  74.349      0.023   40.000   26326.882    93.200   
 550   26    9  74.320      0.079   40.000   1450.056    93.200   
 551   26    8  74.354      0.085   40.000   1121.204    93.200   
 552   26    7  20.957     77.122   30.000   -0.000    69.900   
 553   26    6  74.335      0.053   40.000   4837.976    93.200   
 554   26    5  74.332      0.068   40.000   1763.284    93.200   
 555   26    4  74.352      0.034   40.000   11201.356    93.200   
 556   26    3  74.391      0.119   40.000   388.929    93.200   
 557   26    2  74.343      0.053   40.000   3389.352    93.200   
 558   26    1  74.370      0.081   40.000   1638.680    93.200   
 559   26    0  74.327      0.025   40.000   20484.413    93.200   
 560   25   39  20.957     77.122   30.000   -0.000    69.900   
 561   25   38  76.320      1.263   39.870    1.394    92.898   
 562   25   37  20.957     77.122   30.000   -0.000    69.900   
 563   25   36  20.957     77.122   30.000   -0.000    69.900   
 564   25   35  76.067      1.692   38.334    0.796    89.317   
 565   25   34  20.957     77.122   30.000   -0.000    69.900   
 566   25   33  20.957     77.122   30.000   -0.000    69.900   
 567   25   32  20.957     77.122   30.000   -0.000    69.900   
 568   25   31  20.957     77.122   30.000   -0.000    69.900   
 569   25   30  20.957     77.122   30.000   -0.000    69.900   
 570   25   29  76.533      1.730   38.960    0.831    90.777   
 571   25   28  20.957     77.122   30.000   -0.000    69.900   
 572   25   27  75.959      1.760   39.361    0.828    91.712   
 573   25   26  20.957     77.122   30.000   -0.000    69.900   
 574   25   25  20.957     77.122   30.000   -0.000    69.900   
 575   25   24  20.957     77.122   30.000   -0.000    69.900   
 576   25   23  75.189      0.331   39.664   23.517    92.418   
 577   25   22  75.239      0.621   39.267    6.027    91.492   
 578   25   21  75.328      0.587   39.370    6.065    91.731   
 579   25   20  75.413      0.596   39.785    7.406    92.698   
 580   25   19  75.013      0.378   39.511   15.756    92.060   
 581   25   18  75.145      0.275   39.656   32.225    92.399   
 582   25   17  74.832      0.180   39.678   136.603    92.450   
 583   25   16  74.924      0.169   39.679   168.421    92.453   
 584   25   15  74.436      0.040   40.000   6876.822    93.200   
 585   25   14  74.396      0.041   40.000   7114.852    93.200   
 586   25   13  74.386      0.046   40.000   4995.496    93.200   
 587   25   12  74.393      0.045   40.000   5044.610    93.200   
 588   25   11  74.410      0.033   40.000   11025.395    93.200   
 589   25   10  74.395      0.022   40.000   34777.523    93.200   
 590   25    9  74.421      0.095   40.000   698.976    93.200   
 591   25    8  74.507      0.252   40.000   36.537    93.200   
 592   25    7  74.336      0.139   40.000   462.848    93.200   
 593   25    6  74.413      0.094   40.000   682.216    93.200   
 594   25    5  74.377      0.149   40.000   104.059    93.200   
 595   25    4  74.375      0.035   40.000   10918.208    93.200   
 596   25    3  74.353      0.084   40.000   1078.040    93.200   
 597   25    2  74.334      0.049   40.000   3764.172    93.200   
 598   25    1  74.476      0.145   40.000   333.447    93.200   
 599   25    0  74.367      0.087   40.000   799.490    93.200   
 600   24   39  20.957     77.122   30.000   -0.000    69.900   
 601   24   38  20.957     77.122   30.000   -0.000    69.900   
 602   24   37  20.957     77.122   30.000   -0.000    69.900   
 603   24   36  20.957     77.122   30.000   -0.000    69.900   
 604   24   35  20.957     77.122   30.000   -0.000    69.900   
 605   24   34  20.957     77.122   30.000   -0.000    69.900   
 606   24   33  20.957     77.122   30.000   -0.000    69.900   
 607   24   32  20.957     77.122   30.000   -0.000    69.900   
 608   24   31  20.957     77.122   30.000   -0.000    69.900   
 609   24   30  20.957     77.122   30.000   -0.000    69.900   
 610   24   29  20.957     77.122   30.000   -0.000    69.900   
 611   24   28  75.896      1.761   39.446    0.916    91.910   
 612   24   27  20.957     77.122   30.000   -0.000    69.900   
 613   24   26  20.957     77.122   30.000   -0.000    69.900   
 614   24   25  75.491      1.240   39.272    1.803    91.504   
 615   24   24  20.957     77.122   30.000   -0.000    69.900   
 616   24   23  20.957     77.122   30.000   -0.000    69.900   
 617   24   22  75.166      0.346   39.362   19.500    91.714   
 618   24   21  75.331      0.735   40.000    4.551    93.200   
 619   24   20  75.414      0.667   39.424    5.124    91.857   
 620   24   19  74.901      0.294   39.784   28.036    92.696   
 621   24   18  74.868      0.277   39.834   48.694    92.814   
 622   24   17  74.902      0.210   39.790   93.842    92.711   
 623   24   16  74.450      0.035   40.000   12380.754    93.200   
 624   24   15  74.426      0.057   40.000   2829.961    93.200   
 625   24   14  74.437      0.029   40.000   16489.354    93.200   
 626   24   13  74.398      0.058   40.000   3976.590    93.200   
 627   24   12  74.438      0.044   40.000   5334.010    93.200   
 628   24   11  74.423      0.037   40.000   9247.570    93.200   
 629   24   10  74.417      0.034   40.000   14205.441    93.200   
 630   24    9  74.332      0.147   40.000   324.194    93.200   
 631   24    8  20.957     77.122   30.000   -0.000    69.900   
 632   24    7  74.442      0.174   40.000   184.650    93.200   
 633   24    6  74.379      0.237   40.000   79.548    93.200   
 634   24    5  74.461      0.107   40.000   560.765    93.200   
 635   24    4  74.405      0.054   40.000   3987.975    93.200   
 636   24    3  74.384      0.220   40.000   98.763    93.200   
 637   24    2  20.957     77.122   30.000   -0.000    69.900   
 638   24    1  74.367      0.112   40.000   517.858    93.200   
 639   24    0  74.261      0.289   40.000   28.862    93.200   
 640   23   39  20.957     77.122   30.000   -0.000    69.900   
 641   23   38  20.957     77.122   30.000   -0.000    69.900   
 642   23   37  20.957     77.122   30.000   -0.000    69.900   
 643   23   36  20.957     77.122   30.000   -0.000    69.900   
 644   23   35  76.326      1.736   39.041    1.328    90.966   
 645   23   34  20.957     77.122   30.000   -0.000    69.900   
 646   23   33  20.957     77.122   30.000   -0.000    69.900   
 647   23   32  20.957     77.122   30.000   -0.000    69.900   
 648   23   31  20.957     77.122   30.000   -0.000    69.900   
 649   23   30  20.957     77.122   30.000   -0.000    69.900   
 650   23   29  20.957     77.122   30.000   -0.000    69.900   
 651   23   28  20.957     77.122   30.000   -0.000    69.900   
 652   23   27  20.957     77.122   30.000   -0.000    69.900   
 653   23   26  20.957     77.122   30.000   -0.000    69.900   
 654   23   25  20.957     77.122   30.000   -0.000    69.900   
 655   23   24  20.957     77.122   30.000   -0.000    69.900   
 656   23   23  20.957     77.122   30.000   -0.000    69.900   
 657   23   22  20.957     77.122   30.000   -0.000    69.900   
 658   23   21  75.396      0.442   39.474   11.720    91.975   
 659   23   20  75.321      0.395   39.415   13.795    91.838   
 660   23   19  74.990      0.150   39.617   267.463    92.307   
 661   23   18  75.057      0.227   39.542   85.286    92.133   
 662   23   17  74.496      0.058   40.000   3373.852    93.200   
 663   23   16  74.460      0.036   40.000   12105.730    93.200   
 664   23   15  74.481      0.064   40.000   2375.757    93.200   
 665   23   14  74.424      0.045   40.000   6673.901    93.200   
 666   23   13  74.442      0.085   40.000   1580.192    93.200   
 667   23   12  74.436      0.058   40.000   2550.146    93.200   
 668   23   11  74.463      0.049   40.000   5088.802    93.200   
 669   23   10  74.457      0.036   40.000   10312.446    93.200   
 670   23    9  74.435      0.107   40.000   737.398    93.200   
 671   23    8  74.422      0.110   40.000   582.244    93.200   
 672   23    7  74.441      0.063   40.000   2593.679    93.200   
 673   23    6  74.408      0.112   40.000   611.012    93.200   
 674   23    5  74.426      0.090   40.000   1250.763    93.200   
 675   23    4  74.469      0.053   40.000   3205.407    93.200   
 676   23    3  74.516      0.099   40.000   892.489    93.200   
 677   23    2  74.429      0.091   40.000   958.026    93.200   
 678   23    1  74.386      0.179   40.000   78.502    93.200   
 679   23    0  74.446      0.110   40.000   629.119    93.200   
 680   22   39  20.957     77.122   30.000   -0.000    69.900   
 681   22   38  20.957     77.122   30.000   -0.000    69.900   
 682   22   37  20.957     77.122   30.000   -0.000    69.900   
 683   22   36  20.957     77.122   30.000   -0.000    69.900   
 684   22   35  20.957     77.122   30.000   -0.000    69.900   
 685   22   34  20.957     77.122   30.000   -0.000    69.900   
 686   22   33  20.957     77.122   30.000   -0.000    69.900   
 687   22   32  20.957     77.122   30.000   -0.000    69.900   
 688   22   31  76.342      1.718   38.771    0.971    90.337   
 689   22   30  20.957     77.122   30.000   -0.000    69.900   
 690   22   29  20.957     77.122   30.000   -0.000    69.900   
 691   22   28  20.957     77.122   30.000   -0.000    69.900   
 692   22   27  20.957     77.122   30.000   -0.000    69.900   
 693   22   26  20.957     77.122   30.000   -0.000    69.900   
 694   22   25  75.698      1.685   38.147    1.125    88.882   
 695   22   24  20.957     77.122   30.000   -0.000    69.900   
 696   22   23  20.957     77.122   30.000   -0.000    69.900   
 697   22   22  75.599      1.693   38.212    0.819    89.034   
 698   22   21  20.957     77.122   30.000   -0.000    69.900   
 699   22   20  75.424      1.018   39.412    2.179    91.829   
 700   22   19  74.838      0.444   39.533   11.294    92.113   
 701   22   18  74.546      0.045   40.000   6990.365    93.200   
 702   22   17  74.561      0.064   40.000   2931.425    93.200   
 703   22   16  74.522      0.038   40.000   8226.300    93.200   
 704   22   15  74.497      0.042   40.000   5302.550    93.200   
 705   22   14  74.511      0.044   40.000   6593.984    93.200   
 706   22   13  74.522      0.057   40.000   3607.833    93.200   
 707   22   12  74.498      0.073   40.000   2058.949    93.200   
 708   22   11  74.473      0.078   40.000   1402.777    93.200   
 709   22   10  74.480      0.085   40.000   1800.826    93.200   
 710   22    9  74.493      0.098   39.988   925.244    93.173   
 711   22    8  74.501      0.101   40.000   1156.350    93.200   
 712   22    7  74.481      0.055   40.000   4732.038    93.200   
 713   22    6  74.483      0.205   40.000   53.665    93.200   
 714   22    5  74.475      0.188   40.000   111.388    93.200   
 715   22    4  74.547      0.149   39.963   272.814    93.114   
 716   22    3  74.553      0.227   40.000   51.680    93.200   
 717   22    2  74.465      0.069   40.000   3061.749    93.200   
 718   22    1  74.453      0.070   40.000   2147.035    93.200   
 719   22    0  74.667      0.385   40.000   16.778    93.200   
 720   21   39  20.957     77.122   30.000   -0.000    69.900   
 721   21   38  20.957     77.122   30.000   -0.000    69.900   
 722   21   37  20.957     77.122   30.000   -0.000    69.900   
 723   21   36  20.957     77.122   30.000   -0.000    69.900   
 724   21   35  20.957     77.122   30.000   -0.000    69.900   
 725   21   34  20.957     77.122   30.000   -0.000    69.900   
 726   21   33  75.338      1.724   38.778    0.817    90.352   
 727   21   32  20.957     77.122   30.000   -0.000    69.900   
 728   21   31  20.957     77.122   30.000   -0.000    69.900   
 729   21   30  20.957     77.122   30.000   -0.000    69.900   
 730   21   29  20.957     77.122   30.000   -0.000    69.900   
 731   21   28  20.957     77.122   30.000   -0.000    69.900   
 732   21   27  20.957     77.122   30.000   -0.000    69.900   
 733   21   26  20.957     77.122   30.000   -0.000    69.900   
 734   21   25  20.957     77.122   30.000   -0.000    69.900   
 735   21   24  75.968      1.711   38.577    0.922    89.883   
 736   21   23  20.957     77.122   30.000   -0.000    69.900   
 737   21   22  20.957     77.122   30.000   -0.000    69.900   
 738   21   21  20.957     77.122   30.000   -0.000    69.900   
 739   21   20  20.957     77.122   30.000   -0.000    69.900   
 740   21   19  74.947      0.133   39.626   145.699    92.329   
 741   21   18  74.583      0.116   39.953   638.769    93.090   
 742   21   17  74.576      0.078   39.961   1342.140    93.110   
 743   21   16  74.543      0.070   40.000   2386.054    93.200   
 744   21   15  74.587      0.057   39.998   4077.051    93.196   
 745   21   14  74.536      0.088   39.916   851.836    93.003   
 746   21   13  74.517      0.073   40.000   2058.851    93.200   
 747   21   12  74.500      0.115   40.000   456.421    93.200   
 748   21   11  74.581      0.099   39.953   1122.058    93.089   
 749   21   10  74.553      0.115   39.920   613.363    93.014   
 750   21    9  74.550      0.129   40.000   422.141    93.200   
 751   21    8  74.441      0.426   40.000   13.085    93.200   
 752   21    7  74.780      0.251   39.856   66.513    92.864   
 753   21    6  74.560      0.150   40.000   265.545    93.200   
 754   21    5  74.563      0.102   39.956   702.139    93.098   
 755   21    4  74.659      0.213   39.922   111.129    93.019   
 756   21    3  74.740      0.424   40.000   15.921    93.200   
 757   21    2  74.760      0.291   39.884   43.767    92.930   
 758   21    1  74.624      0.187   39.729   159.950    92.570   
 759   21    0  74.598      0.257   40.000   64.844    93.200   
 760   20   39  20.957     77.122   30.000   -0.000    69.900   
 761   20   38  20.957     77.122   30.000   -0.000    69.900   
 762   20   37  20.957     77.122   30.000   -0.000    69.900   
 763   20   36  20.957     77.122   30.000   -0.000    69.900   
 764   20   35  20.957     77.122   30.000   -0.000    69.900   
 765   20   34  20.957     77.122   30.000   -0.000    69.900   
 766   20   33  20.957     77.122   30.000   -0.000    69.900   
 767   20   32  20.957     77.122   30.000   -0.000    69.900   
 768   20   31  20.957     77.122   30.000   -0.000    69.900   
 769   20   30  20.957     77.122   30.000   -0.000    69.900   
 770   20   29  20.957     77.122   30.000   -0.000    69.900   
 771   20   28  20.957     77.122   30.000   -0.000    69.900   
 772   20   27  20.957     77.122   30.000   -0.000    69.900   
 773   20   26  20.957     77.122   30.000   -0.000    69.900   
 774   20   25  20.957     77.122   30.000   -0.000    69.900   
 775   20   24  20.957     77.122   30.000   -0.000    69.900   
 776   20   23  20.957     77.122   30.000   -0.000    69.900   
 777   20   22  20.957     77.122   30.000   -0.000    69.900   
 778   20   21  20.957     77.122   30.000   -0.000    69.900   
 779   20   20  20.957     77.122   30.000   -0.000    69.900   
 780   20   19  20.957     77.122   30.000   -0.000    69.900   
 781   20   18  74.599      0.065   39.880   2069.572    92.921   
 782   20   17  74.589      0.128   39.909   477.308    92.988   
 783   20   16  74.641      0.142   39.899   402.842    92.964   
 784   20   15  74.611      0.063   39.943   2085.896    93.068   
 785   20   14  74.556      0.155   40.000   215.711    93.200   
 786   20   13  74.635      0.087   39.969   1202.160    93.127   
 787   20   12  74.596      0.062   39.941   2356.000    93.063   
 788   20   11  20.957     77.122   30.000   -0.000    69.900   
 789   20   10  74.586      0.073   39.977   1420.073    93.146   
 790   20    9  74.572      0.117   39.987   398.363    93.171   
 791   20    8  74.562      0.257   39.929   36.699    93.034   
 792   20    7  74.663      0.229   40.000   48.193    93.200   
 793   20    6  74.570      0.222   40.000   51.185    93.200   
 794   20    5  74.525      0.128   40.000   487.338    93.200   
 795   20    4  20.957     77.122   30.000   -0.000    69.900   
 796   20    3  74.583      0.340   39.994   17.291    93.187   
 797   20    2  74.551      0.293   39.982   39.009    93.158   
 798   20    1  74.549      0.738   40.000    3.529    93.200   
 799   20    0  74.756      0.265   39.933   37.436    93.043   
