   0    ( 20 ,  20)     8.728 MeV    inf
   1    ( 20 ,  19)    14.552 MeV    -2.30965
   3    ( 20 ,  17)    14.552 MeV    -0.652898
   4    ( 20 ,  16)    11.378 MeV    -2.71331
   6    ( 20 ,  14)    18.990 MeV    2.91592
  42    ( 19 ,  18)    17.004 MeV    2.44915
  44    ( 19 ,  16)    19.321 MeV    0.985712
 267    ( 14 ,  -8)    20.913 MeV    50.2249
 268    ( 14 ,  -9)    20.885 MeV    51.4492
 269    ( 14 , -10)    21.071 MeV    52.8701
 270    ( 14 , -11)    21.032 MeV    51.439
 271    ( 14 , -12)    20.901 MeV    53.4421
 272    ( 14 , -13)    20.942 MeV    52.3168
 273    ( 14 , -14)    20.947 MeV    51.3927
 274    ( 14 , -15)    20.949 MeV    53.0587
 275    ( 14 , -16)    20.852 MeV    52.5323
 276    ( 14 , -17)    20.918 MeV    52.6528
 277    ( 14 , -18)    20.848 MeV    51.2137
 278    ( 14 , -19)    20.932 MeV    52.2911
 279    ( 14 , -20)    20.768 MeV    50.265
 282    ( 13 ,  18)    21.049 MeV    52.5118
 283    ( 13 ,  17)    21.088 MeV    51.7589
 284    ( 13 ,  16)    21.091 MeV    50.9814
 285    ( 13 ,  15)    20.933 MeV    50.8338
 286    ( 13 ,  14)    21.267 MeV    51.368
 287    ( 13 ,  13)    21.122 MeV    53.7394
 288    ( 13 ,  12)    21.129 MeV    53.005
 289    ( 13 ,  11)    21.090 MeV    53.0029
 290    ( 13 ,  10)    21.047 MeV    52.319
 291    ( 13 ,   9)    21.105 MeV    53.4938
 292    ( 13 ,   8)    21.005 MeV    51.7146
 293    ( 13 ,   7)    21.073 MeV    53.2667
 294    ( 13 ,   6)    21.158 MeV    55.7886
 295    ( 13 ,   5)    21.061 MeV    52.4972
 296    ( 13 ,   4)    20.976 MeV    54.038
 297    ( 13 ,   3)    20.920 MeV    56.4259
 298    ( 13 ,   2)    21.002 MeV    54.0627
 299    ( 13 ,   1)    20.996 MeV    57.8752
 300    ( 13 ,  -1)    21.154 MeV    58.0207
 301    ( 13 ,  -2)    21.028 MeV    56.8535
 302    ( 13 ,  -3)    21.034 MeV    59.3595
 303    ( 13 ,  -4)    21.056 MeV    60.3568
 304    ( 13 ,  -5)    20.939 MeV    58.9451
 305    ( 13 ,  -6)    21.006 MeV    58.7857
 306    ( 13 ,  -7)    20.908 MeV    57.4662
 307    ( 13 ,  -8)    20.953 MeV    56.8383
 308    ( 13 ,  -9)    20.991 MeV    56.6672
 309    ( 13 , -10)    21.036 MeV    58.0564
 310    ( 13 , -11)    20.958 MeV    58.1543
 311    ( 13 , -12)    20.986 MeV    57.865
 312    ( 13 , -13)    20.969 MeV    56.3769
 313    ( 13 , -14)    21.010 MeV    56.8966
 314    ( 13 , -15)    20.940 MeV    58.1554
 315    ( 13 , -16)    20.837 MeV    57.6698
 316    ( 13 , -17)    20.922 MeV    57.5348
 317    ( 13 , -18)    20.884 MeV    56.8309
 318    ( 13 , -19)    20.840 MeV    59.3272
 319    ( 13 , -20)    20.891 MeV    57.9009
 320    ( 12 ,  20)    21.130 MeV    59.7136
 321    ( 12 ,  19)    21.071 MeV    60.0978
 322    ( 12 ,  18)    21.063 MeV    58.1486
 323    ( 12 ,  17)    21.105 MeV    61.3508
 324    ( 12 ,  16)    21.236 MeV    62.3019
 325    ( 12 ,  15)    21.043 MeV    61.6249
 326    ( 12 ,  14)    21.064 MeV    62.9677
 327    ( 12 ,  13)    21.055 MeV    66.8348
 328    ( 12 ,  12)    21.060 MeV    65.5803
 329    ( 12 ,  11)    21.029 MeV    65.8105
 330    ( 12 ,  10)    20.990 MeV    66.2496
 331    ( 12 ,   9)    21.026 MeV    67.1473
 332    ( 12 ,   8)    21.023 MeV    69.4813
 333    ( 12 ,   7)    20.968 MeV    70.6904
 334    ( 12 ,   6)    21.154 MeV    68.5067
 335    ( 12 ,   5)    21.161 MeV    66.3165
 336    ( 12 ,   4)    21.140 MeV    66.6841
 337    ( 12 ,   3)    20.967 MeV    70.7226
 338    ( 12 ,   2)    21.049 MeV    67.2655
 339    ( 12 ,   1)    21.056 MeV    67.157
 340    ( 12 ,  -1)    21.003 MeV    67.0359
 341    ( 12 ,  -2)    21.104 MeV    65.0906
 342    ( 12 ,  -3)    20.960 MeV    66.2096
 343    ( 12 ,  -4)    20.966 MeV    67.2009
 344    ( 12 ,  -5)    21.072 MeV    66.6231
 345    ( 12 ,  -6)    20.993 MeV    68.0765
 346    ( 12 ,  -7)    20.959 MeV    66.8061
 347    ( 12 ,  -8)    20.859 MeV    67.2101
 348    ( 12 ,  -9)    20.918 MeV    66.0031
 349    ( 12 , -10)    20.890 MeV    68.026
 350    ( 12 , -11)    20.927 MeV    68.1245
 351    ( 12 , -12)    20.945 MeV    69.1345
 352    ( 12 , -13)    20.914 MeV    66.8165
 353    ( 12 , -14)    20.897 MeV    65.519
 354    ( 12 , -15)    20.916 MeV    67.6424
 355    ( 12 , -16)    20.859 MeV    66.4969
 356    ( 12 , -17)    20.821 MeV    63.9789
 357    ( 12 , -18)    20.839 MeV    65.6398
 358    ( 12 , -19)    20.821 MeV    65.1598
 359    ( 12 , -20)    20.839 MeV    63.7884
 360    ( 11 ,  20)    21.192 MeV    77.6013
 361    ( 11 ,  19)    21.073 MeV    78.475
 362    ( 11 ,  18)    21.074 MeV    75.5681
 363    ( 11 ,  17)    21.049 MeV    77.5237
 364    ( 11 ,  16)    20.930 MeV    78.0934
 365    ( 11 ,  15)    21.059 MeV    80.2887
 366    ( 11 ,  14)    21.129 MeV    78.9496
 367    ( 11 ,  13)    21.125 MeV    81.5431
 368    ( 11 ,  12)    21.073 MeV    78.9621
 369    ( 11 ,  11)    21.184 MeV    78.4703
 370    ( 11 ,  10)    21.144 MeV    77.035
 371    ( 11 ,   9)    21.062 MeV    74.8666
 372    ( 11 ,   8)    21.028 MeV    76.0176
 373    ( 11 ,   7)    21.113 MeV    78.8971
 374    ( 11 ,   6)    21.018 MeV    80.6914
 375    ( 11 ,   5)    21.033 MeV    79.7105
 376    ( 11 ,   4)    20.960 MeV    79.6869
 377    ( 11 ,   3)    20.924 MeV    78.5014
 378    ( 11 ,   2)    20.926 MeV    79.524
 379    ( 11 ,   1)    20.976 MeV    83.3642
 380    ( 11 ,  -1)    20.939 MeV    79.5735
 381    ( 11 ,  -2)    20.901 MeV    79.0245
 382    ( 11 ,  -3)    20.931 MeV    80.3049
 383    ( 11 ,  -4)    20.955 MeV    79.5909
 384    ( 11 ,  -5)    21.104 MeV    79.2538
 385    ( 11 ,  -6)    21.002 MeV    78.4538
 386    ( 11 ,  -7)    20.952 MeV    78.1253
 387    ( 11 ,  -8)    21.105 MeV    76.0492
 388    ( 11 ,  -9)    20.936 MeV    78.4776
 389    ( 11 , -10)    20.849 MeV    76.9757
 390    ( 11 , -11)    20.931 MeV    76.8538
 391    ( 11 , -12)    20.755 MeV    75.1105
 392    ( 11 , -13)    20.930 MeV    73.8285
 393    ( 11 , -14)    20.893 MeV    75.1705
 394    ( 11 , -15)    20.836 MeV    72.6627
 395    ( 11 , -16)    20.802 MeV    73.4751
 396    ( 11 , -17)    20.895 MeV    70.1146
 397    ( 11 , -18)    20.897 MeV    72.6703
 398    ( 11 , -19)    20.779 MeV    69.9205
 399    ( 11 , -20)    20.920 MeV    70.0111
 400    ( 10 ,  20)    21.104 MeV    92.2723
 401    ( 10 ,  19)    21.103 MeV    92.0472
 402    ( 10 ,  18)    21.106 MeV    92.4673
 403    ( 10 ,  17)    21.030 MeV    91.9801
 404    ( 10 ,  16)    21.234 MeV    91.533
 405    ( 10 ,  15)    21.100 MeV    91.6997
 406    ( 10 ,  14)    21.136 MeV    94.4102
 407    ( 10 ,  13)    21.155 MeV    94.5254
 408    ( 10 ,  12)    21.166 MeV    93.7281
 409    ( 10 ,  11)    21.026 MeV    94.7706
 410    ( 10 ,  10)    21.075 MeV    94.0146
 411    ( 10 ,   9)    21.021 MeV    90.5152
 412    ( 10 ,   8)    21.079 MeV    91.1318
 413    ( 10 ,   7)    20.964 MeV    92.8386
 414    ( 10 ,   6)    21.031 MeV    90.952
 415    ( 10 ,   5)    21.004 MeV    93.669
 416    ( 10 ,   4)    21.037 MeV    92.8531
 417    ( 10 ,   3)    20.958 MeV    89.3928
 418    ( 10 ,   2)    21.124 MeV    90.0388
 419    ( 10 ,   1)    21.005 MeV    89.9757
 420    ( 10 ,  -1)    20.983 MeV    90.0107
 421    ( 10 ,  -2)    21.070 MeV    88.2289
 422    ( 10 ,  -3)    21.059 MeV    87.7765
 423    ( 10 ,  -4)    21.063 MeV    85.8078
 424    ( 10 ,  -5)    20.939 MeV    85.3017
 425    ( 10 ,  -6)    21.048 MeV    86.0992
 426    ( 10 ,  -7)    20.951 MeV    86.2051
 427    ( 10 ,  -8)    20.922 MeV    82.0268
 428    ( 10 ,  -9)    20.944 MeV    83.5293
 429    ( 10 , -10)    20.869 MeV    84.0366
 430    ( 10 , -11)    21.087 MeV    80.7919
 431    ( 10 , -12)    20.915 MeV    83.3314
 432    ( 10 , -13)    21.057 MeV    81.0101
 433    ( 10 , -14)    20.929 MeV    80.1022
 434    ( 10 , -15)    20.870 MeV    81.7358
 435    ( 10 , -16)    20.972 MeV    81.7449
 436    ( 10 , -17)    20.936 MeV    81.9776
 437    ( 10 , -18)    20.820 MeV    81.4841
 438    ( 10 , -19)    20.765 MeV    79.1813
 439    ( 10 , -20)    20.851 MeV    78.9029
 440    (  9 ,  20)    20.989 MeV    107.358
 441    (  9 ,  19)    21.102 MeV    108.391
 442    (  9 ,  18)    21.137 MeV    111.307
 443    (  9 ,  17)    21.103 MeV    108.027
 444    (  9 ,  16)    21.031 MeV    106.086
 445    (  9 ,  15)    21.106 MeV    108.8
 446    (  9 ,  14)    21.013 MeV    106.369
 447    (  9 ,  13)    21.017 MeV    107.912
 448    (  9 ,  12)    20.992 MeV    106.089
 449    (  9 ,  11)    21.060 MeV    103.477
 450    (  9 ,  10)    21.086 MeV    104.847
 451    (  9 ,   9)    21.052 MeV    102.182
 452    (  9 ,   8)    20.999 MeV    104.865
 453    (  9 ,   7)    20.991 MeV    103.498
 454    (  9 ,   6)    21.072 MeV    101.783
 455    (  9 ,   5)    21.079 MeV    100.91
 456    (  9 ,   4)    20.987 MeV    101.466
 457    (  9 ,   3)    21.031 MeV    100.133
 458    (  9 ,   2)    20.956 MeV    103.59
 459    (  9 ,   1)    21.091 MeV    100.907
 460    (  9 ,  -1)    21.013 MeV    101.162
 461    (  9 ,  -2)    20.917 MeV    96.7374
 462    (  9 ,  -3)    21.062 MeV    98.8956
 463    (  9 ,  -4)    21.034 MeV    95.9139
 464    (  9 ,  -5)    20.878 MeV    96.1354
 465    (  9 ,  -6)    20.877 MeV    94.1679
 466    (  9 ,  -7)    20.959 MeV    95.8324
 467    (  9 ,  -8)    20.994 MeV    92.0903
 468    (  9 ,  -9)    20.955 MeV    91.258
 469    (  9 , -10)    20.856 MeV    91.6369
 470    (  9 , -11)    20.861 MeV    90.7992
 471    (  9 , -12)    20.815 MeV    92.7987
 472    (  9 , -13)    20.833 MeV    92.0723
 473    (  9 , -14)    20.861 MeV    91.7732
 474    (  9 , -15)    20.820 MeV    88.4378
 475    (  9 , -16)    20.842 MeV    87.6294
 476    (  9 , -17)    20.810 MeV    86.1926
 477    (  9 , -18)    20.741 MeV    84.3874
 478    (  9 , -19)    20.731 MeV    82.4086
 479    (  9 , -20)    20.687 MeV    83.6392
 480    (  8 ,  20)    21.008 MeV    124.693
 481    (  8 ,  19)    21.022 MeV    127.579
 482    (  8 ,  18)    21.106 MeV    127.696
 483    (  8 ,  17)    21.108 MeV    124.6
 484    (  8 ,  16)    21.054 MeV    124.571
 485    (  8 ,  15)    21.048 MeV    123.278
 486    (  8 ,  14)    21.118 MeV    125.192
 487    (  8 ,  13)    21.105 MeV    122.306
 488    (  8 ,  12)    21.004 MeV    120.44
 489    (  8 ,  11)    21.131 MeV    121.052
 490    (  8 ,  10)    20.975 MeV    120.306
 491    (  8 ,   9)    21.052 MeV    117.033
 492    (  8 ,   8)    21.048 MeV    112.594
 493    (  8 ,   7)    21.030 MeV    113.362
 494    (  8 ,   6)    21.038 MeV    113.561
 495    (  8 ,   5)    20.982 MeV    112.594
 496    (  8 ,   4)    20.991 MeV    113.083
 497    (  8 ,   3)    20.995 MeV    112.136
 498    (  8 ,   2)    20.968 MeV    109.614
 499    (  8 ,   1)    21.002 MeV    107.462
 500    (  8 ,  -1)    20.934 MeV    108.698
 501    (  8 ,  -2)    20.967 MeV    109.288
 502    (  8 ,  -3)    20.904 MeV    105.726
 503    (  8 ,  -4)    20.843 MeV    106.544
 504    (  8 ,  -5)    20.873 MeV    106.694
 505    (  8 ,  -6)    20.811 MeV    102.13
 506    (  8 ,  -7)    20.869 MeV    102.251
 507    (  8 ,  -8)    20.944 MeV    101.491
 508    (  8 ,  -9)    20.878 MeV    99.8872
 509    (  8 , -10)    20.824 MeV    99.5314
 510    (  8 , -11)    20.819 MeV    98.2514
 511    (  8 , -12)    20.846 MeV    93.3261
 512    (  8 , -13)    20.921 MeV    92.6864
 513    (  8 , -14)    20.874 MeV    94.1115
 514    (  8 , -15)    20.936 MeV    94.1686
 515    (  8 , -16)    20.832 MeV    92.6029
 516    (  8 , -17)    20.837 MeV    93.02
 517    (  8 , -18)    20.911 MeV    89.0092
 518    (  8 , -19)    20.785 MeV    90.7096
 519    (  8 , -20)    20.774 MeV    90.4918
 520    (  7 ,  20)    21.120 MeV    146.462
 521    (  7 ,  19)    21.061 MeV    145.24
 522    (  7 ,  18)    21.085 MeV    146.733
 523    (  7 ,  17)    20.971 MeV    143.469
 524    (  7 ,  16)    21.117 MeV    142.271
 525    (  7 ,  15)    21.132 MeV    140.223
 526    (  7 ,  14)    21.029 MeV    139.898
 527    (  7 ,  13)    21.033 MeV    139.378
 528    (  7 ,  12)    21.000 MeV    137.567
 529    (  7 ,  11)    21.036 MeV    137.413
 530    (  7 ,  10)    21.019 MeV    135.286
 531    (  7 ,   9)    21.031 MeV    135.495
 532    (  7 ,   8)    21.048 MeV    131.812
 533    (  7 ,   7)    21.003 MeV    123.898
 534    (  7 ,   6)    20.999 MeV    126.162
 535    (  7 ,   5)    21.086 MeV    125.909
 536    (  7 ,   4)    20.947 MeV    126.261
 537    (  7 ,   3)    20.907 MeV    124.454
 538    (  7 ,   2)    20.968 MeV    123.606
 539    (  7 ,   1)    20.956 MeV    123.089
 540    (  7 ,  -1)    20.962 MeV    121.593
 541    (  7 ,  -2)    20.898 MeV    123.081
 542    (  7 ,  -3)    20.932 MeV    118.093
 543    (  7 ,  -4)    20.933 MeV    117.696
 544    (  7 ,  -5)    20.967 MeV    114.898
 545    (  7 ,  -6)    20.923 MeV    111.724
 546    (  7 ,  -7)    20.946 MeV    112.927
 547    (  7 ,  -8)    20.927 MeV    108.699
 548    (  7 ,  -9)    20.977 MeV    110.93
 549    (  7 , -10)    20.944 MeV    109.326
 550    (  7 , -11)    21.028 MeV    108.976
 551    (  7 , -12)    20.875 MeV    106.164
 552    (  7 , -13)    20.955 MeV    102.353
 553    (  7 , -14)    20.921 MeV    99.966
 554    (  7 , -15)    20.923 MeV    100.67
 555    (  7 , -16)    20.893 MeV    96.809
 556    (  7 , -17)    20.891 MeV    96.5646
 557    (  7 , -18)    20.884 MeV    96.5389
 558    (  7 , -19)    20.741 MeV    94.8555
 559    (  7 , -20)    20.894 MeV    94.8379
 560    (  6 ,  20)    21.033 MeV    166.636
 561    (  6 ,  19)    21.076 MeV    161.668
 562    (  6 ,  18)    21.133 MeV    161.296
 563    (  6 ,  17)    21.075 MeV    160.366
 564    (  6 ,  16)    21.048 MeV    156.549
 565    (  6 ,  15)    21.038 MeV    156.474
 566    (  6 ,  14)    21.120 MeV    151.561
 567    (  6 ,  13)    21.110 MeV    150.845
 568    (  6 ,  12)    21.049 MeV    148.263
 569    (  6 ,  11)    21.114 MeV    144.893
 570    (  6 ,  10)    21.187 MeV    144.578
 571    (  6 ,   9)    21.096 MeV    146.83
 572    (  6 ,   8)    21.047 MeV    144.015
 573    (  6 ,   7)    21.129 MeV    141.346
 574    (  6 ,   6)    21.072 MeV    138.814
 575    (  6 ,   5)    20.965 MeV    138.244
 576    (  6 ,   4)    21.045 MeV    138.862
 577    (  6 ,   3)    21.015 MeV    136.688
 578    (  6 ,   2)    21.087 MeV    136.827
 579    (  6 ,   1)    21.012 MeV    132.002
 580    (  6 ,  -1)    20.993 MeV    131.035
 581    (  6 ,  -2)    20.945 MeV    131.748
 582    (  6 ,  -3)    20.957 MeV    131.561
 583    (  6 ,  -4)    20.915 MeV    129.481
 584    (  6 ,  -5)    21.033 MeV    127.695
 585    (  6 ,  -6)    20.883 MeV    126.743
 586    (  6 ,  -7)    21.018 MeV    124.334
 587    (  6 ,  -8)    20.894 MeV    122.266
 588    (  6 ,  -9)    20.905 MeV    117.694
 589    (  6 , -10)    20.901 MeV    113.819
 590    (  6 , -11)    20.947 MeV    110.499
 591    (  6 , -12)    20.930 MeV    109.697
 592    (  6 , -13)    20.934 MeV    109.315
 593    (  6 , -14)    20.838 MeV    107.893
 594    (  6 , -15)    20.827 MeV    105.075
 595    (  6 , -16)    20.843 MeV    104.025
 596    (  6 , -17)    20.975 MeV    99.4456
 597    (  6 , -18)    20.843 MeV    101.623
 598    (  6 , -19)    20.859 MeV    100.362
 599    (  6 , -20)    20.776 MeV    96.9487
 600    (  5 ,  20)    21.013 MeV    177.683
 601    (  5 ,  19)    21.146 MeV    178.493
 602    (  5 ,  18)    21.076 MeV    175.028
 603    (  5 ,  17)    21.011 MeV    174.599
 604    (  5 ,  16)    21.078 MeV    170.628
 605    (  5 ,  15)    21.123 MeV    172.237
 606    (  5 ,  14)    21.024 MeV    171.279
 607    (  5 ,  13)    21.009 MeV    167.258
 608    (  5 ,  12)    21.025 MeV    164.602
 609    (  5 ,  11)    21.008 MeV    161.062
 610    (  5 ,  10)    21.056 MeV    159.591
 611    (  5 ,   9)    21.017 MeV    161.062
 612    (  5 ,   8)    20.965 MeV    160.579
 613    (  5 ,   7)    20.994 MeV    157.742
 614    (  5 ,   6)    21.123 MeV    149.906
 615    (  5 ,   5)    21.031 MeV    150.5
 616    (  5 ,   4)    20.968 MeV    148.78
 617    (  5 ,   3)    20.954 MeV    144.283
 618    (  5 ,   2)    21.003 MeV    146.155
 619    (  5 ,   1)    20.969 MeV    142.833
 620    (  5 ,  -1)    20.885 MeV    143.201
 621    (  5 ,  -2)    20.965 MeV    139.645
 622    (  5 ,  -3)    21.010 MeV    136.752
 623    (  5 ,  -4)    20.954 MeV    132.238
 624    (  5 ,  -5)    20.927 MeV    127.691
 625    (  5 ,  -6)    20.916 MeV    126.155
 626    (  5 ,  -7)    20.978 MeV    126.089
 627    (  5 ,  -8)    20.844 MeV    123.673
 628    (  5 ,  -9)    20.955 MeV    125.221
 629    (  5 , -10)    20.914 MeV    123.624
 630    (  5 , -11)    20.849 MeV    120.799
 631    (  5 , -12)    20.955 MeV    119.763
 632    (  5 , -13)    20.938 MeV    119.418
 633    (  5 , -14)    20.775 MeV    113.822
 634    (  5 , -15)    20.842 MeV    111.616
 635    (  5 , -16)    20.855 MeV    111.564
 636    (  5 , -17)    20.864 MeV    106.899
 637    (  5 , -18)    20.886 MeV    105.945
 638    (  5 , -19)    21.017 MeV    104.788
 639    (  5 , -20)    20.847 MeV    101.668
 640    (  4 ,  20)    21.039 MeV    194.702
 641    (  4 ,  19)    21.095 MeV    196.248
 642    (  4 ,  18)    21.090 MeV    193.631
 643    (  4 ,  17)    21.101 MeV    187.242
 644    (  4 ,  16)    21.060 MeV    183.944
 645    (  4 ,  15)    21.011 MeV    183.249
 646    (  4 ,  14)    21.036 MeV    180.002
 647    (  4 ,  13)    20.982 MeV    177.994
 648    (  4 ,  12)    21.009 MeV    177.068
 649    (  4 ,  11)    20.958 MeV    173.377
 650    (  4 ,  10)    21.025 MeV    171.058
 651    (  4 ,   9)    20.963 MeV    170.054
 652    (  4 ,   8)    21.030 MeV    166.313
 653    (  4 ,   7)    20.971 MeV    162.671
 654    (  4 ,   6)    21.042 MeV    158.875
 655    (  4 ,   5)    21.020 MeV    156.766
 656    (  4 ,   4)    20.999 MeV    154.472
 657    (  4 ,   3)    20.889 MeV    149.147
 658    (  4 ,   2)    20.979 MeV    148.31
 659    (  4 ,   1)    20.974 MeV    142.922
 660    (  4 ,  -1)    20.993 MeV    144.056
 661    (  4 ,  -2)    20.920 MeV    141.307
 662    (  4 ,  -3)    20.868 MeV    142.017
 663    (  4 ,  -4)    20.885 MeV    140.069
 664    (  4 ,  -5)    20.952 MeV    138.711
 665    (  4 ,  -6)    20.957 MeV    137.756
 666    (  4 ,  -7)    20.896 MeV    133.977
 667    (  4 ,  -8)    20.895 MeV    129.88
 668    (  4 ,  -9)    20.924 MeV    130.227
 669    (  4 , -10)    20.844 MeV    131.063
 670    (  4 , -11)    20.933 MeV    125.878
 671    (  4 , -12)    20.927 MeV    126.576
 672    (  4 , -13)    20.947 MeV    122.302
 673    (  4 , -14)    20.852 MeV    118.756
 674    (  4 , -15)    20.826 MeV    115.959
 675    (  4 , -16)    20.906 MeV    115.055
 676    (  4 , -17)    20.837 MeV    112.621
 677    (  4 , -18)    20.841 MeV    108.3
 678    (  4 , -19)    20.807 MeV    108.271
 679    (  4 , -20)    20.793 MeV    105.252
 680    (  3 ,  20)    20.971 MeV    203.619
 681    (  3 ,  19)    21.060 MeV    202.456
 682    (  3 ,  18)    21.059 MeV    201.274
 683    (  3 ,  17)    21.047 MeV    196.986
 684    (  3 ,  16)    21.032 MeV    198.764
 685    (  3 ,  15)    21.087 MeV    195.494
 686    (  3 ,  14)    21.096 MeV    190.596
 687    (  3 ,  13)    21.085 MeV    186.413
 688    (  3 ,  12)    21.106 MeV    182.629
 689    (  3 ,  11)    21.017 MeV    178.419
 690    (  3 ,  10)    21.057 MeV    176.775
 691    (  3 ,   9)    20.975 MeV    176.155
 692    (  3 ,   8)    20.958 MeV    173.703
 693    (  3 ,   7)    21.059 MeV    165.026
 694    (  3 ,   6)    20.971 MeV    168.466
 695    (  3 ,   5)    20.970 MeV    163.774
 696    (  3 ,   4)    21.014 MeV    161.76
 697    (  3 ,   3)    21.034 MeV    159.626
 698    (  3 ,   2)    20.964 MeV    159.489
 699    (  3 ,   1)    20.975 MeV    157.246
 700    (  3 ,  -1)    20.834 MeV    156.208
 701    (  3 ,  -2)    20.867 MeV    152.4
 702    (  3 ,  -3)    20.941 MeV    147.694
 703    (  3 ,  -4)    20.975 MeV    142.234
 704    (  3 ,  -5)    21.003 MeV    137.984
 705    (  3 ,  -6)    20.948 MeV    140.896
 706    (  3 ,  -7)    20.931 MeV    135.29
 707    (  3 ,  -8)    20.911 MeV    131.967
 708    (  3 ,  -9)    20.899 MeV    128.814
 709    (  3 , -10)    20.894 MeV    129.708
 710    (  3 , -11)    20.872 MeV    122.733
 711    (  3 , -12)    20.860 MeV    126.527
 712    (  3 , -13)    20.952 MeV    122.289
 713    (  3 , -14)    20.849 MeV    116.569
 714    (  3 , -15)    20.815 MeV    114.76
 715    (  3 , -16)    20.820 MeV    115.899
 716    (  3 , -17)    20.858 MeV    111.539
 717    (  3 , -18)    20.981 MeV    109.399
 718    (  3 , -19)    20.877 MeV    109.128
 719    (  3 , -20)    20.870 MeV    105.154
 720    (  2 ,  20)    21.082 MeV    215.571
 721    (  2 ,  19)    21.108 MeV    214.481
 722    (  2 ,  18)    21.138 MeV    209.048
 723    (  2 ,  17)    21.040 MeV    206.449
 724    (  2 ,  16)    21.034 MeV    202.331
 725    (  2 ,  15)    21.021 MeV    201.352
 726    (  2 ,  14)    21.024 MeV    196.477
 727    (  2 ,  13)    21.029 MeV    190.38
 728    (  2 ,  12)    21.107 MeV    188.001
 729    (  2 ,  11)    21.032 MeV    187.554
 730    (  2 ,  10)    21.015 MeV    186.077
 731    (  2 ,   9)    21.033 MeV    186.853
 732    (  2 ,   8)    21.009 MeV    181.49
 733    (  2 ,   7)    21.029 MeV    176.066
 734    (  2 ,   6)    21.063 MeV    173.995
 735    (  2 ,   5)    20.952 MeV    170.378
 736    (  2 ,   4)    20.978 MeV    170.041
 737    (  2 ,   3)    20.993 MeV    163.432
 738    (  2 ,   2)    21.010 MeV    161.947
 739    (  2 ,   1)    20.983 MeV    158.011
 740    (  2 ,  -1)    20.994 MeV    156.688
 741    (  2 ,  -2)    21.093 MeV    153.78
 742    (  2 ,  -3)    20.926 MeV    148.007
 743    (  2 ,  -4)    20.911 MeV    148.203
 744    (  2 ,  -5)    21.010 MeV    141.126
 745    (  2 ,  -6)    20.913 MeV    143.877
 746    (  2 ,  -7)    20.927 MeV    140.951
 747    (  2 ,  -8)    20.914 MeV    136.177
 748    (  2 ,  -9)    20.920 MeV    133.68
 749    (  2 , -10)    20.880 MeV    131.325
 750    (  2 , -11)    20.977 MeV    125.992
 751    (  2 , -12)    20.816 MeV    125.223
 752    (  2 , -13)    20.819 MeV    121.834
 753    (  2 , -14)    20.899 MeV    118.545
 754    (  2 , -15)    20.860 MeV    116.588
 755    (  2 , -16)    20.773 MeV    113.976
 756    (  2 , -17)    20.758 MeV    113.026
 757    (  2 , -18)    20.738 MeV    110.72
 758    (  2 , -19)    20.714 MeV    107.605
 759    (  2 , -20)    20.716 MeV    108.021
 760    (  1 ,  20)    21.019 MeV    221.673
 761    (  1 ,  19)    21.005 MeV    224.078
 762    (  1 ,  18)    21.032 MeV    218.298
 763    (  1 ,  17)    21.075 MeV    218.011
 764    (  1 ,  16)    21.084 MeV    216.968
 765    (  1 ,  15)    21.064 MeV    212.296
 766    (  1 ,  14)    21.035 MeV    208.774
 767    (  1 ,  13)    21.008 MeV    199.942
 768    (  1 ,  12)    21.072 MeV    202.592
 769    (  1 ,  11)    21.115 MeV    197.778
 770    (  1 ,  10)    21.045 MeV    190.792
 771    (  1 ,   9)    21.045 MeV    189.778
 772    (  1 ,   8)    21.037 MeV    189.912
 773    (  1 ,   7)    20.995 MeV    182.373
 774    (  1 ,   6)    20.981 MeV    180.479
 775    (  1 ,   5)    21.037 MeV    175.086
 776    (  1 ,   4)    21.031 MeV    175.498
 777    (  1 ,   3)    20.927 MeV    170.413
 778    (  1 ,   2)    20.983 MeV    168.164
 781    (  1 ,  -2)    20.963 MeV    153.542
 782    (  1 ,  -3)    21.001 MeV    146.851
 783    (  1 ,  -4)    20.943 MeV    147.941
 784    (  1 ,  -5)    20.943 MeV    147.319
 785    (  1 ,  -6)    20.912 MeV    142.189
 786    (  1 ,  -7)    20.886 MeV    142.17
 787    (  1 ,  -8)    20.883 MeV    135.781
 788    (  1 ,  -9)    20.917 MeV    134.005
 789    (  1 , -10)    20.918 MeV    131.825
 790    (  1 , -11)    20.880 MeV    128.738
 791    (  1 , -12)    20.912 MeV    126.988
 792    (  1 , -13)    20.871 MeV    125.216
 793    (  1 , -14)    20.780 MeV    121.812
 794    (  1 , -15)    20.842 MeV    119.061
 795    (  1 , -16)    20.919 MeV    117.014
 796    (  1 , -17)    20.853 MeV    113.323
 797    (  1 , -18)    20.844 MeV    111.772
 798    (  1 , -19)    20.748 MeV    109.882
 799    (  1 , -20)    20.791 MeV    107.44
 800    ( -1 ,  20)    21.062 MeV    222.601
 801    ( -1 ,  19)    21.089 MeV    219.777
 802    ( -1 ,  18)    21.023 MeV    217.474
 803    ( -1 ,  17)    21.031 MeV    219.76
 804    ( -1 ,  16)    21.095 MeV    214.965
 805    ( -1 ,  15)    21.041 MeV    212.468
 806    ( -1 ,  14)    21.038 MeV    209.821
 807    ( -1 ,  13)    21.036 MeV    208.653
 808    ( -1 ,  12)    21.086 MeV    206.793
 809    ( -1 ,  11)    20.996 MeV    201.403
 810    ( -1 ,  10)    21.051 MeV    196.706
 811    ( -1 ,   9)    21.002 MeV    192.899
 812    ( -1 ,   8)    20.999 MeV    190.038
 813    ( -1 ,   7)    21.026 MeV    181.095
 814    ( -1 ,   6)    20.992 MeV    183.358
 815    ( -1 ,   5)    21.023 MeV    180.352
 816    ( -1 ,   4)    21.021 MeV    170.593
 817    ( -1 ,   3)    21.010 MeV    171.423
 818    ( -1 ,   2)    20.975 MeV    163.865
 821    ( -1 ,  -2)    20.898 MeV    151.023
 822    ( -1 ,  -3)    20.867 MeV    148.236
 823    ( -1 ,  -4)    20.935 MeV    148.308
 824    ( -1 ,  -5)    20.929 MeV    147.219
 825    ( -1 ,  -6)    20.840 MeV    143.931
 826    ( -1 ,  -7)    20.814 MeV    142.538
 827    ( -1 ,  -8)    20.879 MeV    139.286
 828    ( -1 ,  -9)    20.957 MeV    136.627
 829    ( -1 , -10)    20.948 MeV    131.072
 830    ( -1 , -11)    20.878 MeV    130.611
 831    ( -1 , -12)    20.897 MeV    130.737
 832    ( -1 , -13)    20.948 MeV    128.77
 833    ( -1 , -14)    20.798 MeV    126.818
 834    ( -1 , -15)    20.801 MeV    123.839
 835    ( -1 , -16)    20.746 MeV    121.499
 836    ( -1 , -17)    20.863 MeV    121.187
 837    ( -1 , -18)    20.875 MeV    115.011
 838    ( -1 , -19)    20.851 MeV    110.695
 839    ( -1 , -20)    20.815 MeV    109.579
 840    ( -2 ,  20)    21.016 MeV    212.067
 841    ( -2 ,  19)    21.077 MeV    212.832
 842    ( -2 ,  18)    21.144 MeV    212.981
 843    ( -2 ,  17)    21.126 MeV    206.601
 844    ( -2 ,  16)    21.069 MeV    204.509
 845    ( -2 ,  15)    21.071 MeV    203.521
 846    ( -2 ,  14)    21.062 MeV    199.79
 847    ( -2 ,  13)    21.039 MeV    197.743
 848    ( -2 ,  12)    21.001 MeV    196.631
 849    ( -2 ,  11)    21.034 MeV    196.583
 850    ( -2 ,  10)    20.979 MeV    191.526
 851    ( -2 ,   9)    20.951 MeV    190.41
 852    ( -2 ,   8)    21.031 MeV    185.688
 853    ( -2 ,   7)    20.969 MeV    182.334
 854    ( -2 ,   6)    21.013 MeV    178.664
 855    ( -2 ,   5)    21.053 MeV    176.103
 856    ( -2 ,   4)    20.961 MeV    172.432
 857    ( -2 ,   3)    21.031 MeV    165.698
 858    ( -2 ,   2)    20.964 MeV    164.914
 859    ( -2 ,   1)    20.935 MeV    164.811
 860    ( -2 ,  -1)    20.954 MeV    157.207
 861    ( -2 ,  -2)    20.987 MeV    160.91
 862    ( -2 ,  -3)    20.914 MeV    154.487
 863    ( -2 ,  -4)    20.881 MeV    154.196
 864    ( -2 ,  -5)    20.944 MeV    149.988
 865    ( -2 ,  -6)    20.979 MeV    146.764
 866    ( -2 ,  -7)    20.975 MeV    144.992
 867    ( -2 ,  -8)    20.913 MeV    139.902
 868    ( -2 ,  -9)    20.950 MeV    138.109
 869    ( -2 , -10)    20.877 MeV    131.321
 870    ( -2 , -11)    20.930 MeV    126.911
 871    ( -2 , -12)    20.860 MeV    124.913
 872    ( -2 , -13)    20.983 MeV    123.084
 873    ( -2 , -14)    20.842 MeV    119.289
 874    ( -2 , -15)    20.841 MeV    118.268
 875    ( -2 , -16)    20.867 MeV    114.929
 876    ( -2 , -17)    20.850 MeV    114.871
 877    ( -2 , -18)    20.919 MeV    112.142
 878    ( -2 , -19)    20.824 MeV    107.543
 879    ( -2 , -20)    20.853 MeV    105.16
 880    ( -3 ,  20)    21.021 MeV    208.915
 881    ( -3 ,  19)    21.033 MeV    208.591
 882    ( -3 ,  18)    21.013 MeV    208.836
 883    ( -3 ,  17)    21.045 MeV    208.641
 884    ( -3 ,  16)    21.089 MeV    202.141
 885    ( -3 ,  15)    21.033 MeV    196.334
 886    ( -3 ,  14)    21.082 MeV    192.615
 887    ( -3 ,  13)    21.023 MeV    190.84
 888    ( -3 ,  12)    21.062 MeV    186.836
 889    ( -3 ,  11)    21.010 MeV    182.851
 890    ( -3 ,  10)    20.969 MeV    183.396
 891    ( -3 ,   9)    21.006 MeV    180.979
 892    ( -3 ,   8)    21.002 MeV    180.298
 893    ( -3 ,   7)    20.991 MeV    175.414
 894    ( -3 ,   6)    21.060 MeV    172.553
 895    ( -3 ,   5)    20.993 MeV    173.612
 896    ( -3 ,   4)    21.025 MeV    167.11
 897    ( -3 ,   3)    21.022 MeV    165.683
 898    ( -3 ,   2)    20.966 MeV    160.016
 899    ( -3 ,   1)    20.901 MeV    161.777
 900    ( -3 ,  -1)    20.917 MeV    157.659
 901    ( -3 ,  -2)    20.984 MeV    155.818
 902    ( -3 ,  -3)    20.925 MeV    153.933
 903    ( -3 ,  -4)    20.946 MeV    145.843
 904    ( -3 ,  -5)    21.001 MeV    145.815
 905    ( -3 ,  -6)    20.926 MeV    140.933
 906    ( -3 ,  -7)    20.900 MeV    140.028
 907    ( -3 ,  -8)    20.816 MeV    136.349
 908    ( -3 ,  -9)    20.868 MeV    133.566
 909    ( -3 , -10)    20.855 MeV    128.883
 910    ( -3 , -11)    20.867 MeV    128.748
 911    ( -3 , -12)    20.818 MeV    124.897
 912    ( -3 , -13)    20.851 MeV    122.177
 913    ( -3 , -14)    20.827 MeV    119.737
 914    ( -3 , -15)    20.866 MeV    119.979
 915    ( -3 , -16)    20.777 MeV    116.225
 916    ( -3 , -17)    20.779 MeV    116.145
 917    ( -3 , -18)    20.820 MeV    110.474
 918    ( -3 , -19)    20.862 MeV    109.807
 919    ( -3 , -20)    20.793 MeV    107.73
 920    ( -4 ,  20)    21.040 MeV    190.832
 921    ( -4 ,  19)    21.022 MeV    189.394
 922    ( -4 ,  18)    21.064 MeV    187.84
 923    ( -4 ,  17)    21.126 MeV    186.514
 924    ( -4 ,  16)    21.095 MeV    182.654
 925    ( -4 ,  15)    21.051 MeV    179.273
 926    ( -4 ,  14)    21.049 MeV    176.232
 927    ( -4 ,  13)    21.074 MeV    177.396
 928    ( -4 ,  12)    21.136 MeV    172.107
 929    ( -4 ,  11)    21.041 MeV    167.665
 930    ( -4 ,  10)    21.053 MeV    170.931
 931    ( -4 ,   9)    20.980 MeV    165.871
 932    ( -4 ,   8)    21.086 MeV    166.776
 933    ( -4 ,   7)    21.131 MeV    159.853
 934    ( -4 ,   6)    21.119 MeV    155.638
 935    ( -4 ,   5)    20.988 MeV    152.459
 936    ( -4 ,   4)    21.000 MeV    155.875
 937    ( -4 ,   3)    21.064 MeV    155.714
 938    ( -4 ,   2)    21.011 MeV    148.539
 939    ( -4 ,   1)    20.952 MeV    151.511
 940    ( -4 ,  -1)    20.991 MeV    148.172
 941    ( -4 ,  -2)    21.031 MeV    146.049
 942    ( -4 ,  -3)    20.971 MeV    144.254
 943    ( -4 ,  -4)    20.937 MeV    140.902
 944    ( -4 ,  -5)    20.904 MeV    142.798
 945    ( -4 ,  -6)    20.899 MeV    137.677
 946    ( -4 ,  -7)    20.935 MeV    136.555
 947    ( -4 ,  -8)    20.890 MeV    136.004
 948    ( -4 ,  -9)    20.906 MeV    134.073
 949    ( -4 , -10)    20.904 MeV    128.474
 950    ( -4 , -11)    20.834 MeV    128.26
 951    ( -4 , -12)    20.953 MeV    125.788
 952    ( -4 , -13)    20.949 MeV    124.028
 953    ( -4 , -14)    21.053 MeV    120.852
 954    ( -4 , -15)    20.825 MeV    121.39
 955    ( -4 , -16)    20.793 MeV    116.807
 956    ( -4 , -17)    20.842 MeV    113.576
 957    ( -4 , -18)    20.855 MeV    111.356
 958    ( -4 , -19)    20.866 MeV    108.474
 959    ( -4 , -20)    20.790 MeV    107.25
 960    ( -5 ,  20)    21.022 MeV    180.616
 961    ( -5 ,  19)    21.024 MeV    182.076
 962    ( -5 ,  18)    21.066 MeV    176.774
 963    ( -5 ,  17)    21.093 MeV    172.616
 964    ( -5 ,  16)    21.101 MeV    175.194
 965    ( -5 ,  15)    21.002 MeV    170.963
 966    ( -5 ,  14)    21.087 MeV    173.998
 967    ( -5 ,  13)    21.054 MeV    172.163
 968    ( -5 ,  12)    21.038 MeV    167.202
 969    ( -5 ,  11)    21.086 MeV    163.448
 970    ( -5 ,  10)    21.060 MeV    162.092
 971    ( -5 ,   9)    20.988 MeV    159.973
 972    ( -5 ,   8)    21.099 MeV    155.125
 973    ( -5 ,   7)    20.978 MeV    153.566
 974    ( -5 ,   6)    21.020 MeV    152.643
 975    ( -5 ,   5)    21.077 MeV    149.818
 976    ( -5 ,   4)    20.975 MeV    146.72
 977    ( -5 ,   3)    21.009 MeV    146.421
 978    ( -5 ,   2)    21.019 MeV    143.812
 979    ( -5 ,   1)    20.966 MeV    141.953
 980    ( -5 ,  -1)    20.997 MeV    138.473
 981    ( -5 ,  -2)    20.873 MeV    138.438
 982    ( -5 ,  -3)    20.955 MeV    131.703
 983    ( -5 ,  -4)    20.934 MeV    131.284
 984    ( -5 ,  -5)    20.937 MeV    127.025
 985    ( -5 ,  -6)    20.858 MeV    124.84
 986    ( -5 ,  -7)    20.942 MeV    125.032
 987    ( -5 ,  -8)    20.934 MeV    121.308
 988    ( -5 ,  -9)    20.893 MeV    118.152
 989    ( -5 , -10)    20.827 MeV    119.659
 990    ( -5 , -11)    20.842 MeV    116.411
 991    ( -5 , -12)    20.811 MeV    114.976
 992    ( -5 , -13)    20.849 MeV    114.448
 993    ( -5 , -14)    20.812 MeV    113.167
 994    ( -5 , -15)    20.788 MeV    112.22
 995    ( -5 , -16)    20.852 MeV    109.056
 996    ( -5 , -17)    20.844 MeV    106.262
 997    ( -5 , -18)    20.825 MeV    105.121
 998    ( -5 , -19)    20.833 MeV    101.904
 999    ( -5 , -20)    20.825 MeV    101.099
1000    ( -6 ,  20)    21.023 MeV    162.323
1001    ( -6 ,  19)    21.136 MeV    160.653
1002    ( -6 ,  18)    21.082 MeV    160.445
1003    ( -6 ,  17)    20.965 MeV    159.56
1004    ( -6 ,  16)    21.034 MeV    154.892
1005    ( -6 ,  15)    20.999 MeV    159.952
1006    ( -6 ,  14)    21.043 MeV    156.463
1007    ( -6 ,  13)    21.090 MeV    154.093
1008    ( -6 ,  12)    21.042 MeV    155.162
1009    ( -6 ,  11)    21.055 MeV    148.075
1010    ( -6 ,  10)    21.055 MeV    148.902
1011    ( -6 ,   9)    21.015 MeV    145.787
1012    ( -6 ,   8)    20.985 MeV    148.236
1013    ( -6 ,   7)    21.154 MeV    143.839
1014    ( -6 ,   6)    20.975 MeV    143.27
1015    ( -6 ,   5)    21.050 MeV    140.898
1016    ( -6 ,   4)    20.968 MeV    136.821
1017    ( -6 ,   3)    20.946 MeV    141.408
1018    ( -6 ,   2)    21.003 MeV    136.875
1019    ( -6 ,   1)    20.989 MeV    132.21
1020    ( -6 ,  -1)    21.016 MeV    131.767
1021    ( -6 ,  -2)    20.992 MeV    129.373
1022    ( -6 ,  -3)    21.000 MeV    128.118
1023    ( -6 ,  -4)    21.020 MeV    126.771
1024    ( -6 ,  -5)    20.971 MeV    125.702
1025    ( -6 ,  -6)    20.903 MeV    125.962
1026    ( -6 ,  -7)    20.957 MeV    123.17
1027    ( -6 ,  -8)    20.920 MeV    120.902
1028    ( -6 ,  -9)    20.908 MeV    119.305
1029    ( -6 , -10)    20.886 MeV    115.515
1030    ( -6 , -11)    20.896 MeV    117.424
1031    ( -6 , -12)    20.911 MeV    112.038
1032    ( -6 , -13)    20.822 MeV    115.334
1033    ( -6 , -14)    20.799 MeV    111.415
1034    ( -6 , -15)    20.867 MeV    108.866
1035    ( -6 , -16)    20.835 MeV    107.233
1036    ( -6 , -17)    20.774 MeV    105.497
1037    ( -6 , -18)    20.840 MeV    103.259
1038    ( -6 , -19)    20.861 MeV    103.511
1039    ( -6 , -20)    20.796 MeV    101.725
1040    ( -7 ,  20)    21.124 MeV    143.286
1041    ( -7 ,  19)    20.966 MeV    144.227
1042    ( -7 ,  18)    21.007 MeV    141.672
1043    ( -7 ,  17)    21.043 MeV    138.196
1044    ( -7 ,  16)    21.068 MeV    137.391
1045    ( -7 ,  15)    21.122 MeV    141.314
1046    ( -7 ,  14)    21.152 MeV    140.237
1047    ( -7 ,  13)    21.103 MeV    138.102
1048    ( -7 ,  12)    20.989 MeV    134.792
1049    ( -7 ,  11)    21.075 MeV    133.292
1050    ( -7 ,  10)    21.102 MeV    135.055
1051    ( -7 ,   9)    21.022 MeV    133.573
1052    ( -7 ,   8)    21.082 MeV    131.043
1053    ( -7 ,   7)    21.028 MeV    129.767
1054    ( -7 ,   6)    21.049 MeV    129.562
1055    ( -7 ,   5)    21.043 MeV    127.653
1056    ( -7 ,   4)    21.016 MeV    123.611
1057    ( -7 ,   3)    20.929 MeV    121.001
1058    ( -7 ,   2)    20.946 MeV    124.359
1059    ( -7 ,   1)    21.020 MeV    122.737
1060    ( -7 ,  -1)    20.881 MeV    121.797
1061    ( -7 ,  -2)    20.928 MeV    119.466
1062    ( -7 ,  -3)    20.952 MeV    116.38
1063    ( -7 ,  -4)    20.974 MeV    115.785
1064    ( -7 ,  -5)    20.935 MeV    114.919
1065    ( -7 ,  -6)    20.914 MeV    112.263
1066    ( -7 ,  -7)    20.947 MeV    112.969
1067    ( -7 ,  -8)    20.892 MeV    111.003
1068    ( -7 ,  -9)    20.946 MeV    108.983
1069    ( -7 , -10)    20.919 MeV    109.752
1070    ( -7 , -11)    20.913 MeV    108.959
1071    ( -7 , -12)    20.782 MeV    105.96
1072    ( -7 , -13)    20.856 MeV    105.228
1073    ( -7 , -14)    20.934 MeV    102.261
1074    ( -7 , -15)    20.845 MeV    100.05
1075    ( -7 , -16)    20.830 MeV    100.786
1076    ( -7 , -17)    20.949 MeV    98.3604
1077    ( -7 , -18)    20.835 MeV    97.7648
1078    ( -7 , -19)    20.789 MeV    98.7213
1079    ( -7 , -20)    20.814 MeV    95.6589
1080    ( -8 ,  20)    21.045 MeV    129.063
1081    ( -8 ,  19)    21.071 MeV    128.496
1082    ( -8 ,  18)    20.960 MeV    128.266
1083    ( -8 ,  17)    21.090 MeV    130.099
1084    ( -8 ,  16)    21.106 MeV    128.33
1085    ( -8 ,  15)    21.066 MeV    126.795
1086    ( -8 ,  14)    21.049 MeV    120.419
1087    ( -8 ,  13)    21.049 MeV    123.164
1088    ( -8 ,  12)    20.921 MeV    124.148
1089    ( -8 ,  11)    20.962 MeV    123.723
1090    ( -8 ,  10)    20.977 MeV    121.499
1091    ( -8 ,   9)    20.969 MeV    119.367
1092    ( -8 ,   8)    20.950 MeV    116.138
1093    ( -8 ,   7)    21.131 MeV    118.69
1094    ( -8 ,   6)    21.084 MeV    114.06
1095    ( -8 ,   5)    20.957 MeV    115.334
1096    ( -8 ,   4)    20.905 MeV    112.472
1097    ( -8 ,   3)    20.906 MeV    111.362
1098    ( -8 ,   2)    20.946 MeV    113.943
1099    ( -8 ,   1)    20.969 MeV    109.073
1100    ( -8 ,  -1)    21.000 MeV    110.208
1101    ( -8 ,  -2)    20.948 MeV    105.807
1102    ( -8 ,  -3)    20.978 MeV    108.698
1103    ( -8 ,  -4)    21.000 MeV    106.788
1104    ( -8 ,  -5)    20.927 MeV    108.622
1105    ( -8 ,  -6)    20.930 MeV    107.072
1106    ( -8 ,  -7)    20.884 MeV    108.493
1107    ( -8 ,  -8)    20.994 MeV    103.006
1108    ( -8 ,  -9)    20.927 MeV    103.906
1109    ( -8 , -10)    20.891 MeV    101.759
1110    ( -8 , -11)    20.962 MeV    99.23
1111    ( -8 , -12)    20.905 MeV    94.5394
1112    ( -8 , -13)    20.810 MeV    96.1459
1113    ( -8 , -14)    20.844 MeV    95.5595
1114    ( -8 , -15)    20.849 MeV    94.8924
1115    ( -8 , -16)    20.860 MeV    95.7638
1116    ( -8 , -17)    20.778 MeV    96.9216
1117    ( -8 , -18)    20.857 MeV    94.3817
1118    ( -8 , -19)    20.851 MeV    90.0939
1119    ( -8 , -20)    20.911 MeV    88.3226
1120    ( -9 ,  20)    21.102 MeV    109.882
1121    ( -9 ,  19)    21.144 MeV    105.454
1122    ( -9 ,  18)    21.202 MeV    105.962
1123    ( -9 ,  17)    21.117 MeV    106.002
1124    ( -9 ,  16)    21.073 MeV    108.929
1125    ( -9 ,  15)    21.051 MeV    108.227
1126    ( -9 ,  14)    21.088 MeV    109.025
1127    ( -9 ,  13)    20.974 MeV    107.503
1128    ( -9 ,  12)    21.061 MeV    105.708
1129    ( -9 ,  11)    21.057 MeV    107.807
1130    ( -9 ,  10)    21.009 MeV    104.691
1131    ( -9 ,   9)    21.076 MeV    106.661
1132    ( -9 ,   8)    21.026 MeV    105.891
1133    ( -9 ,   7)    21.015 MeV    106.853
1134    ( -9 ,   6)    21.083 MeV    103.641
1135    ( -9 ,   5)    21.041 MeV    104.364
1136    ( -9 ,   4)    21.062 MeV    102.772
1137    ( -9 ,   3)    21.126 MeV    101.329
1138    ( -9 ,   2)    21.071 MeV    103.161
1139    ( -9 ,   1)    20.970 MeV    103.592
1140    ( -9 ,  -1)    21.033 MeV    100.861
1141    ( -9 ,  -2)    20.916 MeV    98.6783
1142    ( -9 ,  -3)    21.085 MeV    97.8017
1143    ( -9 ,  -4)    20.888 MeV    100.258
1144    ( -9 ,  -5)    21.022 MeV    99.2334
1145    ( -9 ,  -6)    20.999 MeV    96.7653
1146    ( -9 ,  -7)    20.996 MeV    96.5153
1147    ( -9 ,  -8)    20.891 MeV    95.0972
1148    ( -9 ,  -9)    20.908 MeV    93.7131
1149    ( -9 , -10)    20.949 MeV    91.3835
1150    ( -9 , -11)    20.920 MeV    92.6545
1151    ( -9 , -12)    20.879 MeV    94.7427
1152    ( -9 , -13)    21.018 MeV    89.9849
1153    ( -9 , -14)    21.081 MeV    90.4656
1154    ( -9 , -15)    20.906 MeV    90.8163
1155    ( -9 , -16)    20.972 MeV    89.5569
1156    ( -9 , -17)    20.864 MeV    89.399
1157    ( -9 , -18)    20.798 MeV    84.8028
1158    ( -9 , -19)    20.862 MeV    84.1343
1159    ( -9 , -20)    20.832 MeV    84.6728
1160    (-10 ,  20)    21.088 MeV    91.4604
1161    (-10 ,  19)    21.088 MeV    91.2655
1162    (-10 ,  18)    21.036 MeV    90.8704
1163    (-10 ,  17)    21.097 MeV    94.5578
1164    (-10 ,  16)    21.116 MeV    91.3424
1165    (-10 ,  15)    21.014 MeV    92.7263
1166    (-10 ,  14)    21.159 MeV    94.0629
1167    (-10 ,  13)    21.073 MeV    91.4498
1168    (-10 ,  12)    21.163 MeV    91.9348
1169    (-10 ,  11)    20.984 MeV    92.6579
1170    (-10 ,  10)    21.106 MeV    90.1881
1171    (-10 ,   9)    20.972 MeV    92.2301
1172    (-10 ,   8)    21.030 MeV    93.5361
1173    (-10 ,   7)    20.971 MeV    90.642
1174    (-10 ,   6)    20.978 MeV    89.5911
1175    (-10 ,   5)    21.025 MeV    91.1849
1176    (-10 ,   4)    21.102 MeV    92.7673
1177    (-10 ,   3)    21.128 MeV    91.5103
1178    (-10 ,   2)    20.985 MeV    91.1902
1179    (-10 ,   1)    20.945 MeV    90.0129
1180    (-10 ,  -1)    21.013 MeV    87.6436
1181    (-10 ,  -2)    20.991 MeV    89.3347
1182    (-10 ,  -3)    20.909 MeV    90.3101
1183    (-10 ,  -4)    21.032 MeV    90.6682
1184    (-10 ,  -5)    20.989 MeV    89.1795
1185    (-10 ,  -6)    20.931 MeV    86.7137
1186    (-10 ,  -7)    21.033 MeV    86.8071
1187    (-10 ,  -8)    21.002 MeV    88.8905
1188    (-10 ,  -9)    20.902 MeV    86.8481
1189    (-10 , -10)    20.952 MeV    83.4575
1190    (-10 , -11)    20.930 MeV    84.9967
1191    (-10 , -12)    20.949 MeV    87.3143
1192    (-10 , -13)    21.028 MeV    82.9641
1193    (-10 , -14)    21.052 MeV    83.1757
1194    (-10 , -15)    20.991 MeV    81.3056
1195    (-10 , -16)    20.936 MeV    79.8816
1196    (-10 , -17)    20.917 MeV    78.3224
1197    (-10 , -18)    20.945 MeV    78.1829
1198    (-10 , -19)    20.936 MeV    76.6852
1199    (-10 , -20)    20.904 MeV    78.4612
1200    (-11 ,  20)    21.083 MeV    71.9973
1201    (-11 ,  19)    21.175 MeV    71.7622
1202    (-11 ,  18)    21.098 MeV    74.5103
1203    (-11 ,  17)    21.264 MeV    72.1145
1204    (-11 ,  16)    21.215 MeV    73.1891
1205    (-11 ,  15)    21.080 MeV    73.2684
1206    (-11 ,  14)    21.114 MeV    76.8495
1207    (-11 ,  13)    21.059 MeV    74.8822
1208    (-11 ,  12)    21.088 MeV    78.7102
1209    (-11 ,  11)    21.056 MeV    78.7592
1210    (-11 ,  10)    21.122 MeV    77.2289
1211    (-11 ,   9)    21.211 MeV    77.3956
1212    (-11 ,   8)    21.029 MeV    77.9734
1213    (-11 ,   7)    21.026 MeV    77.3873
1214    (-11 ,   6)    20.961 MeV    76.6232
1215    (-11 ,   5)    20.955 MeV    81.6021
1216    (-11 ,   4)    20.984 MeV    78.9714
1217    (-11 ,   3)    20.931 MeV    79.9485
1218    (-11 ,   2)    20.921 MeV    79.9439
1219    (-11 ,   1)    20.906 MeV    76.8306
1220    (-11 ,  -1)    20.997 MeV    78.5159
1221    (-11 ,  -2)    21.052 MeV    78.1888
1222    (-11 ,  -3)    20.944 MeV    76.7366
1223    (-11 ,  -4)    20.843 MeV    78.4046
1224    (-11 ,  -5)    20.945 MeV    75.7364
1225    (-11 ,  -6)    21.039 MeV    78.4383
1226    (-11 ,  -7)    21.015 MeV    78.009
1227    (-11 ,  -8)    20.949 MeV    78.8086
1228    (-11 ,  -9)    20.969 MeV    75.8464
1229    (-11 , -10)    20.896 MeV    77.6324
1230    (-11 , -11)    20.907 MeV    76.3279
1231    (-11 , -12)    20.883 MeV    76.3011
1232    (-11 , -13)    20.885 MeV    74.8911
1233    (-11 , -14)    20.872 MeV    76.5575
1234    (-11 , -15)    20.872 MeV    74.0846
1235    (-11 , -16)    20.881 MeV    73.9325
1236    (-11 , -17)    20.783 MeV    72.063
1237    (-11 , -18)    20.848 MeV    73.2424
1238    (-11 , -19)    20.885 MeV    69.5907
1239    (-11 , -20)    20.887 MeV    74.4396
1240    (-12 ,  20)    21.226 MeV    58.0417
1241    (-12 ,  19)    21.243 MeV    60.807
1242    (-12 ,  18)    21.114 MeV    61.3405
1243    (-12 ,  17)    21.060 MeV    60.9699
1244    (-12 ,  16)    21.131 MeV    61.4373
1245    (-12 ,  15)    21.123 MeV    61.4979
1246    (-12 ,  14)    21.012 MeV    60.209
1247    (-12 ,  13)    21.156 MeV    63.1556
1248    (-12 ,  12)    21.036 MeV    64.9222
1249    (-12 ,  11)    21.023 MeV    64.1771
1250    (-12 ,  10)    21.060 MeV    63.0799
1251    (-12 ,   9)    21.108 MeV    64.9555
1252    (-12 ,   8)    20.967 MeV    65.8374
1253    (-12 ,   7)    21.057 MeV    62.951
1254    (-12 ,   6)    21.132 MeV    66.4116
1255    (-12 ,   5)    21.012 MeV    68.8867
1256    (-12 ,   4)    20.989 MeV    67.6414
1257    (-12 ,   3)    21.048 MeV    66.2194
1258    (-12 ,   2)    20.952 MeV    67.7158
1259    (-12 ,   1)    21.018 MeV    65.326
1260    (-12 ,  -1)    21.084 MeV    66.3191
1261    (-12 ,  -2)    20.987 MeV    66.1012
1262    (-12 ,  -3)    21.066 MeV    66.2976
1263    (-12 ,  -4)    21.051 MeV    68.5465
1264    (-12 ,  -5)    20.905 MeV    70.1083
1265    (-12 ,  -6)    21.025 MeV    68.2811
1266    (-12 ,  -7)    20.824 MeV    68.4616
1267    (-12 ,  -8)    20.991 MeV    67.6841
1268    (-12 ,  -9)    20.922 MeV    67.7608
1269    (-12 , -10)    20.889 MeV    69.6803
1270    (-12 , -11)    20.988 MeV    66.9464
1271    (-12 , -12)    20.913 MeV    66.4595
1272    (-12 , -13)    20.899 MeV    66.4268
1273    (-12 , -14)    20.890 MeV    67.4199
1274    (-12 , -15)    20.822 MeV    64.2602
1275    (-12 , -16)    20.833 MeV    66.0416
1276    (-12 , -17)    20.890 MeV    65.2524
1277    (-12 , -18)    20.878 MeV    67.0033
1278    (-12 , -19)    20.971 MeV    67.2606
1279    (-12 , -20)    20.905 MeV    68.4152
1284    (-13 ,  16)    21.190 MeV    50.1673
1285    (-13 ,  15)    21.014 MeV    51.7398
1286    (-13 ,  14)    21.002 MeV    53.9295
1287    (-13 ,  13)    21.145 MeV    52.5562
1288    (-13 ,  12)    21.020 MeV    53.3899
1290    (-13 ,  10)    21.193 MeV    53.028
1291    (-13 ,   9)    21.138 MeV    53.3385
1292    (-13 ,   8)    20.993 MeV    50.6853
1293    (-13 ,   7)    21.001 MeV    54.8313
1294    (-13 ,   6)    21.150 MeV    54.6357
1295    (-13 ,   5)    21.059 MeV    56.7344
1296    (-13 ,   4)    21.025 MeV    54.5161
1297    (-13 ,   3)    21.040 MeV    56.1631
1298    (-13 ,   2)    21.058 MeV    55.5942
1299    (-13 ,   1)    21.018 MeV    56.2604
1300    (-13 ,  -1)    20.978 MeV    56.0744
1301    (-13 ,  -2)    21.001 MeV    56.5483
1302    (-13 ,  -3)    21.065 MeV    57.9041
1303    (-13 ,  -4)    21.054 MeV    57.3401
1304    (-13 ,  -5)    21.003 MeV    59.2369
1305    (-13 ,  -6)    20.944 MeV    56.5144
1306    (-13 ,  -7)    20.965 MeV    58.9715
1307    (-13 ,  -8)    20.909 MeV    60.5751
1308    (-13 ,  -9)    20.945 MeV    61.5636
1309    (-13 , -10)    21.036 MeV    58.7896
1310    (-13 , -11)    20.952 MeV    57.8012
1311    (-13 , -12)    20.920 MeV    57.8332
1312    (-13 , -13)    20.918 MeV    57.5836
1313    (-13 , -14)    20.851 MeV    56.9996
1314    (-13 , -15)    20.874 MeV    55.7493
1315    (-13 , -16)    20.833 MeV    57.8235
1316    (-13 , -17)    20.805 MeV    60.2947
1317    (-13 , -18)    20.888 MeV    58.8133
1318    (-13 , -19)    20.867 MeV    57.8859
1319    (-13 , -20)    20.882 MeV    55.173
1347    (-14 ,  -8)    21.049 MeV    50.1895
1348    (-14 ,  -9)    20.962 MeV    51.9807
1349    (-14 , -10)    21.032 MeV    50.5998
1350    (-14 , -11)    20.905 MeV    53.5928
1351    (-14 , -12)    20.864 MeV    52.919
1352    (-14 , -13)    21.060 MeV    51.426
1353    (-14 , -14)    20.842 MeV    50.8019
1354    (-14 , -15)    20.840 MeV    53.4479
1355    (-14 , -16)    20.937 MeV    51.6454
1357    (-14 , -18)    20.887 MeV    50.2997
1358    (-14 , -19)    20.839 MeV    51.7853
1560    (-20 ,  20)    20.622 MeV    inf
1561    (-20 ,  19)    22.533 MeV    inf
1562    (-20 ,  18)    22.347 MeV    inf
1563    (-20 ,  17)    21.453 MeV    inf
1566    (-20 ,  14)    28.537 MeV    1.40905
1568    (-20 ,  12)    19.058 MeV    1.5786
